        2        2        0        2        1        1        6        8        0        4        3        4        5        2        6        4        5        6        8        6
        3        3        8        5        4        2        3        2        5        7        6       13        8        6       12        5        6       13       10        3
        6        7        7        4        2       10        9        7        8        5        3        5        8        4        7       11        7        9        5        6
        7        2        9        8        5        4        6        6        5        5        8        6        4        6        4        8        7        3        4        2
        2        5        4        4        3        2        5        5        1        4        1        7        4        5        8        4        0        6        0        3
        0        7        2        3        0        2        0        3        4        2        3        3        3        5        6        4        4        6        3        6
        8        6        9       10        4        5       10        9        6        5       13       11       10        7        6        7        9       15        6        4
        7        9        9        7       12        8        7        9        5       14        7        8        6       11        9        8       12        5        7       10
       10        6        7        8        8       10       15        6        5        3       13        6       12        7       11        6        6        8        6        6
        7        2        4        2        8        8        7        2        3        1        7        8        6        4        2        2        2        2        2        2
        8        2        0        3        5        1        3        8        5        2        1        3        2        7        6        7        1        8        4        8
       10        5        1        2        8        9        5        9        4        3        5        7       11        6        4        8        6        2       10        9
       10       12       13        9       11       10        8       11        8        4       10       10        8        6       10       11        9       12       14       14
        5       10        5        5       10        6       10        8        8        5        6        7        5        6        1        9        6        3        6        7
        5        8        7        5        6        4        3        4        6        6        4        2        3        0        4        4        3        3        4        1
        3        3        3        1        5        4        1        4        5        6        3        5        7        7        2        8        4        6        4        8
        7        6       12        6        5       11        6        1        2        6        8        8        1        8        6        5        8       12        9       13
        8        4       11        9        4        7        8        6       11       10        7       10       13        6       10       12        9        4       10        4
        5       10       16        8        3        8        9       13       10        9       13        7        6        8       11        8        6        5       10        9
        7        3        1        2        4        9       11        4        2        5        3        2        4        2        2        4        2        3        4        4
        1        9        1        1        7        3        3        7        1        5        2        3        5        4        2        4        3        8        5        5
        7        6       11       13       10        4       10        8        4       12        9        5       10        8       10        8        4       11       10        6
       10        9       10       12       11       11        4        6       14       15       11       12        8       12        4        7       14       12        7        8
       10       14       10       10        8       11        7        8        8        6        7        6        3        5        5        5        2        6        9        6
        4        6        1        5        6        3        7        4        5        1        4        3        0        3        3        1        5        3        8        5
        5        2        1        5        0        6        5        6        8        1        5        5        4        4        3        4        3        9        4       15
        9       12        9        4        6        7        6       11        9       13        6        8       10        9       14        8       16       10        9       11
        6       15       13        6       13       13       12       11       11        8        6        9       14        9       15       11       11       11       14        6
       11       11       11       11        9        8        7       12        7       10        8        8        6        6        3       10        4        6       13        7
        5        1       10        7        6        5        7        4        9        4        4        3        2        3        8        5        4        3        4        5
        4        3        1        3        4        2        4        8        4        9        3        2        2        3        3        3        7        5        2        6
        7        6       11        8        4        4       12        6       11        6        7        9       11        6        8       14       13        8       12       11
       12        5        9       12       19       14       12       11       11        9       14        9        8       11       15       14        6       17        9       10
       12       10       10       10        4        4        6        6       13       15        6        6       10        7        9        7       11       11       11        7
        7        4       10        5        1        2        6        3        2        2        7        8        8        8        5        2        2        3        5        5
        4        3        2        2        3        6        4        5        6        4        5        4        3        2        5        8        8        5        6        7
        5        4        9        6        9        4        8        4        6        9        6       14       12        9        8       10        8       13       16       11
       10       13       13        8       12       12       18       14       10        9        7       15        9        6       19       14       11       13       11       10
       15        5       12        6        7       10        8       11       12       10       13        8        6        9        6        6        4        9       11       10
        9        6        3        7        5        7        6        6        3        4        2        7        5        4        4        5        6        5        2        0
        3        3        3        1        7        4        3        4        3        4        9        2        4        5        3        7        3        5        4        6
        6        7        4        5       14       13        4       11        8        8        9       11        9        5       11       14       13       12       11        8
        7       12        9        9        9        9       10       11       13        8       14       13       12       12        9        8       12       15       11       13
       11        8       11        9       15        9        6        7        5        3        3       15        5       11       18        6       12        5        3       11
        2       13        8        7       10        6        4        5        4        3        2        2        5        5        5        7        4        1        3        3
        7        5        9        5        5        8        3        3        4        1        5        6        5        9        3        5        2        6        4       10
        2       10        2        8        7        9        3        7        9        8        8       12        9       13        3        9       13       13       10       12
       14       13        8        8       17       11       26       11       15       14       16       16        9       14       16       16       20       19       13       13
       15       11        9        6        5        8        6        6       11       16        6       15        5        6        7        2        9        3        5       14
        6        6        5        7        7        5        8       10        5        7        8        4        2        3        4        6        7        4        7        5
        4        2        4        3        4        5        7        4        8        8        3        3        7        4       10       12        8        6        4        7
        5       11        6        8       18        6       13        8       12       10        7       11        8       14       11       10        9       16       10       13
       10       16       12        9       11       19       15       12       18       16        9       17        9       14       12       11       15       12       19       12
       14       19       14       13       14       11        8       12       18        6       15       10        9       19       10        6        5       10       11        7
       11        7        4       16        2        6       10        8        5        3        4        3        8       13        3        4        4        5        3        3
        0        5        4        7        2        0        6        2        8        6        3        6        8        4        7        9       12        8        7        3
        6       13       10        7       12        7       13       13       17        8       14        9        7       10       11       17       14       18       12       11
       16       13       13       13       16       11       19       17       18       18       17       25       17       20       18       26       16       15       19       12
       13       14       11       14       16        8        7       11        9       11        7        7        7       12        5       10        6        6       10        9
        8        3        2        6       10        5        6        7        5        8        3        3        2        5        5        2        6        2        4        7
        2        3        3        4        5        7        9        4        9        4        5        7        7        4        6        6        8        8        3        8
        9       15        5        7        8       10       16       10       14       12        8       10       11       13       11       15        8        9       21        8
       15       15       10       17       20       17       17       23       14        8       15       21       12       13       18       19       21       13        8       11
       11       13       16       14       13       12       19       12       10       11       11       12        8       11        6       13       16        7        6        8
        7        9        8        7        8        2        6        3        5        7        4        5        5        3        9        8        2        4        4        3
        6        4        4        4        8       10        5        5        4        7        2        7        3        6        3        7        5        3        9        9
       11       12       10        9       13        9       16        5       15       14       13       17        8       14       11       10       16        6       21       13
       10       19       16       16       14       14       22       20       18       24       18       12       21       20       16       20       17       19       17       16
       11       14       14       13        7       19       12        8       12        9       10        7       13       11       10       12       15       13        5       13
        5       12        6        6        6        6        5        7        6        6        0        7        3        6        3        2        4        8        3        5
       10        6        3        4        6        9        9        5        8        3        5        3        8        3        9        8        6        7        6       11
        9       10        6       17        8       11       10        6       10       11       14       10       14        5       13       18       24       14       16       19
       19       21       16       21       22       18       21       12       14       20       10       25       20       18       19       27       18       13       21       11
       16       12       14       13       12       14       23       11       16       11       15        9       19       14       16       15        7       10        6       12
        4       10        8        4        7        9        9        6        3        4        4        7        5        5        4       10        5        6        3        3
        6        6        6        6        7        7        2       11        3        7       10        8        5        5        4        8        7       12        7        9
       11       11       19       12       10       17       13       10       13       21        8       13       15       18       12       13       18        9       20       20
       19       20       16       20       21       17       23       16       16       16       25       25       13       18       23       16       19       21       18       13
       13       14       13        9       12       17       12       18       15       14       15       10       11       10        6       11       16       14       11        7
        4        9       11       10        8        7        5        6        6        8        3        3       10        7        6        5        7        2        9        1
        3        4        3        5        1        5       11        6        6        5        3        7       12        4        7       10       17        4       12        7
        5        9        8       17        9       12       12       14       16       20       15       17       12       17       22       18       11       11       17       18
       20       13       12       21       20       21       26       23       16       19       17       23       23       22       25       23       28       21       27       21
       17       14       23       17       22       20       13       11       17       16       16       11       10        8        9        6       11       12        8        5
        5        9       14        9        8        8        8        9        8        9       10       10       10        9        3        6        5        3        9        7
        3        7        2        5        2        4        7        5       10        9        6       11        7        5        9        4        8        3        9       12
       14       12        8       10       13        6       11       19       16       19       14       21       18       13       17       15       24       14       23       18
       22       17       18       28       19       22       19       32       22       16       29       25       25       23       21       23       18       26       21       23
       13       25       16       20       24       10       20       21       16       16       14       16       12       24        5        6       10       10       18       11
        5        8        7       13        9       16       11        6        5        3        7        9        7        3        7        8        1        6        5        8
        2        1        7        4        8        8        9        9        4        8        6       13        8        6        2       10        8       10       11        6
        6       10       10       15       17       12       13       16       11        6       18       15       26       14       19       23       33       12       24       17
       21       20       18       20       22       23       19       28       19       29       36       31       17       18       20       22       18       23       18       24
       15       18       21       20       21       17       13       12       16       15       15       14        5       20       14       11        8       12       10        8
        6        7        6        9       10       14        4       10       11        9        5        5        8        1        8        2        8        7        4        2
        7        2        6        8       10        5        4        5        8        2        4       14        5        8        9        5        5        9        7        8
        6       11       12       11       12       12       11       13       16       17       12       16       22       16       25       30       17       26       25       26
       23       24       24       30       26       17       23       23       20       27       31       26       40       22       28       23       28       30       21       23
       24       31       18       14       18       17       26       22       25       20       27       14       18       14       15       23       11       16        6        8
        7       11        7        8        7       11        4        4       12        5        9        8        5        7        4        4        7        4        5        5
        4        4        2        5        5        6        7        4        5       11        4        7        8        5        8        8       11       10       13       16
       11       12       15       17       14       16        9        7       13       19       14       19       19       26       20       24       21       25       34       22
       20       30       25       37       30       32       17       24       29       33       31       36       35       27       28       27       25       27       23       33
       13       24       23       18       23       23       16       26       28       21       17       15       12       16       16       10       15        4       11        9
       12       10       11       12       11       11        2        9        7        5       12        6        4        8        3        8        4        4        4        5
        7        4        6        4        6        7       11        5        5       11        6        9        5        8       11        8       10       10        6        8
       11       18       12       20       22       16       10       24       20       21       21       26       19       30       18       21       24       21       24       28
       31       29       25       24       32       27       34       38       25       23       29       22       28       25       37       29       28       29       21       31
       31       21       21       22       24       18       19       19       13       22       13       21       13        9       18       11       22        9       12       13
        8       12       11       11        8        7       10       10        8        7        6       10        6        6        8        4        5        7        5        3
        4        6        2        6        7        3        9        3        7        7       14        4        7        4       15        5        7       10       13       14
       15       15       12        7       19       13       12       15       18       19       20       19       21       28       28       30       23       27       22       25
       32       28       32       37       32       41       22       31       34       27       31       29       31       40       22       26       26       23       26       29
       27       24       22       24       20       25       21       19       25       15       29       12       13       14       15        3       15       10       13       14
       14       16       12       10       10       10       10        3       16       14        7        8        6        4        5        1        3        6        8        3
        9        5        7        9        8        6        9        9        7        3        6        6        5        7        7        7        8       12       16        9
       19       15       22       17       17       18       15       23       20       21       18       28       30       35       31       24       33       28       25       20
       31       32       34       44       44       27       31       47       41       31       31       34       26       38       41       40       31       30       26       33
       25       28       24       32       31       30       23       23       29       21       18       17       20       17       15       12       12       18       16       19
       19       10        7        9        8        5        9        8        8        6        3        8        3        7        2        3       10        3        6        7
        5        3        4        6        6        4        8        5        5        7       11        4       10        5       10       11       10       15       10       18
       14       10       10       14       13       20       22       17       27       17       20       22       25       31       25       18       32       33       32       30
       40       44       46       47       44       56       35       40       47       36       33       31       35       33       31       30       32       39       26       34
       29       19       30       30       25       29       29       18       20       27       17       21       16       16       18       14        9       11       20       14
       10       14        8        9       17        9       12       13       10        6       12        8        9        1        7        9        5        5        5        4
        7        2        4        4        9        3       10        6        8        7        7        6       14        9       14       14        8        5       16       11
       10       12       14       11       26       18       20       23       18       33       34       25       21       27       17       36       21       28       20       39
       35       41       44       40       49       29       36       31       39       45       47       50       41       41       36       40       44       48       38       29
       29       38       30       31       30       24       29       24       23       25       21       23       24       20       22       19       14       17       15       15
       20       16       10        9        9        9        8        8        5       10        6        9        8        1        5       10        6        6        4       14
        6        6        7        8        9        4        3        6        6       12        8       11        9        9        4       10       10       11       12       14
        8       10       20       12       28       20       24       21       18       18       24       13       29       30       22       38       33       36       56       42
       35       47       32       42       45       47       53       39       59       40       39       57       52       44       46       42       53       44       41       43
       38       26       26       25       29       27       27       23       30       33       30       24       20       14       18       14       20       20       25       13
       11       14       10       12       23        5        9       10       10       14        9        6        1        8        5        4        5        6        1        6
        5       11       11        8        6        2        8        8        9        9        7        9        7       11       10       10       12        4       11       22
       14        7       21       16       22       28       23       27       23       20       17       33       33       25       25       41       27       38       51       52
       37       41       52       40       35       44       51       56       54       53       52       49       45       51       54       51       44       45       39       48
       40       37       36       29       36       44       34       24       27       31       17       22       18       23       19       25       15        6       20       10
       12       14       10       12       16       12       10       12       12       17        6        1        7        6       12        9        5        4        5        5
        9       10        6        5        5        6        8        7       15        8        8       12       13        9       12       10       14       10        8       18
       15       22       17       24       25       23       21       13       14       32       21       25       27       28       30       37       28       33       25       43
       39       43       43       43       40       62       66       72       63       62       58       47       38       44       39       51       55       42       54       51
       34       33       45       45       43       32       56       40       35       27       30       23       21       30       19       21       20       20       13       14
       13       14       15       12       19       14       13        9        8        8        7        7       10        8        8       10       12        6        8        4
        6       12        4        5       10        6        7        9       10        9        9       12        8       13       11       13       23       16       11       12
       26       14       20       30       28       19       22       24       33       30       29       38       42       33       48       38       35       41       47       62
       44       50       49       51       49       60       55       54       72       58       66       69       71       62       58       62       58       44       49       55
       45       44       41       31       44       35       38       29       24       24       28       20       21       16       20       27       17       20       25       15
       11       14       14        6       11       17       12       13       12       10       10        2        9        7       12        5        6        6        8        7
        6        3        6       10        8       12        5        3       13        4        6        7       10       11       15       22       13       13       13       11
       17       25       22       17       26       20       19       34       32       25       28       35       33       36       38       35       39       46       39       53
       58       77       63       67       48       67       64       78       71       75       73       65       67       60       65       53       73       59       66       50
       50       45       41       44       54       41       30       26       33       29       27       25       25       21       34       20       13       19       16       15
       19       12       15       15       16       18       11       15       12        9       16        5        8        8       11       12        6        4        4        0
        8        4        4        1        8        6       12        7        6        8        8       20        7       14        7        7       11       11       20       16
       12       20       22       28       22       30       30       35       24       27       35       38       37       36       47       44       44       46       44       51
       61       62       57       71       65       67       98       82       70       63       58       82       85       69       67       73       63       60       66       48
       46       47       51       65       59       46       50       43       35       32       35       25       29       23       25       20       23       15       19       14
       16       11       13        8       17       14       13       11       11       11        7       11        9       12        5       11       13        4        4        3
        2       10        5       11        7        5        4        7       10       10       11        9       15       10       13       19       19       14       12       24
       21       13       18       20       25       27       32       26       27       25       34       40       44       39       52       52       47       41       56       61
       70       88       68       77       91       71       82       65       84       93      100      103       72       68       65       81       79       73       63       53
       69       67       52       47       40       37       52       46       43       40       34       36       29       18       29       21       21       25       19       19
       14       13       11       16       14       11       13        6       12        9       10       15        4       11        9        9       10        6       10        7
        3       11        5        5        8        7        5        9       12        3       11        7       13       14       19        8       17       10       12       16
       16       28       16       16       25       30       33       31       22       36       43       33       39       48       50       47       53       42       66       58
       78       80       84       69       77       80       83      103       90       92       87       75       82       81       81       99       76       69       71       58
       58       67       61       51       59       46       43       43       44       32       40       34       34       32       20       25       24       27       17       14
       18       24       19       10       13        9        8        7       15        6       14        9        9        7       10        4        5        3        4        5
        6        8        9        9        9       10        7        8       13        5        7       11       10       16       12       20       11       17        9       23
       22       27       31       18       27       28       23       48       23       38       41       33       41       65       47       57       69       61       79       66
       85       65       80       86       71       93      102       96      108      105       97      120       96      132      103       84       87       87       85       62
       69       60       72       54       59       52       49       50       58       35       35       33       45       30       27       25       26       18       29       16
       25       18       12       16       16       13       12       15       12       15        9       14       13       19       13        6        7        9       11        4
        6        5        4        7       10        7        9        5        8       11       11        7       18       12       13        8       21       15       19       15
       20       21       23       25       26       26       37       27       32       41       48       51       39       47       61       56       71       74       74       84
       77       82       98       82      107      100      111      115      113      135      115      107      112      123       92      128       79       96       77       70
       70       88       60       54       58       54       63       56       44       37       38       21       33       21       30       19       28       28       14       23
       15       17       13       11        9       11       17       14       10       11        4       11        8        8        8        9        6        9       10        8
        9       11        6        4        9        3       13        3       11       18       14        6       12        9       12       22       17        8       12       27
       13       28       26       30       21       33       31       25       33       45       47       38       50       38       49       66       80       69       71       90
       76       96      100      109      133      123      140      124      137      143      120      139      114      137      128      109      126      108      116       93
       92       58       86       59       67       57       50       55       51       37       43       41       40       44       30       19       42       26       12       28
       20       16       16       19       18       23       13       16       10       20       13        4       10        9        9       11        6        8        5        2
        6        5        5        7       14        8        6        8       12       14        8       10       15       14       13       12       15       20       15       22
       26       22       21       36       37       27       34       32       39       42       52       55       45       49       65       71       51       90       86       76
       94       99      106      105      119      131      140      142      166      141      127      149      158      160      146      107      125       98       93      106
       93       68       74       80       78       64       54       53       57       41       44       43       32       40       25       26       26       21       28       23
       18       18       27       18       18       17       11       17       14       17       12        8       11        8        9        7       14       10        8        3
        4        9        7        4        8        6        9        5        8        9       12       11       10       15       16       13       23       16       18       16
       26       29       32       31       25       28       25       43       43       42       50       48       57       66       56       58       75       85       94      107
      126      118      107      137      172      154      142      145      186      155      192      169      169      144      167      115      146      138      116      120
      104       87       86       81       73       66       64       66       61       48       37       54       40       38       32       28       33       22       27       24
       12       19       15       21       16        9        5       11       14       15       11       20       13       12        8        6       10        5        8        6
       11        6        5        2        9        8        8       13       11        8       13        5       14       19       11       18       20       27       14       27
       26       23       24       27       23       27       32       46       56       43       51       56       49       61       83       64       73       77       90      131
       94      141      138      158      158      160      159      199      209      185      173      183      188      197      178      153      143      131      113      128
       85      108      124       97       73       66       62       71       52       57       44       42       51       36       34       27       27       24       19       15
       21       19       24       26       22       15       17       14        8        2       13       15       10       11        5       11        8        5        2        3
        9        3       11       11        3       10       12       16        7        9        8       17       14       10       12       22       17       24       20       22
       25       18       22       31       30       59       37       41       34       55       37       55       69       61       78       80       92       95       93      118
      145      145      130      201      172      209      222      205      237      247      242      215      232      239      203      175      158      140      138      139
      111      117       93       83       82       70       56       51       57       50       44       47       52       39       36       37       26       30       29       31
       30       11       20       16       13       14       19       22       18       10        8        8        9        7       10        4        9        7        7        5
        8        6       11        5       11        8        9        6       17       11        9       12        5       10       18       11       25       19       20       20
       21       27       26       29       31       35       34       45       44       50       50       59       56       76       67       75      104      102      129      119
      134      146      180      181      213      216      255      260      264      268      299      268      232      254      203      199      178      179      161      126
      133      122      127       93      108       87       66       81       67       65       44       50       32       41       40       37       24       32       25       23
       16       22       19       26       21       15       19       14       11       11        3        8        5        6        8       13        7        8        7        7
        7       13        1        3        9        8        8       17       13       14       12       17       15       13       16       15       13       24       19       19
       26       16       26       32       28       40       29       41       47       57       48       55       63       85       66       81       90      108      116      125
      145      185      196      226      241      247      266      301      337      335      323      341      320      282      257      226      228      187      179      171
      155      125      101      109       85       72       85       70       68       43       53       47       41       39       36       35       29       20       27       22
       24       27       17       25       24        8       18       18       15       15        7       16        9        9        8        5       10        7        7        7
        2       10        5        8        5        5        8       19        6        7       14       13       11        8       21       17       17       19       22       24
       28       27       22       30       35       26       33       45       55       44       46       55       71       69       64       95       91      132      147      145
      172      206      211      249      238      314      319      384      407      409      409      379      353      359      292      280      254      207      176      182
      141      147      126       84      102       89       75       70       76       59       54       60       36       45       37       29       30       28       27       16
       24       26       16       25       20       19       19       16       12       10       15        8       15       14       12       11       10        6        7        7
       10        9        7        9       11        6        5       14       14       11       14       16       19       10       25       10       14       20       14       17
       26       23       23       41       33       43       35       43       51       44       60       67       59       67       98       79      103      117      144      149
      164      209      201      248      291      311      371      416      513      511      490      469      457      378      338      314      263      241      194      178
      159      133      108      118      109       90       63       78       56       71       38       37       43       36       33       34       41       22       21       33
       19       17       25       17       16       17       15       10       20       12       14       12        7        7        6       11       10        5        6        6
       10        6        6        8       11       14       11        9        6       13       12       19       13       16        9       11       19       18       25       20
       20       20       39       43       31       36       42       38       57       56       61       77       82       88      110       99       99      119      132      168
      202      208      256      274      344      393      476      529      627      614      631      579      489      445      392      365      279      260      216      186
      179      134      139      136      119       87       81       75       68       58       66       50       49       48       49       51       32       23       26       32
       14       19       28       20       12       20        8       11       15       15       16       11        9       15       11       11       10        6       15        9
        4        3        7        3        8       14       11        8        8        8       10       11       16       20       16        9       19       19       38       29
       24       31       28       27       32       32       41       51       45       45       68       58       73      100       98      104      123      134      146      188
      216      243      299      319      372      417      582      689      829      835      857      784      634      555      488      356      313      266      215      183
      175      166      116      129      100       85       79       76       67       59       51       54       61       38       32       41       36       26       39       29
       26       17       27       20        7       18       18       13        9        7       11        8       18        4        5       12       10        8        5        4
       12        6        4        6        7        8        7        5       12       11       14       14       14       10       19       17       17       14       23       22
       26       38       36       28       33       24       44       49       48       51       56       58       62       81      102       93       88      124      169      168
      219      238      307      338      408      549      602      786      978     1166     1178      993      855      583      547      416      342      281      276      209
      185      155      138      116      115       83       93       72       79       67       51       57       49       34       43       37       37       33       28       26
       25       25       26       15       22       13       20       11       11       10        7       11       13       10        5       11        7        9        9       10
       10       10        6        8       10        6        7       10       14       19       12       11       10       16       16       12       16       22       30       15
       32       32       25       28       47       32       45       37       50       72       65       76       74       83       85      120      146      143      150      191
      201      254      310      375      442      573      735      972     1336     1778     1824     1433     1041      738      532      436      381      280      283      208
      143      161      127      122      109       87       83       76       71       67       56       46       43       44       43       40       33       26       27       26
       30       23       17       24       17        9       23       14       18       17        9       11       10       11       13       12        4       11       10       10
        8       10        6        9        9        7       13        8        8       13       11       10       16       14        9       15       19       21       13       31
       36       29       40       38       28       42       44       36       47       59       58       69       69       94       89       86      129      127      156      169
      212      296      301      393      445      555      754     1163     1730     3631     3651     1830     1111      840      616      478      390      309      254      208
      186      166      140      166      118       75       86       82       82       65       60       59       45       42       39       45       32       26       29       18
       27       27       24       23       19       20       23        6        6       21       18       14       11       10       11       10       12        7       11       11
        9        1        6        5       10        8       13        8        9       10       15       10       16       14       13       24       16       25       36       23
       21       29       25       47       27       42       47       47       41       58       65       78       70       83       97      118      108      152      145      185
      239      255      342      392      460      610      745     1159     1816     3960     3782     1840     1142      831      586      441      345      309      260      197
      197      161      127      141      118      101       78       77       62       55       61       54       39       45       43       35       42       33       34       29
       23       19       19       21       23       16       14       10       10       10       12        6       10       15       12        8        8        6       13        6
        9        6        7        6        8       10        9       11        9        7       18       12       16       14       10       13       10       12       14       22
       22       31       37       35       39       43       51       37       59       54       57       77       90       91       88       95      126      144      174      190
      213      257      298      382      496      640      700      984     1321     1753     1915     1409     1021      726      579      451      392      265      235      183
      182      163      135      127      113      108       74       72       59       59       54       59       32       43       37       39       29       30       28       22
       24       23       22       15       24       18       10       17       20       18       16        6       23       12        4        9       12       15       10        3
        7       12        7        6       12       11        7        6       10       14       13       12       12       18       15       19       24       18       22       22
       23       23       37       33       32       39       42       44       50       58       71       91       77       84       77      139      133      132      154      181
      204      267      277      331      439      548      651      803      969     1177     1238     1021      836      620      554      429      348      313      233      242
      164      168      138      123      129       99       94       61       77       58       45       48       43       31       38       42       28       34       38       27
       20       14       22       17       17       22       16       15        9       19       10       17       10       11       14       13       15       12        5        5
        5        7       10        9        8        8       10       16        9       13       24       14       17       16       10       11       12       25       21       23
       20       32       33       30       31       54       52       49       47       63       69       64       88       87       89      102      115      121      162      163
      202      238      246      323      363      456      569      625      758      833      843      767      667      545      453      367      300      274      232      195
      183      141      131      146      102       90       84       70       87       65       59       56       53       32       28       30       27       25       28       32
       28       25       15       17       22       16       12       13       19       14       12       14        9        6        7       10        5        7        5        7
        9        6        7        6        7       11        9       11        9       14       15       15       16       14       13       15       17       18       14       26
       21       27       34       30       33       49       40       57       50       42       46       65       67       97       98      128      123      117      150      151
      194      223      245      319      317      399      469      494      584      628      631      573      504      475      385      316      302      260      221      171
      175      163      141      128      112      100       67       76       63       90       54       38       50       45       35       40       27       26       30       24
       21       22       20       28       24       16       13       19       10       11        9       12        7       15       12        8       10        5        8        8
        6        5        2        6        8        8       10        7       11       11        7       15       17        7       11       21       18       27       15       28
       29       31       30       22       30       29       39       46       57       52       50       65       61       74       73       83      115      125      126      151
      171      221      228      270      281      338      437      522      461      516      540      469      466      392      357      290      267      258      202      195
      188      158      128      115      138       78       78       90       70       51       57       50       42       42       36       27       23       33       13       28
       18       20       17       21       14       11       10       14        9       23       20       12        9       12        6        4        8        7        9        3
        6       13        6        3       13       12       10        3       13        8       16       16       12       12       18       10       17       24       25       27
       19       34       23       32       52       25       32       34       42       51       52       62       76       71       84       98       97      118      119      143
      178      183      224      260      255      306      348      369      366      448      390      406      334      359      284      322      246      240      183      204
      142      125      110      107       86       79       68       85       58       72       49       57       50       42       30       31       31       23       16       32
       25       20       16       17       17        7       20        7        6       15       10       14       12        8        9        9        8       10        4        9
        8        7        9        5        9       12        6       13        9        8       15       15       13       12       13       17       12       19       26       25
       31       27       22       31       36       42       26       39       47       44       66       69       66       67       81       91      111      116      102      139
      141      194      197      220      230      250      289      314      306      299      343      353      315      272      281      253      195      176      165      166
      152      113      115      111       87       76       62       74       62       48       47       50       46       34       31       49       30       21       27       21
       17       19       22       16       18       14       15       13       13        5        9        4       11        8        5        6       14        6        7        5
        8        6       11        7        7        5        8        5       10        6       13       14       10        8       12       21       25       15       29       34
       19       28       24       28       30       52       36       41       40       53       56       51       70       64       68       72       86      101      123      140
      147      165      176      193      234      223      225      233      293      274      272      292      270      235      225      217      212      179      140      152
      124       93      108       98       75       87       95       63       59       51       63       59       40       32       35       30       32       25       22       31
       17       16       17       17       12       14       16       14       13        9       15       12        8       10        7       10        5        8        3       12
        5        5        9        4        8        7       10       15       18       16       13       11       22       25       17       15       15       16       23       18
       23       27       32       29       29       37       32       42       51       44       53       66       50       65       48       77       78       92      115      108
      136      139      161      160      191      212      221      216      228      264      242      218      207      242      214      179      180      163      144      150
      127      109       93       83       70       89       76       66       60       59       62       42       24       39       49       37       31       22       24       29
       29       12       20       22       20       19       16       13       10       11       18       10        9        6       16        9       12        6        5        6
        1        8       10        9        6        9       10       11        9       20        7       17       20       17       14       16       25       17       22       21
       22       22       21       23       24       34       38       38       28       42       48       51       58       61       76       91       80       92       97      106
      105      125      143      158      165      171      193      197      187      205      229      199      209      202      190      177      158      155      141      130
      103      110      111      109       71       74       73       66       51       48       35       47       39       39       27       36       34       24       24       29
       15       12       22       25       19       20       10       12       16       13       10        5       12       14        8       11        8       10        5        7
        8        9       11       15        9        9       15        7       16        7       12        9       15       24       13       12       14       14       22       19
       25       24       20       29       23       28       26       39       36       42       51       64       61       58       73       68       79       96       82       96
      101       99      116      134      149      182      177      162      159      185      178      182      167      179      176      191      129      141      136       98
       91       86       97       87       77       64       74       56       44       53       33       45       38       34       25       35       37       26       27       23
       12       18       19       14       13       16       24       10       14       15        9        5        9        4        5        6        4       10       10        5
       11        4       12        6       11        7       11       12       17        8       16        9        9       11       12       20       21       21       16       14
       32       22       17       33       26       25       40       34       51       49       53       54       54       62       68       58       63       71       92       86
       97      108      133      140      122      135      157      151      135      168      159      131      150      159      133      149      122      104      132       95
      104       92       68       72       66       63       50       52       53       38       47       32       48       33       34       33       19       21       24       28
       24       22       16       15       16        8       13       12       12       12       22       14        9        8       10       10        6       12        5        8
       10        6        5        9        8       11        9        6       10       11       18       15        6       20        9       19       16       16       16       20
       25       28       26       18       32       32       47       24       44       26       53       49       55       59       56       51       62       86       75       78
       92       96       90      116      132      144      142      117      138      156      142      120      125      115      136      115      131      113      104       91
       90       90       70       64       63       71       63       51       51       46       41       25       30       30       26       20       29       17       25       21
       25       17       19       18       15       14       14       10       17       13        7        5       10       10        7        9       11        8        8        4
        4        8       11       11        5        7        8       12       10       14       12       16       13       12        6       18       14       14       13       20
       21       25       22       25       31       39       41       37       41       34       66       68       38       46       53       56       73       82       71       82
       96      105       89       99      107       83      133      122      121      111      114      132      124      124      103       95       86      113       92       89
       73       80       66       64       65       62       53       40       38       58       45       47       34       40       21       20       26       25       20       18
       22       24       19       11       10       20       11       12        9       14       10        8       12        9       12        7       14        8       10        7
        6        8        6       10        6        6        7        7        9        7        9        7       15       11       18       14       21       20       18       22
       12       20       22       21       21       25       31       27       40       39       38       38       53       50       46       50       51       61       64       65
       89       77       85       90      114      119       97      107      123      129       95      103      133      105      107      105       92      121       80       74
       86       70       65       52       49       51       43       45       58       47       40       40       25       39       27       18       31       20       30       21
       17       16       14       16       14       16       11       10       11       12        8        9        9        7       10        8       10        6       10       11
        4        3        1        3        7       10       10        9        8        6       10       13        7       11       12       14       19       19       17       34
       16       26       20       25       31       27       29       36       30       42       35       38       33       37       44       60       78       56       88       72
       84       82       88      103       86       94       92       93       88      105      101      116       87       91       91      101       71       91       89       72
       66       42       59       66       46       71       63       49       40       35       29       32       28       29       34       26       17       18       27       13
       16       18        7       13       12       15       14        5       11        4        9        9        5       10        7        8        9        3        3        8
        2       10       11        4        7       12        4        6        6       10        8        6       10       16       20       12       17       24       21       26
       26       28       27       25       35       28       41       38       30       25       34       44       40       50       43       53       59       56       52       60
       70       47       67       77       87       94       90       95       86       79       78       68       66       77       83       79       79       73       58       51
       74       65       57       44       40       53       48       32       39       41       36       37       37       21       21       13       20       22       27       20
       22       20       17       17        8       17       16       10        5        7        6        5       11        5        6       10       10        8       14        6
        5        4        8        6        9        5        5        9       10        8       14        9       11       11       16       19        8       19       12       24
       25       14       22       24       33       26       24       29       30       28       34       33       42       44       42       41       37       51       62       50
       79       73       76       72       65       81       74       73       80       83       83       66       56       61       49       87       64       62       71       69
       51       44       49       56       42       43       34       39       31       35       41       28       40       26       28       34       36       34       23       20
       20       19        9        6       11        4       18       11        8       12        4       12        5       10        8        5        8        2        4        3
        3       11       11        2        9        4       10        8        7        6        9       12        7        8       13       14       10       12       17       14
       18       19       17       27       25       28       22       31       21       26       38       40       39       36       36       44       49       52       60       48
       48       67       81       61       53       65       66       60       69       54       75       55       52       72       68       85       61       68       57       64
       48       42       56       41       47       52       29       31       27       23       28       31       30       26       27       21       22       26       21       20
       21       12       10       14       12       15       16        9        9       12       10       11        6       12        9       11        3       11        8        5
        6        5        5        6        7        6        7        9        7       15       13        4       18        8       11       12       15       14       16       16
       18       20       10       15       17       28       25       22       20       32       27       34       42       32       45       48       43       48       55       58
       49       70       41       60       47       54       55       62       72       54       61       76       61       59       60       74       58       56       55       50
       48       54       51       46       52       30       38       43       32       37       36       26       20       17       32       26       31       23       14       12
       18       15       11        8        9        7       15       13       12       10       10       11        3       12       11        7        7        7        3        4
        5        4        9       11        7        7        9        3       12        5       15        3        9        9       10       15       15       16       13       16
       16       11       16       18       19       16       19       24       28       22       27       26       37       38       32       37       37       33       36       47
       46       52       45       62       51       48       67       57       59       55       66       64       66       61       61       59       52       45       67       50
       40       44       44       34       39       41       34       46       29       22       31       25       18       17       22       16       13       20       12       20
       16       17       12        9       16        9       10       12        3       13        8        9        8        8        4        2        5       10        5        3
        2        8        6        6        9        8       14       10       12        7       13        7        8        7       11       12        5       12       12       14
       15       19       25       16       17       23       19       29       23       28       25       20       35       37       29       40       44       30       34       39
       48       36       51       56       41       66       48       57       44       46       58       52       55       49       45       51       45       55       53       41
       34       43       46       30       47       43       44       33       26       24       31       26       20       26       23       10       17       22       20       14
       15       13       11        8        9       12       11        9        9       11        5        7        7        3       10        6        7        4        3        3
        3        3        9        3        6        9        6        6        4        8       10       12        8        7        7        8        9       12       12       13
       12       23       13       19       19       22       21       22       25       22       34       27       24       37       23       39       30       33       36       29
       37       40       38       49       42       46       46       51       53       39       47       48       46       47       50       47       44       38       36       26
       50       42       38       28       39       29       27       38       22       28       23       29       20       34       14       19       20       12       24       18
       15       24       14       13       12       15       13        9       10        9        9        8        6        2        5        6        2        9        5        2
       11        4        5        4        1        6        9        4       12       13       14       10        9       10       12       10        9       13       11       12
       16       18       12       19       16       22       23       15       21       25       15       15       33       36       29       37       41       40       32       38
       40       37       31       43       41       42       43       54       43       40       33       35       49       46       54       37       41       38       51       32
       45       34       33       25       27       27       29       23       30       27       24       21       24       19       15       22       15       13       16       19
        8       12        6       11       16       10       11        9        5        7        5        5        8        7        1        5        9        9        6        3
        3        2        0        5        8        4        5        6        8        9       12        8        4        9       14       13       13       18       17        8
       12       12       11       12       10       23       14       25       19       20       35       40       36       31       34       25       29       32       30       42
       30       33       31       38       34       47       33       43       38       44       32       41       39       34       54       42       30       27       38       35
       28       33       28       30       28       31       15       21       22       29       19       14       22       14       26       15       13       15       16       14
       11       15       11       16       19        7        5       13       10       13        4        8        5       15        4        8        3        8        4        9
       12        5        4       10       12       13        7        4       17        6        7       12       13        6       12        6       13       12       15       12
        8       19       13       12       16       19       20       14       16       18       25       23       22       22       27       21       26       31       32       30
       26       31       36       29       37       27       30       35       37       34       35       26       36       35       29       37       41       35       38       30
       24       29       35       34       18       22       22       16       24       22       21       19       20       16       30       16       15       21       15       16
       14       20        8       14        9       10        9       10       12        6        8        5        7       12       13        3        6        4        7        3
        6        3        3        9        4        6        5        5        5       10       11       11        5        9        3        9        7        9       13       11
       15       12        9       19       22       12       16       18       14       20       16       16       27       31       22       25       19       23       33       30
       28       38       33       29       32       25       34       32       34       50       33       38       34       42       26       14       38       35       22       34
       34       39       34       31       24       18       23       17       19       25       26       18        9       14       14       13       19       11       18       22
        8       15       14       17        9       11       13        7       11        7        6       11        7        5        5        6        8        7        3        4
        2        9        9        2        4        7        7        8        4       12        6        9       10        8        7       12       12        7        6        9
       11       15       15       14       12       13       19       10       21       29       20       32       19       19       22       21       28       37       31       28
       29       31       29       21       38       34       45       28       31       31       51       45       35       35       25       38       30       28       35       31
       39       41       20       27       20       24       20       22       13       21       10       12       22       18       15       12       19       14       16       12
       17       13        6       12       15       10        7        8       15        6        3        5        4        4        9        6        3        2        3        8
        6        4        5        7        3        6        6        5       10        6        6        5       17       13        7        9       10        9        7       14
       13       14       19       13       18       11       20       15       14       14       22       15       24       22       35       26       19       24       25       26
       29       29       23       29       37       35       28       23       24       27       38       24       33       24       25       28       24       22       25       26
       21       23       30       29       12       23       20       20       26       27       16       19       13       16       17       10       10       15       12       13
       15       14       13        9        6        5        8        9        7       13        1        9        9        9        6        7        6        3        5        5
        4        5        4        5        3        4        6        3        6       10       14        4        6        6       10       10       18       11        8        7
        4       15       15       12       10       11       10       17       14       13       20       20       23       20       30       13       20       26       21       26
       22       33       26       13       37       27       36       21       25       20       32       21       26       24       19       27       21       22       13       30
       25       26       20       19       18       20       12       15       18       20       20       13       20       14       19       16        8        8       14       16
       11        5       13        9        5       17       17        7       10        7        9        1        6        3        5        2        5        3        7        1
        5        0        5        4        5        6        3        8        6        8        8        4        9        7        6       14       11        6       10       11
        8       12       16        9       13       16       17       13       20       16       21       20       21       14       19       22       28       13       23       25
       24       34       32       24       22       33       24       21       28       20       16       25       25       24       29       24       19       24       19       19
       17       29       22       30       25       18       16       19       14       17       17       15       13       14       10        9        8       10       13        9
       10        8        7        5        7        7        6        6        6       10       10        4        8        3        7        5        4        4        4        5
        5        6        6        5        3       10        7       11        5        7        6       13       10       12        7        6       10        8        7        8
       14       12       11        9        9       13        6       11       12       16       10       18       16       25       20       23       26       20       12       31
       24       18       23       19       21       16       14       23       27       17       21       12       21       22       20       25       25       21       21       13
       27       17       22       20       28       23        7       21       11       10        8       15       11       13        9       11       14       13        9       13
       11        9        7       11       12        6        7        7       11        7        8        7        9       12        3        5        9        5        8        4
        5        7        1        3        3        7        9        7        7        5        4        2        4       12       12       10        8        8        5        9
       10       21        8       17       13       19       12       12       10       11       14       12       17       16       22       12       19       17        9        8
       19       25       22       20       13       23       16       23       18       21       31       18       21       17       23       20       19       25       21       17
       21       22       22       19       16       13       15       13       11       17       15       14       14       23       18       14       10       12       11        8
       10       10       12       15        5        5        7        7        9        8        6        6        8        5        7        4        2        6        2        3
        7        2        6        7        7        3        6       12       10        4        8        2        7        5        6        4        8       12       10        9
        8       17        8       15       14       11        8       15        9       14       17       20       12       14       12       19       20       20       25       11
       15       19       20       14       29       28       26       24       25       21       18       19       12       16       24       22       18       15       17       18
       23       14       23       15       11       14       11       14        7        7       14       15       17       11       18       17       20       10        4       10
        9        9       11        4        4        4        3        6        6        6        6        7        6        3        9        3        7        5        6        7
        7       13        6        6        7        5        2        5        2        3        3       15       11        7        3        5        8        8        9       14
        8        4        8       12       11        8        7       19       13       13       12       21       15       14       14       15       26       19       18       23
       10       22       18       22       21       16       21       14       13       20       23       29       16       16        8       19       15       19       13       23
       12       10       18       11       17       13       17       22       16       13        8        9        8       14       14        8       11       10        5        9
        4        7        6        8       11        7        5        5        6        5       14        8        5        7        3        5        6        2        1        2
        1        4        3        6        4        6        4        5        8        5        6        8        4        6        7       11       13        7       10        8
        8        8        9        8        4       15       18       14       12        9       16        8        9       10       10       14       15       16       13       19
       18       20       18       16       12       20       24       24       15       13       23        6       14       16       12       24       18       10       19       11
       15       18       15        8       15       14       12       16       11       17        7       12       11        8       10       15       11       10       12        6
        4        7        8       11        7        9        9        6        7        6        7        7        6        0        3        3        5        9        7        7
        5        2        5        4        4        5        8        4        3        4        8        4       13       10        9        8        4        5       12       15
       12        3        7        4       14        6        8        8       18       14       16       14       17       15       11       13       16       12       15       19
       16       13       26       14       20       18       20       12       21       10       14       18       17       14       12       15       22       21       11       17
       11        9       24       18       13       13       14       16       15       14       11        7        8        9        8        6       18       12        8        8
        9        3        6        6        3        8       10        4        5        7        6        9        7        5        7        4        3        8        4        4
        1        1        4        4        8        5        9        6       10        9        2        5        7        6        8        4        7        9        7        6
        4        8       10       11       10       13       10       11       12       16        7       14        6       15       12       12       14       13       11       15
       12        9       13       23       13       16       10       20       11       15       17       11       18       10       16       14       16        9       17       13
       11       19       10       18       15       13       14       12       13       21       16        8       11        9        9        7       11        5        7        9
        7        5        9        8       11        7        8        5        9        5        8        4        4        4        4        4        3        1        5        3
        4        2        2        5        6        1       10       10        6        2        3        9        8        8        5       12        7        7        6        8
       10        6        8        6       10        7        6       11       10        8        8       13       10       11       15       18       13       24       10       10
        8       15       18       15       12       19       11       19       10       18       14       15       19        8       10       20       16       17       11       17
       11       16        7       13        9       14       12       13        9       16       10        5        4        7        8        7        4       12       14        5
        3        3        2        6        4        5        5        7        6        3        7        7        5        6        6        2        6        5        4        4
        2        3        2        3        3        5        4        7        5        3        3        7        7        5        9        5        6       11       11        4
        5       12       14        9        6        5       12       13       11        8       14       17       11       12       10       10        8       12       11        7
        7        8       12       11       14       17        9       17       22       25       16       19       12       17       10        8       14       18       13       12
        6       11       11       17       12        9        9       18        9        7        8       10        4        8        5        8        4        9       14        9
       11        8        5       11        7        5        3        4        7        4        9        6        6        6        1        1        3        3        2        4
        2        3        2        1        2        3        7        5        2        3        5        4        6        5        7       10        4       10        9        6
        3        6       10        4        6        6       13       10       16       13       12       11       17       10       13       18       11       16        9       14
       11       12        9       16       15       17        8        9       15       11       12       15        9       14       17       16        8        8       10       13
       10       14       12       10       15       16       10        9        9       14        4        7       10        6        6        6       10       10        7        6
        9        8        2        6        3       10        4        7        7        5        6        4        4        2        4        3        2        2        4        3
        3        8        4        6        4       10        5        1        5        5        3       10        6        4        6        5        8       10        9        9
        7        6        8        8        3       11       14       14        3       10       14        9        8        8       13        9       11       10        8       14
        9       13        8       13       11       17       14       17       15       16       13        8       14       13        9       12        7       15        5        9
        7       10       14        8       10       15       10       11       10        5        9        9        6       11        8        7        9        7        7        5
        6       11        5        2        6        4        5        5        5        8        6        5        3        4        6        4        6        5        5        2
        3        6        6        4        4        2        3        4        7        4        2        2        5        1        6       16        7        1        7        8
        7        8        9        5        4        4        9        7        3        8        5       13        5        9        9        7        9        2       10        9
        8        7       15        7       10        4       13        8        8        8        9        8        7       10       12       12        7       15        8        7
       10        9        8        8        9        5       10        7        9       12        6       11        8        7       10        6        4        7        4        4
        4        7       10        9        2        5        2        2        2        4        4        7        4        4        4        2        3        6        4        4
        1        1        1        8        5        2        4        6        3        7        4        9        5        6        7        7        6        7        9        5
        8       10        9        2        4        8        1        5        5        5       12        9       16        8        4        8       10        6       13       13
        5       12        5        9       13       16       16       17       12        9       18        3       10       17       12       10       15        8       12       16
       13       13       12        9       10        7        3       11       12       13        6        8       12        4        8        3        7        6       11        9
        8        9        5        9        5        9        6        2        5        6        1        2        3        2        3        1        0        2        4        3
        2        1        3        2        3        2        4        5        4        2        6       10        8       10        5        6        7        6        6        5
        8        5        3        8        6       10        5        0        3        8        8       10        8        8        9       10        9       12       13        6
        9       13       12       11       14        3        8       13       10       18        4       10        7       12       10       15        8       10       10        7
       10        9        7        6        8        7        4        6        4        6       14       14        9        9        6        8        8        7        7        6
        2        7        4        7        7        4        6        0        5        1        3        2        2        3        3        3        3        2        2        2
        5        3        6        2        3        3        7        8        5        5        2        3        2        5        3        2        4       10       10        2
        8        7        4        7        5        3        7        8       11       11        6        5        6       13        8        8        6        7        9       11
        4        6       10        7        5        8        9       10       10       11       13        6        6       10       12        6        5        9       18        5
        4        6        9        7        8        7       10        9       10        8        4        2        6        5        5        5       11        7        5        4
        4        2        7       11        3        5        2        9        3        3        1        3        3        3        8        3        5        5        3        5
        1        8        2        0        4        3        9        3        7        3        3        2        2        6        9        8        8        7        6        1
        4        1        5        7        9        7        6        5        7        8        8        9        9        8        6        6       10        9        8       10
       12        4        6       12        9        6        7       12        5        6       12        7        8       12       11        3        8        5       14        5
        7        5        2        8        9        3        4        4        6        4        5        8        7        4        9        6        8        5        9        4
        6        7        3        6        4        5        2        5        3        4        2        2        4        2        2        3        0        0        1        3
        3        3       11        4        3        6        2        7        4        4        6        4        2        6        4        4        4        5        0        5
        8        7       10        6        7        8        8        4        5        6       11       10        8       12       10       11        9        4        8        7
        8        7       11       12       10       12       11        9       11        7       12        6        9        9        4       10       11        7        7       10
        7        7       10        5        8       11        6        5       10        8        4        5        4        7        3       11        9        5        6        3
        5        3        4        1        7        4        7        2        3        4        6        1        2        2        3        1        2        3        2        0
        5        3        2        3        5        2        5        3        2        4        2        4        3        3        3        8        2        4        2        6
        1        1       12        8        3        5        3        4        6        8        7        6        8        8        6        7        7        7        5        8
        7        6       11        8        3        6        7        6       10        7        4        4        6        7        7       10       10        1       10        6
        5        4        5        8        4        5        7        3        7       11        8       14        4        2        8        7        3        7       14       10
        4        5        2        4        4        2        4        4        7        4        2        5        2        1        2        3        2        1        4        4
