        2        5        5        2        5        3        4        1        3        4        5        4        3        4        8        4        5        1        1        5
        5        2        5        7        5        8        4        6        5        4       11        9        8        7        9        4        5       10        2        7
        9       11        5        6        7        5       10        4        9        8       11        9        9       10        9        6       15        8        7        6
       12        6        5        3        3        3        4        8        5        6        4       12        6        6        6        4        7       10        1        3
        8        1        2        3        1        5        5        4        3        4        4        4        5        7        3        2        1        3        0        3
        2        2        3        1        3        4        3        5        5        6        2        5        2        7        3        4        6       11        5        5
        9        4        9        7        9        8        5        8        7        5        4        6        9        8        7        6        4       13       12        5
        6       14        5       11        6       13        6       13        8       10       10        6       12        9       12       15        9        7       12        9
        7        5        6        9        7        7        6        6        6       11        4       11        4        5        5       10        2        6        4       10
        8        6        3        6        4        7        1        3        3        5        2        3        6        4        4        2        4        4        3        2
        4        3        3        2        2        2        5        3        4        6        5        4        2        5       10        5        6        7        5        9
        5        6        1       11        5        8        3        6        8        7        6        8       13       12       10        8        7        6        5       14
        7       18        7        8       13        7        3        9        5       10        7        4       11       10        8       12        8        7        8       11
       10       12        4        8       15        8        6        8        6        7        6        8        2       11        8        6        6       11        6        4
        4        5        6        3        7        3        7        2        5        2        4        5        3        3        2        1        4        3        3        0
        3        3        4        1        4        3        3        3        8        2        3        4        4        6        9        8        3        5        4        6
        3        5        4        5        6        5        4        6       10        6        6        6        7        8       12       15        7        8       11        7
       15       11        6        8        9        8        8       10        7       14       10        4        8       10       10       14        9       10       13        4
       11       12        7        5       10        9        9        6        6        8        9        7        5        8        5        3        8        2        6        8
        6        6        5        8        8        4        6        8        1        5        3        6        2        5        4        1        2        2        3        1
        3        7        6        4        2        4        1        6        8        7        2        4        9        5        2        0        5        5        7        2
        4        5        6        9        3        8        5        9       10        8       12       10        7        5       11       15       16       11        5        9
       13       17        6       13        7       14        7        8       12       13       12        9       16       11       12        8        9       10        6       12
       16        4       15        8        8        8       11       14        9        8       12       11       10        8        6        9        5        4       11        4
        9        4        6        4        2        7        2        7        4        4        6        3        2        2        4        4        1        5        5        3
        2        4        5        2        2        2       10        3        2        2        2        6        5        3        2        5        3        1        6        6
        3        5        6        6       11        8        9        8        7        8        7        7        7        9        8       10        8        8        7       10
       15       13       12       10       21       15        8       10       17       21        9        6        9       14       12        8       10       20       16       15
        9        5       13        4       10        9        8        9       12        9        6        6       10        8        9        7        3        5        9        3
        9        5        3        7        5        3        1        7        4        3        4        5        2        2        5        2        3        3        3        3
        3        2        3        2        3        1        4        3        5        2        8        7        2        6        2        7        6        4        5        3
        6       11        4        5       13        4        9        4        3        9       10        7        7       13        9       10       11       14       10        7
        7       19       10       11       15        6       17       12       15        9       11       13       24       13        9       14       11        9        7       15
       12       12        7       10        8        7       13        7       15        9       13        9        7        8        8        5        7       13        7        3
        5        7        8        3        5        7        4        6        4        4        5        8        2        4        3        3        4        3        3        2
        3        3        9        4        4        2        7        5        7        7        5        6        5        3        6        4        2        9        5        7
        8        7        9        5        4        4        8        8       12       13        9        7       10        9       18        8        8       12       13        8
       15        5        7        9       12        9       14        8       11       12        9       14       14       11       11       12       11       13       14       10
        8        7       12       14        5       13        4        8       14        5        5       13        5        7        8        5       10        6       11        7
        4       12        7        3        5        4        5        4        3        7        2        4        6        2        4        2        2        5        1        2
        2        0        5        4        3        7        3        1        4        6        5        5        2        4        2        5        6        6        8        9
       11        7        5        5       13       14       16       11        7       10        9       10        7       12       12        9        7       11        9       19
       12       19       14       11       12       13       18        8       16       16       17       12       14       16       16        8       15       14       12       16
       17       14       12       11       13        7        8       12       13       13       14        9       15       10       11        8        4        7        4        7
        6        8        5        7        8        6        5        5        5        5        8        1        4        6        1        0        1        5        4        0
        5        6        7        0        5        4        0        4        1        5        5        7        7        6        3        6        9       11        9       12
        9        7        6        6        6       11        8        6       11       17        8       12        8       12        5       10       11       11       11       13
       15       11       13       11       13       17       13        5       31       20       18       15       24       14       12       10       14       20       15       23
       10       22        8       10        9       11       12       10       12       15       11        8        9       13       10        7        6        7       12        7
        7        8        8       10       10       10        3        6        8        9        5        4        3        1        5        9        3        3        5        4
        2        5        5        7        4        3        3        9        4        4        5        8        6        6        3        8        9        9        7        8
       11       11        6       12       11        8        9       14        6        6        8        6        9       13       12       11       16       16       18       12
       11        9       13       21       17        8       21       13       10       13       17       12       16        6       12       16       16       13       12       15
       10       13       11       13        9       11       13        9       10       17       12        6        5        8        6       10        8       10        6       10
        9       14        6       11        8        4        8        2        2        2        5        8        6        7        5        0        4        6        2        3
        1        3        3        5        3        6        7        7        1        6        9        7        8        5        3       12        7        6       15       11
       15        5       13        8        7       12        7       13       11       13       16        8       18       18       16       13       14       17       10       12
       12        6       12       19       17       18       14       20       13       16       13       20       17       17       17       13       17       18       10       24
       12       18       22       16       16       16       20       17       14       17       16       16       13       12        6        4        4       15        8        9
       13       12       13        8        8        3        6        4        9       11        6        9        2        3        4        5        7        3        1        3
        5        3        3        5        4        8        7        4        2        3        9        4        5        8        7        9        6       11       10        7
        9        4       12       13       11        5        7       15        8        8        8       12       12       19       13       18       13       20       17       18
       16       18       15       17       21       23       18       15       21       14       15       22       20       17       24       19       20       18       14       10
       23       18        7       12       12       13       17       11       20       13       11        9        9       11       12       10        7        9        3       10
        5        7        9        9        8        4        4        2        8        4        6        1        9        3        6        5        4        3        1        3
        5        2        4        8        3        2        4        5       10        6        7        9        3        6        5        9        8        8       10        8
       10        6        7       10       11        7       11        9       12        3        9       17       15       16       16       14       14       17       17       19
       19       21       10       27       20       18       17       17       16       19       28        9       19       28       14       19       17       15       17       13
       24       16       18       18        9       14       19       16       10       13       11        6        7       15       10       14       14        5        6        8
        3        5       10        6        8        6        4        5        7        4        5        6        3        3        6        3        0        2        1        6
        5        3        4        7        6        8        3        3        6       11        5        5        8        7        6        5        5        6        8       13
        6       12        6       13        7       10       17       15        5       10       17       25       19       12       15       17       20       20       18       28
       28        7       17       15       19       21       14       16       36       16       26       21       25       25       14       21       20       18       19       21
       14       21       26       20       19       13       15       16       13       19       16       12        7       16       11       12       19       10        8       11
        8        9        9        5       11        4        5        5        1       12        5        6        9        6        4        5        2        4        6        5
        3        6        6        7        5        6        6        5        3        7        6        7        6        6        6        8       13        8       13        5
       12        7       16       10       14       15       17       10       10       12       20       13       14       16       12       18       25       20       16       18
       25       25       24       31       23       18       23       16       29       22       27       16       18       23       23       23       22       23       21       19
       23       16       21       23       23       14       20       12       13       14       18       12       12        7       13       10       16       16       13       12
       12        4        4        7        7        8        4        8       10        6        6        5        5        6        9        4        0        6        3        2
        6        4        7        8        3        8        9        6        3        4        9        5        5        5        4        4       17       11       15       11
       10       12       12       10       15       12        9       18       23       11       11       20       16       17       19       14       16       14       20       22
       18       18       26       15       19       33       29       25       24       27       22       27       28       25       26       27       21       22       22       24
       31       24       20       11       18       15       17       24       17       18       24        9       15       10       14       10       11       11        9       11
        9        4       13        7        9       11        7        7       10        8        8        8        9        5        7        7        5        5        6        7
        5        9        5        5        5        5        1        6        3        7        8       19        8        8        8        7        7        5        6       10
       19        8       12       11       14       14        8       20       16       12       17       14       18       13       15       27       26       22       32       23
       18       23       24       20       20       31       33       24       26       30       23       16       26       23       22       23       26       33       25       20
       24       23       21       24       24       28       24       18       14       10       12       15       16       10       14       13       14       12        7       12
       12        7        4        6       11        3        7        7        7        3        4       10        4        7        8        7        3        4       12        4
        6        7       13        5        9        3        9        9        7        4       12        8        6        5       10        7        6       13        8        9
       12       13        7       12        8       11       14       21       15       13       25       19       18       17       25       23       23       25       30       20
       20       17       18       31       25       23       39       30       28       24       19       28       26       31       32       31       24       16       22       25
       28       29       23       23       16       17       21       22       15       17       11       11        9       17       18       13       14       12       11       19
       15       20        6       13       16       11        6        6        8        6       11        8        3        8        8        6        5        6        5        7
        5        4        8        7        4        8        4        8        3       13       10       10        9        8       14        5        6       12       18       13
       18        7       20       13       18       14       26       12       21       17       28       15       11       22       27       33       17       22       35       29
       36       34       30       32       36       21       34       22       23       28       28       33       27       27       24       24       22       21       28       24
       15       21       30       28       29       28       28       22       19       18       15       22       21       15       10       17       16       17       13       14
       13       10        5       11        9        9       10        9        9        8        9        9        5        8        6        3        5        3        2        6
        9        4        5        9        4        8        7        9        3        5       12       13        2        8       13       12        8        9       12       10
       12       13       14       16       10       17       19       22       15       14       22       25       22       15       17       30       29       27       21       15
       30       33       45       31       29       24       27       29       26       31       31       38       31       29       27       26       40       38       24       31
       35       26       35       31       25       27       30       19       25       17       16       17       18       10       16       25       14       18       15       15
        9       11       13       16        6        9       10       12       11        7        5        7        6        5        8        7        8       11        5        4
        2        5        4        7        5        8        6        5        7        5       11       12        4       10       14        9        7       10        8       10
       15       15       12       17       17       16       13       16       14       24       20        8       32       33       31       32       13       24       36       17
       34       29       38       30       31       38       38       39       36       41       21       31       21       23       25       26       28       42       35       31
       27       29       33       29       21       21       29       22       16       21       23       15       19       20       15       12       23       15       20       18
        6       13        7       13       12       11       12       12       14        3        4        5        9        8        7        9        6        8        5        2
        9        6        4        5        6        9       10        4        2       14       10        8       12        8        9        2        3        9       13        6
        8       15       18       17       13       23       13       32       17       16       15       33       24       24       37       21       19       27       21       30
       25       33       44       33       30       41       27       31       39       31       32       36       24       45       41       28       22       36       37       38
       38       31       17       22       27       33       24       20       30       21       19       17       15       13       25       13       20       11        9       12
       10        3       13       11       12       11        4       10        7       11        8        5       13        6        7        9        3        5        7        7
        4        8        6        8        6        3        7       10        9       11        7        7       10        7        6        8        9       18       22       11
       15       19       18       15       19       24       12       25       33       25       23       31       30       27       22       39       30       38       28       24
       38       35       31       38       38       55       41       43       38       37       37       39       45       33       44       37       40       33       32       26
       48       32       33       29       27       30       29       19       25       15       23       17       17       20       14       20       17       20       16       14
       10       11       15       14        5       15        7        9        8        8        9        8        6        7        9        8        8       10        5        7
        8        8        3        8        3        7        6        5        1        7        8        8        8       10       15       11        7       13        7       14
       25       11       18       16       14       15       14       21       19       16       23       35       28       35       33       34       31       41       32       40
       31       38       30       47       44       38       36       44       52       50       53       39       40       44       42       46       37       42       39       51
       30       33       39       40       33       21       43       27       29       28       19       22       23       15       24       17        9       12       14       13
       10       14       14       10       11       16        7        7       11       10        8        7        7        7        5        6        7        5        7        3
        7        6       11        6        8        6        9        9        7        7       11       11        7       16       12       14       14        7       14       15
       16       14       11       15       23       13       23       23       17       31       31       33       18       36       35       25       32       28       40       50
       46       42       48       39       47       34       61       49       58       55       48       49       46       40       51       53       46       41       47       41
       35       51       42       35       34       39       28       31       23       24       27       24       20       14       14       13       23       23       17       22
       15       23        8       15        9        6       11       17        6        6        2        5        4        8        5        7        4        6        7        7
        7       12       10        6        7        6        8        8        9        8        9       11       12        9        9       15       16       14       15       15
       12       14        8       14       14       20       27       22       20       37       25       28       29       29       33       53       38       39       45       51
       53       45       41       44       50       45       54       60       49       41       48       52       54       57       55       47       44       44       57       59
       46       45       39       47       36       40       32       28       31       28       19       22       16       19       23       15       16       24       16       17
       24       11       17       15       15        9        9        6        9       11        6        5        9        8        7        8        5        7        2        7
        6        6        7       11        6       11        6       12       14       12       14       11       12        9       11        7       18       12        9       14
       13       18       18       24       24       19       36       14       42       21       27       39       37       30       31       36       43       44       42       39
       43       33       46       51       42       48       63       53       65       60       58       59       51       47       66       62       56       49       54       56
       40       47       37       44       40       31       28       27       25       25       23       25       35       20       25       20       11       31       16       18
       21       11       19        6       12       12       14       12        8        7        5        6        3        7       12        4        8        1        5        2
        6        1        4        3        4        9       11        7       11       11       15        9        7       10       11       12       14       16       16       17
       18       15       15       22       24       20       22       21       26       25       31       41       30       43       34       27       42       48       50       48
       56       64       54       49       62       71       72       81       66       71       64       61       50       50       61       68       57       57       49       60
       52       49       42       43       35       47       36       34       27       37       24       21       35       16       17       19       18       27       22       17
       15        6       19       13       17       14       12       12        7       14        6        7       12        6        2        9        8        3        3        9
        5        7        8        3        7       11       10        6        7        3        9       13       12       16       18       15       13       15       22       17
       26       19       20       21       18       23       28       29       23       29       29       37       31       39       40       39       52       53       49       48
       54       68       55       58       50       74       74       65       55       85       53       95       70       67       62       59       69       41       56       57
       57       52       43       55       49       50       44       40       30       30       25       31       35       35       33       24       20       24        9       14
       18       15       15       15       17       21       14       16       10        9        6       10        7        4       10        7        5        7        8       12
        5       10        9       10        7        9        9       14        7        7       13        7        8       12       17       13       19       16       14       16
       21       21       11       24       37       33       17       28       37       47       42       43       36       42       39       34       48       43       56       57
       59       62       70       79       61       79       72       61       61       81       70       74       82       78       75       55       67       71       58       66
       63       54       56       43       40       46       41       52       42       33       35       27       19       20       25       19       29       23       20       24
       17       16       12       15       11       17       18       10       11        8       17        8       13       15       11        4       14        7        5        7
        8        9       15       11       11        4        4        7       12       11        4       11       10       20       16       15       19       18       19       14
       25       15       22       24       33       28       28       34       28       31       34       40       35       55       46       47       68       56       70       55
       74       57       72       62       67       57       75       78       89       74       80       86       99       81       81       72       78       87       77       65
       67       49       75       63       44       47       43       45       36       33       40       41       29       27       20       23       22       20       25       21
       15       19       13       16       19       14       10       15       15       10       11       14        9        8        7        7        9        9        4        5
       10        7        5        9        6       21       13       10       12        6       13       18       18       10        9       15       11       21       23       13
       21       19       18       27       31       36       36       34       22       45       35       45       52       41       42       39       60       61       76       87
       90       85       86       87       98      100       85       68      104       92      104       96      105       98       87       74       90       73       87       74
       71       60       70       53       59       59       49       41       40       40       30       36       35       46       29       26       22       28       31       23
       18       17       18       15       17        7        8       12       13       13       12        7        7       10        8       13        9        2        8        9
        3        9        5       10        7        8        9       11       10        6       11       15       14       23       15       15       13       33       25       19
       16       31       20       25       28       27       28       27       32       34       49       54       50       54       59       59       62       63       87       87
       89       75       92       73       85      106       83      120      112      114      107      126      108       98       97      100       91       93       91       63
       82       61       66       74       47       53       47       37       37       34       44       35       43       38       30       20       23       26       22       27
       18       17       15       11       15       13       11       11        9       14        9        8        6        6        6        3       13        5        6        5
        7       10        6       11        8        5        9        9       10        9        5        6       10       10       18       13       24       16       13       17
       20       32       21       27       21       32       22       31       48       48       42       48       52       50       54       54       62       79       89       76
       82       94       85      105      101      111      113      105      120      124      111      127      118      119      116      112      107      101      111       76
       91       74       68       55       72       58       43       46       56       40       45       38       41       27       32       29       41       26       19       20
       22       20       16       14       17       12       15       14       15       18       19       15        8       13        1       11        5       13        4        9
       14        5       12        4       11       12        8        2       14       11       12       11       15       21       20       13       17       15       15       27
       21       21       28       23       29       32       30       37       34       55       56       51       46       67       48       51       82       81      100       98
       99       83      104      101      126      126      132      130      139      154      134      123      120      110      141      111      117      126      119       89
       99       79       73       87       47       58       43       62       44       56       48       54       31       25       45       24       28       30       26       26
       26       19       16       19       11       14       13        6        9       15       15       13        8        7        9       15        7        9        1        8
        6        8        5        7        3        7       14       10        7        9       11       11       12       16       24       13       16       20       20       19
       12       28       29       22       26       53       22       58       41       49       47       52       49       56       59       71       60       83       81       98
       98      111      131      132      144      124      138      115      141      142      153      158      169      128      156      124      107      129      106       85
      108       96       74       71       82       61       55       74       56       47       40       41       36       26       35       32       23       34       37       21
       25       19       17       23       23       13       10       15       20       17        9        9       11        8       12       10        5       10        6        1
        6       12       11       10       11        5        9        5        7       12       16       19       12       19       16       15       23       21       20       17
       21       19       26       31       26       36       42       55       35       41       47       55       42       58       65       58      107       87       82       96
      111      127      119      140      145      168      158      146      131      175      156      195      180      169      163      139      162      152      138      107
      124       85       85       83       56       74       58       63       62       43       50       43       32       31       30       35       30       34       22       29
       26       26       24       16       14       15       30       11       14        9       12        7        6       13       17        8        6       11        8       10
        3       10        9        9        8        2       11        7       15       11       12        9       16       23       15       20       15       15       19       29
       19       27       26       30       33       47       39       36       43       36       46       64       64       53       66       87       89      120      114      125
      136      142      160      155      175      161      171      195      207      207      189      217      211      178      165      169      173      139      126      113
      113       78       79       95       84       62       71       43       66       49       41       41       42       41       30       39       27       36       32       24
       23       24       16       17        7       19       18       11       18       18       13       12        9       10        9        5       12        6        4        8
        8        2        4        8       13        8        9        5        7       14       12       19       17       23       19       14       25       20       25       38
       34       17       29       31       31       33       35       35       49       52       66       58       53       85       86       72       96      102      105      130
      136      171      193      178      181      161      210      205      197      239      221      201      210      220      207      188      209      185      144      130
      132      121       95       94       65       94       70       64       67       51       53       58       38       46       26       34       31       34       28       26
       26       28       26       19       25       19       16       11       14       12        8       18       11       11        9       11        8       13       10       10
        5       10        7        8       13       18       13       12       14       13       15       22       16       23       18       20       18       31       17       19
       25       42       19       31       40       35       30       34       51       48       50       63       64       86       84      103       93       92       92      124
      159      169      166      174      224      214      243      237      224      251      246      288      225      285      232      232      203      159      180      147
      139      115      101      106       83       64       83       70       77       56       53       53       36       38       46       39       36       34       29       18
       25       19       28       17       17       18       13       13       22       16       11       13        9        8       10        8        9        5       10       10
       10        6        9        8        7        9        8        7        8        8       10       14       18       11       17       22       24       13       24       25
       39       32       28       30       31       39       41       55       41       73       58       78       59       69       82       98       91      121      112      141
      192      176      191      215      221      279      287      292      274      325      301      307      310      287      279      254      250      207      169      151
      156      111      118      107       88       95       78       67       73       55       56       41       49       46       35       36       34       28       27       24
       31       14       17       26       23       19       18       19       12       10       12       16       12        8       14       11        5        4       19       11
        3        9        4        7       13        8       13       13        9       12        9        9       11       13       17       21       21       20       24       27
       14       36       30       32       27       32       54       56       35       60       67       60       77       77       80      101      115      126      140      160
      193      210      207      286      284      309      346      379      398      381      367      359      344      350      323      271      239      234      175      188
      146      114      109      106      124       93       74       83       69       68       66       47       39       41       41       48       27       27       27       28
       27       24       22       14       18       14       11       10       14       13       17        8       11       10       10        9        7       11        7        9
        8        7        4        4       10        6       10        6       12       12       15       20       12        9       24       16       22       19       26       22
       30       16       39       27       47       37       39       46       58       48       73       72       80       90       89      105      119      134      138      160
      176      215      213      266      314      320      379      401      466      464      451      454      434      375      370      328      287      248      206      151
      198      159      133      114      110       96       96       73       72       73       55       58       60       39       39       37       23       19       26       26
       24       21       21       16       25       22       23       10       20        8       10       11       10        7       10        8       12        8        9        7
        4       10        8       10        6        9       10        7       12       12       15       20       13       16       19       12       20       18       26       26
       28       44       35       36       40       41       46       50       48       67       63       83       86       95      116      106       90      157      165      184
      215      233      280      300      327      365      465      525      537      605      599      519      521      484      410      340      328      249      233      217
      181      152      156      127      110      110       95       96       83       68       49       48       63       52       35       34       35       34       26       22
       17       31       27       23       23       17       14        8       11       11       12       14       19        9       14        9       10        7        3        8
       10        3        8       17        9       10        6       11       15       15       17       10       16       13       14       19       22       23       25       24
       17       33       30       29       37       57       57       45       49       57       66       78       96      103       98      112      133      146      139      187
      194      267      286      321      404      505      552      629      677      696      707      738      630      529      489      427      345      310      251      231
      185      173      138      144      120       89      113       85       75       82       81       54       44       45       52       31       23       29       33       32
       33       30       14       18       16       15       11       25       14       10       16        7        7       10       10        6       13       13        5        4
        5       10       11       15       13       10       15       12       12       10       12       13        9       12       22       20       25       17       21       28
       24       29       34       26       30       46       38       51       56       61       63       83       90      105       96      127      137      136      157      212
      230      254      320      386      436      559      621      767      845     1049      972      928      816      663      526      460      348      271      261      241
      208      186      170      151      121      112      102       93       73       58       65       58       53       47       46       42       24       33       29       37
       22       22       22       26       19       13       14       21       11       17       11       17       10       14       10       11        5        8       10       10
        9       10        5       12       10       10        7       13        6        9       12       21       25       17       24       16       22       24       23       26
       29       35       36       48       45       33       42       51       65       60       73       72       75       93      105      113      151      153      178      208
      247      289      359      442      500      611      739     1024     1144     1391     1492     1206      921      777      658      537      448      347      287      255
      194      190      194      137      112      105       98       84       74       61       60       55       55       47       48       28       38       31       33       27
       27       27       22       17       15       16       17       16       14       16       14        3       13       11       13        9        8        9        4       12
        4        5        5       11        9       12       11       11       15       10       10       13       36       15        8       24       30       21       22       26
       28       28       32       37       41       55       58       54       60       58       61       89       92       90      126      119      157      169      170      186
      272      275      365      392      560      579      854     1185     1663     2300     2181     1681     1140      897      624      488      429      352      313      241
      212      214      169      137      116      131      100       75       85       63       62       60       52       53       41       28       35       36       39       26
       18       26       24       37       19       22       24       17       14       12       12        9        6       13       15       12        5        6        5        3
        5       13       10       10        8       11       13        7        8       16       14       15       18       17       23       22       15       26       28       19
       45       34       38       39       42       42       60       46       50       59       62       85       84       82      124      123      141      165      167      195
      273      312      346      476      518      675      886     1381     2198     5062     4735     2171     1332      982      723      540      435      382      303      240
      219      196      156      156      122      126      104       96       77       56       58       45       58       30       41       45       30       33       37       25
       24       23       25       23       20       19       13       21       17       12       13       14       11       15       14        9       12        6        3       11
       10        9       12        9       10        5       12       19       14       12       11       10       18       22       18       17       18       18       23       18
       21       37       30       31       37       43       43       50       53       76       79       77       95      100      116      137      173      161      188      209
      264      266      396      472      573      670      933     1386     2228     4813     4911     2125     1361      956      715      545      425      371      293      256
      232      164      156      141      141      110      100      110       73       67       69       62       51       48       41       39       31       34       24       25
       25       26       30       30       21       16       13       10       19        9       10       15       12       11        9        7        9        2        8        4
        7        8        4        4       10       14        7        8       11       16       10       18       22       15       19        9       25       24       26       22
       19       27       31       34       34       39       53       49       50       63       64       77       83       90      103      128      148      193      179      229
      246      308      386      438      511      690      858     1173     1738     2303     2334     1725     1150      820      681      502      454      302      283      256
      203      170      178      164      139      101      121       88       84       67       75       44       43       33       41       44       40       32       32       32
       28       32       23       21       30       19       11       12       17       20       11        8       19       18       12       11       10       10       10       14
        5        6        6        5        9       14       11       16       12        7       13       16       27        8       14       22       23       20       27       22
       29       32       34       47       35       38       51       43       58       67       65       81       91       89      118      116      147      140      194      215
      226      300      375      411      503      616      735     1043     1219     1414     1417     1206      917      751      648      448      399      332      283      251
      206      169      141      155      124      109       92       74       69       67       58       76       48       49       44       48       36       28       29       34
       18       30       21       15       28       22       11       11       20       16       20       16       14       12       11        6        9        5        5        9
        9       17        8        6        6        7        9       12       14       13       14       15       20       18       18       14       16       21       26       30
       34       30       28       38       54       42       43       39       57       63       50       57       91      102      112      109      131      150      172      230
      236      293      340      352      415      560      673      782      951     1029     1035      883      797      642      536      433      368      338      292      227
      190      189      148      143      128       87       87       87       82       63       47       60       44       52       44       34       33       34       35       22
       15       26       23       23       22       21       15       15       13       11       20       10       18       11       12       16        9       14        6        4
        6       12        8       19       16       10        8        6        8       10       17       21       12       12       19       23       20       21       27       29
       38       30       29       35       32       46       59       55       52       51       65       79       99       76      108       97      124      147      160      181
      237      263      282      340      400      430      559      656      707      758      714      658      593      570      473      399      385      308      251      214
      182      173      165      129      134      128       98       76       68       55       50       59       50       48       50       44       36       31       25       25
       33       23       26       19       16       22       14       19       10       20       16       13       15        7       13       11       11        9       10        6
       14        6       13       16       17        6        6        8        8       11       15       12       26       23       16       21       19       19       30       24
       24       26       36       32       41       41       56       60       57       53       75       72       80       78       97      109      116      134      167      196
      202      231      297      336      363      444      502      562      547      565      608      552      506      483      424      346      320      314      246      223
      194      172      128      125      105      108       91       78       77       64       53       48       52       47       46       44       49       49       27       19
       23       27       26       18       10       14       20       13       14       13       12       15       11       15        8       15        6       11       10        9
        8        7       12       15        5        9       13        7       19       12       12       16       18       21       12       25       17       19       20       21
       27       26       27       35       38       33       40       59       68       57       67       82       89       89       97      112      124      129      152      170
      180      211      255      286      293      350      411      417      469      481      479      481      404      346      339      271      258      263      220      187
      185      167      143      122      108       91      100       74       78       69       57       57       60       64       35       33       39       35       29       43
       20       18       26       22       23       11       23       18       16       15       17        7       10       16       14       13       10       12       13        5
       10        7        8        9        5        6        8        7       10       10       13       10       18       21       13       19       19       19       26       20
       29       26       37       34       32       43       50       47       56       62       63       60       91       77       99       95      115      133      132      165
      168      222      227      286      286      282      337      374      407      410      385      389      339      352      325      314      283      242      198      174
      166      139      125      133      111       89       82       62       63       83       58       58       46       39       43       35       29       34       33       35
       29       23       22       25       14       20       16       19       13       14       14       16        8        9       15        8        7        9       10       11
        3        5        8        7       17        9       11        9       14       15       16       11       14       17       23       15       20       23       31       26
       31       29       23       27       31       44       36       36       52       66       64       69       62       84      100      100      126      138      124      153
      140      210      199      210      274      249      309      312      299      344      270      328      286      285      265      218      222      218      183      150
      160      113      130       99       95       89       67       93       73       48       64       60       38       43       36       30       30       34       34       38
       22       22       21       14       18       13       14       13       16       17        5       11       15        8        8        6        4       11        6        9
        6        8        8       10        7       12        8        4       10       11       18       12       16       23       17       24       19       27       22       26
       28       29       22       36       40       48       45       45       49       50       62       92       77       76       78      107      105      110      160      124
      157      171      174      196      208      230      237      234      284      292      264      275      251      218      236      225      217      191      173      155
      128      121      138      105       96       85       67       75       62       56       60       48       44       42       24       41       31       38       21       28
       25       25       22       21       19       14       19       13       13       12       13       11       11        8        6       13        7        6        7        1
       10       10       10        8        5       14       10        6       12       15        9       13       28       16       18       19       17       23       21       31
       25       34       32       38       44       40       30       46       57       59       58       73       71       73       70       90       92      112      150      156
      168      143      165      167      206      217      226      236      220      219      224      256      219      218      206      198      192      185      142      129
      132      115      104       93       99       82       73       83       72       66       51       49       52       33       27       35       30       27       32       27
       27       17       28       19       20       22       16       12       15       15       10       17        6       14       12        8        4        6        8        7
        6        9        9        9       12       10       13        8       13       14       14       15       19       16       17       14       21       21       21       28
       22       24       28       32       26       37       43       42       51       45       46       56       68       77       68       86       94      119      102      119
      115      147      130      155      178      184      163      194      195      175      196      200      218      210      170      160      162      133      160      135
      132       98      103       76       78       74       70       61       62       59       44       39       41       49       36       28       21       27       31       19
       26       10       22       17       17       10       23        8        6       16       12       18       12       11       10        4        7        7        6       17
        6        3        6       10       15       10       14       11        9       20       13       20       24       14       17       16       22       24       20       27
       20       36       28       45       31       32       36       55       64       54       52       57       60       66       69       90       84      100       91      101
      128      126      120      160      157      157      182      191      167      182      177      181      196      154      163      158      149      140      122      134
      105      100       80       86       70       66       65       59       48       51       36       41       39       36       37       35       27       29       23       14
       18       21       19       21       12       15       17        9       16       12        8       10       20       17       11       10       10        7        5        2
       13        8        6       12        7        9        7       18       10       10       14       16       14       12       17       22       19       18       29       14
       25       29       32       32       27       25       49       38       42       47       51       50       56       72       61       62       72       95       85       99
      102      115      119      133      125      148      137      185      137      173      141      139      160      144      142      109      126      129      110      104
       91      100       89       80       73       82       62       46       66       46       49       36       46       34       28       26       23       27       25       24
       23       22       22       16       15       17       13        8       14       20       14       12        9        9       10        8        9       10       13        5
        8        5       10        5        9        8       13       11        7       16        7       14       10       22       17       17       12       26       20       17
       23       17       33       35       24       34       36       40       41       37       42       54       54       68       67       71      106       73       87       99
       84      111      101      128      135      125      120      124      144      145      136      116      140      142      133      131      110      107       89      104
       96       91       86       69       72       61       56       57       54       44       44       29       35       31       36       36       36       27       27       15
       20       19       32       19       14       14        9       15        9       15       13        9        9       10        6       10        3       14        6        9
        8       10        7        6        9       11       14       11       14        7       11       15       12       14       15       22       18       22       24       19
       19       27       20       41       35       40       26       40       30       43       38       56       53       57       69       68       80       56       72      110
       84       94       96      110      111      106      107      120      119      127      139      114      109      101      123      128      116      109       76       79
      111       90       63       60       63       66       62       50       49       58       49       32       36       28       30       21       21       26       30       25
       16       17       19       24       16       20       11       16       17        9       12       15        4        9        8        4        7       10        9       12
        8        4        6        4       15        8        8        9       10        7        9       12       14       13       10       10       13       13       24       15
       27       20       26       28       28       32       31       22       29       40       53       53       57       46       55       66       59       86       66       66
       79       93      104       96       87       82      100       98      102      115      123      107      110      102       97      111       96       81       77       79
       86       73       87       54       69       59       52       52       27       40       50       26       37       32       25       27       20       19       23       19
       19       14       22       10       16       17       12        9       15       10       11        9       12       11        7        5        4        7        6        3
        3        7        6        8        5       11       12       10       11        6       14       16        5       15       11       17       20       18       18       23
       20       21       23       28       21       43       27       25       32       45       52       43       52       40       60       56       65       79       64       66
       75       96       82       78      101       88      110       84      104      103       89      101      110       83       97       57       95       68       75       72
       84       65       55       62       40       62       49       55       45       42       38       23       29       35       32       22       26       27       25       15
       11       22       18       14       15       13       17       11        8       17        6        8       10        7        5        4        6        4        7        2
        8        8        7        4        3       12       10       10       12        5       14       10       11       17       14       17       18       11       21       18
       13       26       20       27       34       26       28       43       31       43       33       44       48       49       53       51       65       69       59       64
       69       59       66       76       76       77       77       86       85       84       86       83       93       90      101       89       81       80       85       71
       53       46       57       49       50       48       53       41       40       42       33       33       23       28       30       32       20       20       24       14
       14       27       15       19        8       12       15       12        8        8       18       11       11        7       11        5        3        8        5        2
       10        6        6        6       13        7       10        7       10       11        9        8       13        7       15        9       19       15       11       20
       13       19       25       24       19       22       27       28       33       35       36       45       35       44       48       45       53       54       48       51
       60       66       62       77       80       63       58       81       73       77       73       84       64       92       73       74       78       70       66       68
       63       50       69       51       45       51       41       30       26       51       26       35       31       26       23       31       16       29       21       35
       17       22       17       10       16       17        8       11       15       10        6       10       10        8        6        6        7        5        8        8
        7        8        4        5       12        6        7       10       10       11        9       16       15       22       13       13       15       17       11       26
       21       20       25       34       16       16       25       32       31       27       37       51       50       36       48       51       56       70       41       58
       62       57       54       60       82       54       78       55       85       62       61       73       78       83       72       65       53       55       56       56
       56       60       50       50       48       59       33       41       39       32       41       33       25       37       20       23       25       13       18       27
       16       16       16       14       10       23       12       10       12        7       13       13        4        7        8        8        7        8        5        6
        7        6       10        5        6        5        2        5       12       11        5        8       11       10       12       11       17       13       17       18
       18       20       20       19       24       20       27       25       38       32       40       25       31       32       37       45       43       48       52       56
       51       43       60       63       62       76       63       80       59       48       63       68       66       62       63       53       57       59       70       66
       43       52       58       45       46       30       52       39       41       34       32       19       27       29       21       26       27       21       24       21
       19       11       17       12       19       19        5       15       13       12        6        7       11       16        3       11       11       10       10        7
        8        9        9        3        8        7       14        5       17        6        6       11       13       11       19       21        8       15       15       18
       20       20       20       28       21       25       25       29       24       20       33       22       34       32       29       36       38       34       48       53
       57       55       63       74       58       49       46       67       61       61       56       60       51       46       45       49       54       46       57       39
       54       44       40       40       41       30       44       42       28       37       24       31       27       19       27       22       21       17       26       19
       16       21       15       15       18       16        8       10        6        8        9        7       10        5       12        7       10        6        6        3
        2        7        5        5        5        8        8        8        6        9       12        2        5        6       11       13       19       13        8       10
       16       13       26       13       10       22       22       20       34       34       30       31       26       35       22       40       28       48       47       46
       43       66       54       47       58       50       50       50       44       53       51       51       39       65       54       43       45       47       53       58
       42       47       44       42       32       44       34       27       26       41       25       38       29       25       29       23       16       15       18       16
       11       12       15       16       22       13        7       13       12       12       11        3       11        5        6        5        2        5        7        2
        6        7        4        6       10        7        9        5        9        6        8       10       12        7        8       14       15       15       13       14
       13       10       21       28       16       30       19       24       19       26       33       28       36       38       40       39       28       43       33       41
       51       51       41       43       52       43       36       69       45       58       57       43       56       54       54       44       50       35       48       40
       41       40       34       30       36       39       36       30       39       29       28       21       21       25       22       22       16       24       27       18
        8        9        9        9       21       15       14        5       11       11       10       11       10        5        4        6        6        9       12        9
        5        5        2        4        8       12       11        3       14        6        6       10       13       11        7        7       10       18       11       11
       18       12       15       17       16       15       27       21       26       28       19       28       29       31       25       32       33       36       27       31
       37       41       37       35       31       59       46       42       51       45       32       52       48       52       38       40       49       46       36       54
       36       38       28       29       36       36       34       27       22       21       23       29       19       19       23       12       14       23       21       12
       11       14       16       15        5       10        7        8        9       10        6       16        3        6        8        6        8        3        4        6
        5        2        3        4        8        5        8        5        3       10       10        7        9       15        8       15        9       14       14       23
       11       18       18       12       17       19       27       19       23       23       26       26       47       20       30       25       36       46       29       33
       34       30       40       48       44       35       44       53       49       32       47       34       36       43       32       49       26       39       35       36
       40       33       28       32       26       32       24       26       33       34       19       29       27       23       19       11       13       20       13       19
       11       11       11       13       12       12        8       14       10        9       10       11        6        4        5        5        8        8       10        6
        5        9        7       11        6        7       11        9        9        7        9        9        7        8       13       12       13       10        9       15
       10       10       14       19       14       19       13       30       23       22       27       26       25       30       31       30       20       31       30       31
       41       37       37       37       39       46       29       49       37       36       36       26       44       45       32       34       28       26       41       30
       28       23       24       30       28       28       23       26       20       23       29       25       19       21       15       13       18        7       11       11
       14        7       11       10       12        9       13       13       11       11        6       13       10        8        6        5        8       10        5        5
        8        4        4       10       12        7        9       10        8        6        3       10        6        4        5        9        9       11        9       16
        8       18       14       21       17       19       14       21       19       23       18       24       19       21       29       27       23       37       47       28
       37       34       37       30       32       41       29       49       38       33       34       31       52       41       24       28       34       24       31       26
       26       19       28       22       14       25       19       25       24       26       16       29       17       23       15       15       12       12       11       10
       15       10       14       12        6       10       13        9       13        9        9       10       11        6        6        5        4        3        8        4
        7        7        5        9        6       11        6        5        6        7        8       10       11       10       12       11       14        9       18       17
       12       12       18       20       17       15       19       10       19       25       17       24       22       28       16       25       24       28       32       22
       22       28       25       38       33       27       31       36       39       37       31       35       28       27       39       33       30       37       33       20
       23       24       36       23       21       24       27       35       32       21       23       15       21       23       11       10       10       17        9       13
       14       14        5       10       10       12        6        6        5        8        4        8        4       12       10        2        6        3        6        8
        5        9        8        6       11        6        6        2        9        4       15       10        9        8        9       14       11       13        8       12
       17       15       17       17       13       24       15       20       13       16       21       23       19       30       28       13       22       23       25       29
       24       28       28       26       24       20       18       30       22       26       27       29       24       22       31       31       26       29       30       19
       21       33       38       34       28       27       26       27       16       26       19       25       16       13       14       16       15       10       15       10
        4       12        8       10        8       13        8        4        8        4       17        9        6        4        9        5        5        7        5        5
        5        7        6        6        3        8        4        7        7        6       14        5        5        2        9        9       11       15       11       12
       11        4       12       17       12       14       13       14        9       17       19       19       32       26       21       20       34       22       21       22
       25       23       22       27       29       33       17       21       31       21       26       21       27       30       23       25       30       25       28       15
       24       28       29       22       16       24       15       17       27       27       15       21       14       11       12       13       24       19       17       17
       16       13       12       11        4        4        9       11        9       10        9        3        8        3        5        8        6        4        5        4
        9        7        4        7       11        3        1        5        8        5        3        4        9       15        8       11        8        7        7        5
        8        8       19       14        8       13        9       15       16       22       12       16       20       23       22       16       22       28       29       22
       25       26       24       24       25       25       25       25       26       18       25       24       31       29       29       28       20       31       20       22
       23       25       22       19       18       23       18       13       24       19       18       13       21       15       10       11        9       12       10        9
       12       13       12        7       10       10        3        8       10        5       10        4        7        7        4        4        5        4        5        4
        4        7        6        5        4        6        6        7        8        9        8        5        8       10        7       11        8        3        9       13
       13        6       12       16       11       13       16       10       22       14       10       15       24       29       33       13       20       26       18       29
       22       22       16       16       22       20       28       23       27       17       21       18       24       38       28       32       18       21       24       30
       20       13       19       19       18       17       15       21       19       24       17       15       12       14       13       12       15        7       10       13
       11        8       13        6        7       11        5        9        6        8       13        4       10        8        8        3        3        4        6        5
        8        9        3        6        6        4        6        3        4        8        3        6        1       10        8        9        9       13       10        7
       13       13       17       10        9       17        9       13        8       13       27       17       20       26       15       15       16       18       18       17
       16       18       21       15       22       22       27       23       28       23       26       16       21       20       15       24       13       21       15       14
       27       18       17       13       17       11       10       20       13        8       15       24       14       17       18       12        6       11       11       15
        9       13       12        6        8        9        6        5        6        9        9        8        2        2       10        6        4        3        5        3
       10        3        4        5        5        6        3        4        5        4        4        8        5       16        6        7        6       12        7       10
       10       13       13       10        7       16       12       12       18       18       16       20       15       17       31       21       25       20       23       12
       15       23       27       27       16       28       21       14       24       21       16       12       20       21       22       23       20       11       17       22
       20       23       21       18       13       16       12       15       14       17       15       12       12       11        7        8       11       13       12       11
        7       15       12        4       10        7       10        6        5        7        6        7        7        5        4        3        3        3        2        5
        5        2        3        6        9        4        4        3        5        8       13        5        7        4        6       10       11        8       15       13
       18       13       10       14       10       13       12        7       17        8       16       14       17       16       16       16       20       25       22       13
       21       19       25       17       25       24       17       15       28       19       21       15       18       22       26       14       10       12       20       14
       21       23       20       11       19       21       11       16       14       18       16       13       13       12       11        6        8        8        8       11
       10        6        9        5       13        6        7        1       12        9        3        6        5        2        3       10        6        8        1        5
        3        3        5        3        5        5        3        9        5        7       12        4       11        8        8        4        9        5        8        6
        7        7        9        7       15       13       11       17       11        9       17       19       15       17       20       14       11       19       18       11
       25       17       16       23       13       16       15       20       16       17       16       14       21       16       13       15       27       14       13       13
       12       17       16       16       13       19       11       21       10       10       12       12       13       10        8       12        4        8       11        9
       16       14        5        8        5        3        8        7        6        6        6        6        2        2        9        7        6        2        4        6
        3        0        3        4        7        5        3        4        5        7        7        7        7        5        2        8        4        6       11       12
       10       10       14       14        6        8       18       11       12       18       13       11       18       15       17       13       15       15       15       13
       14       15       13       19       14       19       18       21       17       18       17       21       15       18       11        7       19       10       15       13
       18       26       21       15       18       15       12       14        9       12       12       12       15       15       10       10        2       12        7        8
        8        9        1        9        6        7        9       12        4        6        6        6        4        6        5        4        5        3        3        3
        3        2        3        3        4        5        6        6        4        5        9        6        3        4        6        5        7        8        6        8
       10        7        7        6       10       15       16       17       10        8        8        7       18       12       18       22       14       17       12        9
       13       17       10       22       10       15       17       30       17       18       19       13       16       26       14       11       13        8       14       10
       19       13       12       13       10       13       14        7       12       10       15        8        3        9       10        5       14        5       10        8
       10        5        7       11        6        6        4       10        9        9        7        8        3        4        7        4        9        1        1        2
        3        3        5        3        5        5        5        4        7        4        1        4        6        3        9        2        8        6       10        8
        8       10        6        7        8        8       10        7       12        4        7       15       10       13       20       12       16        7       11       12
       11        7       12       16       18       14       14       16       17       12       20       12       18       15       12       11       10       14       15       11
       26       15       16       19       11       14        9       19       15       12        9       13       12       11        7        6       10        2        9        4
        5        8        8        7        4        7        9        4        4        3        3        8        6        3        5        5        9        2        3        1
        2        2        7       11        4        4        3        4        5        5        5        7        7        7        7        6        3        5        7       11
        8        4        6        7       12        9       10       16       10        7       11       14        8        8       13       10        5       13        8       14
       12       20        9       20       15       18       10       19       21       20       16       13       22       17       15       17       12        9       11       16
        6       10       11       11       10       13       15       10       16        9        9       15       13        7        8        6        8        9        6        6
       10       11        1        6        6        5        9        3        8        9        4        5        5        2        3        5        4        4        1        4
        6        3        4        2        2        3        3        2        5        7       10        8        1       11        6        5        7        3        9       11
        3        5        7       12        8        6       14       13        7        8       15        8       15       11        7        7       13        8       13        7
       11        5       12       16       11       14        9       18        8       21       10       10       16       10       12       13        7       10       12       14
       10       15       13       13       12       17        9       13       14        9        8        8        6       12        8        7        8        7        7        6
        3        9        5       11        7        8        6        2        5        6        5        6        4        8        4        3        1        6        3        3
        2        3        7        4        2        6        4        6        3        3        4        4        5        6        8        9        8        4        7       11
        9        6        3        4       12        7       10        7       12       11        6       10       10       15       10        8       11       12       12        8
       13       15       11       14       12       10       12       11       10       17        8       12       14       13        7       18       12       20       20       16
       11        9       15       12       19       10       10       12        9        5       10        8        7       11        8        5        8        4        7        6
        6        7       10        7        5       10        6       12        7        7        5        6        9        4        5        0        5        3        5        6
        7        2        5        4        2        3        2        3        1        6        4        7        7       10        6        7        8        8       11       12
        9        8        5       11        9        4        2       10       14        8       13        6       11       14        9        8       10       10       14       16
       11       17        8       10       10        5        7        6       12       11       13       12       10       10        8       10        6        9       12        9
       14       12       10       10        9       11        6       12        8        7       15       10        8        8       10        4        5       10        4        7
       13       12        9        6        5        5        6        1        1        7        4        8        6        3        3        3        3        8        1        3
        2        0        2        4        3        4        4        2        4       12        2        8        2        9        6        8        7        6        7        4
        6        9        9       10        8       15       12        3        4       10       12        8        7       13        7       11       14       14       13        7
        4       12       16        9       13       10       11       15       15        5       15       10       10        6       11       16        8        9       11        6
       10        9       14       12        8       14        8       12        3        7        9       12        5        9       11        7        8        6        6        7
        5        2        6        5        9        7        8        2        7        4        4        2        9        5        5        4        2        2        4        1
        4        3        4        7        2        2        2        1        5        6        8        3        8        8        5        7        1        3        7        5
        1        8        6        5        5        9       13        8        6        7        8       10        8       13       11       13       12       10        8       15
        8        7        9        7        7        8       14        2        8       12        9       15       12       13        8        9        8       17       10       13
        6       11       10       13        6        9       15       11       10        7        9        7       10        5       13       11        6        4        3        9
        8        6        6        6        3        4        4        5        4        5        3        4        3        4        3        1        5        5        4        3
        6        3        1        1        2        4        3       11        5        3        4        4        5        2        3        8        7        5        4        3
        6        7        3        9        4        2        4        3       10        3        8       15        6       10        7        8       12       11        7        9
       11        9        5        8        5       10       13       10       12       12        8        7       11        8        8       15        7        7        9       11
        8        9        7       12        8       11        4        7        9        5        6        9        3        9        7        3        4        6        4        6
        8        3        9        4        5        3        5       11        6        7        4        5        6        2        2        4        4        4        3        3
        4        2        1        4        3        3        3        5        7        4        5        2        7        8        6        3        5        4        5        9
        4       11       10        4        5       10        7        9        7        8        8        6        5        6       12        3       10        7        6        3
        8       11       15        9       11       12        4        7        5        8       10       11        9        9       14       10        9       14        9        7
        3        9        7        8        4        4       12        4        3        6        4        5        9        4        8        8        8        5       11        4
        4        9        5        3        6        7        1        9        3        3        5        6        2        2        4        4       10        3        3        3
        4        4        1        6        0        3        5        5        3        3        3        6        4        4        7        4        3        9        3        9
        7        8        3        4        3        4        6        7        7        6        3        3        4       10        6       11        8        6        5        9
        7       10       10        4        6        8        7       11        4        2        5        6        6        9       10        4        8        1        8        9
       10       10        8       11        7        8       11        9        2        7       15        7        6        5        3       12        5        7        2        6
        7        5        3        3        1        1        3        2        6        1        0        3        4        2        3        5        3        3        7        4
