        1        3        2        6        1        2        3        3        4        3        2        5        3        7        4        3        4        6       10        3
        6        4        7        4        8        6        6        3        6        9        5        8        3        5       14        8       13       10        6       10
        6       11        7        9        4        7        5       10       10       11        7        8        9        5        7        8       12       13        8       11
        8        7        7        8        7        8        7       12        8        9        6        7        3        7        9        8        7        5        7        8
        3        1        4        4        1        7        9        6        3        2        6        7        4       12        3        7        6        2        0        4
        2        5        4        2        5        2        4        4        2        2        3        2        3        6        3        2        7        9        2        9
        5        6        8       10        6        8        2        9        4       10        9       13        4        4        3        8        7        7       12        7
        9       15       15       13        4       11       16       13        9        7       11        7       14        7        6       10       15       10        5        4
        5        9        8       12        7       11        6       11        4        9        5        4        5        9        7       11        8        3        5        6
        5        5        8        5        4        2        6        4        8        4        4        3        7        5        6        1        2        4        5        3
        1        6        4        4        7        7        7        3        4        5        6        5        7       13        5        8        4        8        3        8
       12        3        7       14        8        7        9       11        8        9        8        5       10       10        7       10       12       19        7       12
        7        9        9        7        9       11       18       10       14       16        3       11       12       10        6       13       16        6       14        8
        5       10       20       12       12       14        9       12        2       13        8       10        8        9       10        3        7        5        4        6
        6        5        7        7        1        4        2        3        6        4        6        6        3        4        3        8        4        4        1        4
        3        3        4        4        1        6        2        4        6        6        2        7        4        2        5        5        8        5        9        6
        9        8        8        6       13        7        3        7        8        3        5        9        8       10       12       15        9        7        8        7
        9       16        6       10       15        9        8       13       14        9       13        9        9       10       13        9       13        9        8        8
       10        8       12       13        8        4        7        8        5       11        9        8       15        7        7       12        8        5        6        5
        7        4        5        8       10        6        5        2        5        4        4        7        8        3        2        2        5        4        0        0
        5        3        3        2        2        5        6        6        4        3       10        5        6        5        7        6        6        6        8        9
        4        2        9        8        6       10        5       11       14        5        8       12       13       11        9        8        6       11       13        8
        6       14        7       12       12       11       11       10        7        7       14       11        5        8       12        7       13       16        8       13
        7       15       15        7        7       15        9       10       12        7        9       12        5       12       13        9        8        6        5       11
        9        4        6        6        2        5        8        8        7        0        2        1        5        4        7        5        1       10        7        5
        2        5        4        3        6        2        1        3        3        2        1       10        8        6        5        6        8        4       13        8
        6        5       12        9        6        8        8       12        7        7       15       11       10        7       12       12        5        4        7       12
        7        7       11       18       12       15        7       11       14       13       10        4        6        8        9        9       12       11       18       14
        9        7       11       12       12        9       10       12       11       15        5        8        9        8        4        8       11        5       10       12
       15        8        4        7        7        6        1        6        4        3        6        4        5        0        3        4        4        1        1        5
        1        7        1        2        4        4        1        4        4        4        6        1        5        7        8        4        7        4        9        8
        7        9        8        6        7       12        5        8        9        6        6       12        8       14        6        5       12       15       12       14
       10        9        6       16       15       14       16       10       15        7       19        8       14        8        9       21       13        8       13       12
       13       11       16       25       16       20       19       13        5       12       11       10       13        3        5        4        8        7        5        5
        7       10        5        9        9        4        3        4        5        0        2        6        4        4       11        5        6        3        3        4
        2        7        5        3        2        1        2        4        2        5        4       11        4        4        1        2       12        6        5       10
        7        6       10       11       13        3        1        6       11       10        6        8        6        7        6        7       12       15       23       13
       12       10       16       15       19       15       21       10       19       15        9       15       13       12       10       10       21       18       13       14
       10       11        9       17       14       18        4       10       13       13       18        6       10       12        9       13        6        7        7       11
        8        5        9        9        5        7        6        3        6        1        6        3       10        7        3        4        3        2        6        7
        1        3        5        5        6        4        6        4        2        7        5        0        1        3        7        8        9        9        6        5
        8       10        7        7       10        9       10       17        9       10       12       12        7        8        9        9       12        9       11       16
       17       10       15       16       13       14        8       20       22       11       17        6       18       21        8       16       14       22       11       11
        9        7       15       13       13       11       16        8       12       15       10       13       14        8        9        6       10        5        9       10
       14        3        4        7        9        7        7        8        8        3        4        6        3        5        5        4        2        4        6        8
        4        1        1        4        9        6        4        4        4       11        6        6        7        6        6        5        6        4       10        4
        6       12        7        7        8        6       11        5        7        8        8       11       11       10        7       14       10       14       21       10
       10       15        6       16       11       16       17       11       13       20       18       10       13       15       12       12       12       14       15       13
       12       10       12       16        3        8        6       22        8       10        9        7       19       13        2       10        8        7        1        9
        9        9        6        5        5        3       10        5        5        2        7       10        2        4        0        3        7        6        3        3
        1        3        2        7        6        5        4        3        5        7        7        5        2        9        6        7        8       14        6       11
        8       16        6        7       14       14        8       11       12       13       10       12       10       13       15       11       12       19       13       16
       23       17       13       13        8       21       13       12       15       17       16       21       19       21       21       17       11       12       13       14
       18       15       14       16       13        6        9        9        8        9       11        9        8        6        6       12       12        6       12        5
        8        8       10        8        9        7       10        8        8        5        1        4        4        6        4       10        4        5        8        4
        3        2        4        4        5        4        4        2        8        7       11        7        9       11        4        8        5        9        8        6
       10       14        7       13       10       12       11        9       12       15       12       16       11       14       15       15       15       15       13        9
       18       21       15        8       16       24       23       26       13       21       16       17       17       16       18       11       21       18       13       14
       18        9       11       19       15       20       15       20       12       10       12       13       14       10       10       11        9       14        9       10
        9        6        5        9        9        7        6        8        6        3        8        6        6        7        5        4        4        5        1        3
        4        2        4        4        8        2        3       11        9        5       10        5       11        6        4        9       11        6       10        9
        5       10       13       11        9        5       16       10       10       10       14       15       13       20        9       20       15       14       15       23
       12       18       14       23       19       21       21       14       13       15       15       19       20       18       23       20       18       12       20       15
       14       18       20       13       18       13       22       19       19       12       10        4       11       16       13       10       12        9        6        6
       10       11        7        4        6       10        5        2        8        8        3       11       11        6        6        7        2        4        6        3
        4        2        4        5        6        3        7        2        1        5        4        8        7        5        8        6       15        5        8       10
       15       10        9        9       12       17       16       16       11        9       14       10       21       14       14       18       20        6       18       19
       22       17       20       17       19       22       23       15       24       20       15       25       22       17        9       25       19       27       18       19
       18       18       13       11       18       16       14       13       15        9        9       18        9       12        7       12       14        9       12       13
        7        8        5        6        4        4        4        8       13        9        8        9        3        6        6        5        8        5        5        7
        5        5        4       11        3        4        5        1        6        7        8        8        4        3       11        5       10       11        9        6
        9       10       10       12       10       10       14       13       12       17       15       14       12       14       15        9       14       21       13       25
       14       20       19       22       21       21       20       14       17       28       24       27       20       21       18       22       18       21       17       22
       21       18       17       12       10       15       10       18       18       11       10        9       15       17       17        8       12        8        9       12
        7       13        8        6        7        5        8        7       11        7        8        8        7        5        3        5        6        6        4        7
        2        3        7        9        6        5        9        4        9       13       10        4        7       10       10       11        9       11       16       13
       11       16       10       14       15       13       10       18       16       15       15       18       15       11       17       15       18       21       28       27
       19       21       21       18       23       23       28       21       27       21       26       21       24       20       19       26       25       16       15       19
       24       19       17       11       11       18       13       29       19       16       18       11       18       19       10        6       12       22       11       10
        9        6       10       13        8        6       15        6        8       10        7       10        4        7        6        5        3        7        2        5
        4        4        7        1        7        4        9        5        8        5        7        8        4        4        7       11        5        5       10       11
       12       18       14       11       10       16       14       19       15       15       22       19        9       21       25       16       22       16       22       17
       20       21       24       24       18       23       22       28       18       36       34       35       30       24       22       22       18       27       25       24
       18       20       15       12       16       20       20       24       19       20       14        9        9       20       10       14       13        4        9        9
       10        9        5       13        6        8        8        5        7        4       12        3        4        3        4        5       12        5        6        1
        3        3        6        8        9        3        4        5        8        4        5       10        6        7        7        8        6        8        4        9
       14        4       12       15       17       14       19       14       20       11       21       16       17       16       17       17       16       27       29       24
       21       27       17       29       24       24       23       25       22       25       16       19       26       27       27       35       19       22       25       21
       23       22       17       22       29       23       26       14       14       18       15       21       14       12       11       17        5       11       14        9
        8        9       15       15        8        6        5       12        8       10        8        5        8        5       10        6        2        5        2        5
        5        5        7        3        5        5        8        4        7        9        5        8       10        7        8        6        9       15        8       14
        7       13       15       14       12       10       13       16       15       20       12       17       23       19       31       17       22       16       14       18
       20       25       18       30       20       18       17       23       30       28       28       31       33       22       33       29       28       24       25       30
       25       23       22       18       23       22       19       22       24       18       16       12       23       18       14       11        8       18       16       12
       19       11        9       11        9       11        9        6        7        9        3        2        4        4        2        7        4        3        3        6
        6        6        4        7        5        5        8        6        4        8       13       12       15        5       14        7        9       15       18       10
       15       14       16       16       20       15       16       15       14        8       20       19       21       15       24       21       18       26       25       24
       34       20       18       32       36       26       31       23       34       26       27       33       35       32       24       23       30       24       30       25
       26       25       18       19       23       18       24       19       18       15       13       18       25       24       15       13       19       13       10       19
       11       10        9        8       13       11       13        9        5        9        8        9        5       11        4        7        5        3        4        7
        7        7        6        5        5        1        6       13        9       11       10       10       14        7        9       19       11       11       12       12
       13       17       20       19       12       12       14       13       27       17       20       23       22       19        9       29       36       31       25       36
       30       23       31       27       30       34       28       38       40       40       38       33       33       33       35       25       45       28       33       21
       25       27       27       25       19       26       25       20       15       13       16       16       19       17       18       14       17       13       12       21
       16        9       12        9       12       13       12        8        4       12        7        6        6        7        4        7        9        7        9        3
        5        6        4        6        3       10        4        9       11        5        8        9        8       13        8       13       11       12        9       12
       14       12       11       16       15       15       17       18       23       23       18       20       30       32       13       15       19       25       27       26
       25       27       24       32       31       29       33       42       37       46       36       28       42       36       30       33       43       26       30       27
       31       24       30       30       24       26       20       27       18       17       16       18       24       17       19       19       21       12        9       16
        8       20        7       10        8        7       15       12       10        7        7        4       10        3        6        8        7        4        4        8
        5        3        8        8        6        9       13        5       13       15       12        9        9       19       16       10        9        8       22        8
        9        8       10       13       23       16       18       14       11       21       15       20       24       26       27       33       29       37       33       42
       28       33       36       26       41       31       36       29       46       38       36       29       23       31       33       26       33       36       36       18
       42       33       30       29       26       27       27       31       22       18       19       17       22       14       14       15       13       18       12       13
       11       24       13       14       16        9       14       10        8        6       11        7        7       15        2        4        6        7        4        7
        4        7        9        5        7        9        4        9        5       13        7       11        9       13        9       17       15       13       22       20
       11       13       12       16       23       16       22       21       19       17       24       33       20       27       29       28       32       27       18       37
       36       41       30       36       32       37       42       36       43       44       33       36       33       34       34       35       45       34       42       35
       31       35       37       26       29       23       18       22       38       18       23       16       24       19       21       14       18       11       15       12
       10       17        7        9       12       14       11       13        9        7       11        9       10        4        9        7        8        5        3       13
        7        8        5        2        8        6       11        9        6        8        6        9       11        9       15        8       15       22        9       17
       17       11       20       18        9       14       20       33       24       21       21       25       45       22       33       30       31       24       25       39
       48       47       29       41       42       47       46       38       36       37       48       45       60       40       36       37       44       35       45       44
       41       45       44       33       34       28       24       19       28       16       22       20       16       18       23       17       17       13        7       18
       15       26        9       13       11       15       14        5       12       11        3        6       10       12        8        3        5        9        6        6
        7       11        7        6        7        6        5       13        6        8        3       16       13        8       10        7       19       14       17       13
       12       24       13       14       15       21       18       23       20       31       28       34       20       30       27       27       31       31       32       51
       43       37       44       56       37       44       38       35       44       55       49       48       35       42       41       46       46       49       36       42
       39       48       24       29       39       31       27       32       34       27       32       17       18       15       19       25       17       24       17       21
       21       12       14       11       25       13       13        9        7        9       11       10        6        5       16        6        4        5        6        4
        5        6        5        6        3        6        8        8        8        9       13       15        9       14       14       11       14       11       17       16
       16       20       20       12       19       19       31       25       24       23       27       27       28       35       37       45       26       54       48       47
       47       41       49       47       51       46       76       52       33       54       57       52       56       32       62       49       45       54       49       39
       46       45       33       35       29       36       32       32       27       19       13       21       26       23       22       28       15       19       11       19
       15       12       15       11       13       14       12       10       10       11        7        8        5        9        8        7       11       11        8        5
        6        4        8        4       13       10        9        6       10        9       12       15        9        9       20       15       21       10       14       13
       15       17       24       27       28       31       20       30       25       27       35       31       41       39       41       44       49       41       43       60
       44       41       46       51       37       63       61       54       50       41       58       61       59       54       45       41       56       54       51       43
       52       34       45       41       51       35       31       32       35       27       26       28       15       20       20       20       18       18       17       20
       18       15       16       11       12       11       10       10        8        9       17       14        9        9        3        6        8        5        6        6
        2        4        2        5       11       11        4        3       13       18       14       10        6        6       10       15       16       16       21       26
       13       17       22       17       29       19       36       17       31       35       35       23       36       38       37       45       39       63       51       57
       63       56       49       47       55       60       68       74       68       67       77       67       72       49       53       67       67       66       55       52
       61       35       31       50       38       42       37       40       33       27       35       22       29       27       23       15       24       19       29       23
       20       23       10       11       10        8       14        6       10        6       11       10       12        7       10        9        8       11        2        4
        8        7        7        8       10        4       10       14       13       12       14       11       11        8       12       16       18       18       19       15
       14       17       26       23       16       17       21       20       34       32       35       32       34       37       38       40       60       60       54       51
       66       58       67       67       70       72       62       62       66       63       61       59       65       61       60       59       62       57       53       58
       54       53       48       47       45       46       36       41       44       27       33       37       35       22       19       31       16       21       12       18
       22       14       13       18       17       10       13        8        9        5       14        9        8        5        9        4        6        4       11        4
        4        3        6        8       10       10        4        8        4       11       10       10       11       10        5       17       24       18       22       15
       18       16       28       37       27       24       25       32       29       35       43       37       48       40       46       46       52       53       39       64
       68       69       66       86       69       61       74       63       83       67       56       87       77       78       77       68       64       67       75       58
       59       68       52       47       47       42       47       35       32       26       41       29       29       31       21       14       12       14       18       20
       20       24       16       16       13        9       12       15        7       11       15        6        7        6       12       12       13        6        4        7
        5        3        3        7       11       10       11       12       14        5       10       13       10        8       19       17       11       16       21       18
       25       25       31       26       24       21       37       27       30       43       51       35       44       33       65       38       59       66       57       47
       66       61       66       73       75       73       84      104       84       87       96       98       85       83       67       82       63       82       60       72
       71       51       57       61       44       40       55       34       30       30       29       28       26       27       33       24       18       24       23       23
       25       19       12       13       15       10       12       18       14       10       10        8       14        7       11       14        5       11        9        7
        4        7        8       12        9       14       12       13        5        7       12        9       12       15       13       22       12       16       16       13
       19       25       27       20       30       29       31       27       33       38       49       38       27       39       53       60       64       54       60       49
       58       85       90       72       76       85       83       97       88       94      106       77       95       95      100       79      106       82       93       67
       78       65       51       60       52       51       41       44       34       26       39       36       31       28       23       17       23       23       22       21
       20       21       18       15       13       17        9       14       10        8        9       11       13        7        7        5        9        9        4       10
        4        5       11        3        6       11        5       10        8        6       10       15        6       13        8       10       20       27       21       23
       14       22       38       26       32       37       32       39       33       55       37       35       41       47       41       67       64       77       59       84
       84       74       77       89       86      121      107      124       92      117      106       92      103      103      103       92       91       70       83       66
       68       68       65       59       64       45       55       52       42       40       35       31       44       33       18       24       21       22       32       14
       26       18       18       22       14        9       15       11       12       15        6        7       11       15        8        7        8        5        5        7
        8       15        9       13       19       14       20        9        9        8        4        8       12       15       12       20       18       21       27       16
       19       29       26       28       27       22       30       34       39       41       49       38       48       37       57       51       71       59       76       78
       90       77       93       99       92       94      126      101      123      134      113      122      135       95      102       86       99       95       98       91
       81       77       62       85       62       68       44       47       55       45       41       36       27       43       35       21       26       33       21       29
       19       12       14       12       17       23       13        9       13       10       13        8       10        9        6        9        7        4        7        4
        5        7       11        8        7        3        6       16       12       11       11       13       13       12       13       12       16       14       17       22
       28       22       31       22       24       28       46       35       46       47       45       41       67       66       76       62       81       74       82       88
      114       94       93      108      131      122      109      144      127      108      134      138      107      142      139      125      123       98       92      106
       92       88       72       73       63       46       51       49       54       59       39       36       46       42       41       30       32       23       16       18
       17       16       21       25       16       15        9        4        8        8       16       13       11       15        9        4        6        9        5       12
        9        9        7        9       13        8        9       11       13        8       13       12       20       10       12       13       22       21       24       27
       34       18       20       36       33       25       49       36       31       52       40       57       46       49       51       77       61       97       85       88
      105      106      133      111      135      124      132      176      138      120      149      157      149      135      148      137      109      119      107      111
       91       68       68       68       80       64       59       44       50       35       49       38       47       29       36       24       31       20       24       28
       29       18       17       21       26       14       20       11        5       17       13        7        7       12        4       11        3       11        3       11
        4        9        6       11        6        5       14       11       13       11       14       13       14       16       19       25       25       13       21       26
       28       23       33       47       25       38       47       38       44       56       51       51       73       61       79       88       88       91       95       98
      121       99      106      157      143      143      152      159      156      176      174      173      149      154      174      140      147      139      104      117
      115      111       94       83       80       53       72       72       51       53       55       39       46       35       31       30       25       31       25       23
       15       24       21       28       21       25       20        9       13       17        9       15        7       13        7       14       15        6       13        5
       14        9        6        9        6       14        6       13        9       10       15       17        8       13       19       15       23       24       18       16
       22       25       27       26       46       23       35       48       57       55       49       70       65       75       77       84      104      101      124      123
      138      151      128      162      135      166      156      186      180      196      186      201      166      175      159      151      131      130      140      116
      129      112      104      107       79       80       61       60       50       50       46       37       41       32       45       32       28       26       22       32
       21       24       12       16       26       20       18       15       21       10       10       13       11        8       10        7        8        6       10        6
        3        9        8        5        5       15       15       17        7        5       17       14       19       20       20       17       19       17       25       21
       23       38       32       33       39       36       43       48       36       60       60       66       67       75       98       69       94      113      108      128
      161      126      140      180      180      179      207      207      196      219      223      212      206      217      200      179      164      164      130      147
      124      101       95       97       82       85       72       58       66       62       53       44       32       39       34       24       45       30       25       35
       27       12       24       24       13       19       13       15       14       14       15       12       10        6       10        6        8       14        9        4
        6       10       13       12        9        5       16       10       10       11       14       13       12       16       18       15       17       17       31       31
       31       27       32       36       45       41       40       49       46       58       58       60       80       90       78       81      111      105      126      129
      122      149      200      201      207      209      215      219      261      254      237      245      236      224      230      213      200      155      154      141
      138      106       92       91       89       70       76       79       62       55       53       30       52       42       37       30       22       27       22       24
       24       21       14       29       20       17        9        8       11       10       21       11        9        6        4       18       11        7       12        6
        8       10        8       11       11        8       11       12       10       23        4       12       14       18       17       18       16       15       27       22
       28       34       26       24       40       42       47       42       50       54       67       61       81       92       77       94      100      114      121      145
      172      171      183      208      221      234      310      308      304      274      308      305      288      247      268      216      190      207      186      149
      145      128      128       90      101       91       62       81       59       56       65       49       49       41       39       34       29       24       23       19
       25       21       22       16       14       17       16       12       10       11       25       14       11       14       10        7        5        7        9        3
        7        5       13        5       13        6        8        6       14        8       11       12        8       12       18       22       27       23       21       33
       26       27       27       29       34       31       35       48       69       55       64       84       70       76       83       92      100      136      149      150
      150      201      220      236      245      299      289      356      350      346      338      343      344      320      300      288      221      219      213      180
      153      163      120      108       90      100       79       64       88       53       60       69       39       39       54       28       36       32       30       25
       34       19       29       16       21       13       16       16       11       13       10       12       14        8        6        8        3        8        8        6
        9        5        6        8       10       17       11       13       14        5       13        7       17       16       12       10       18       18       24       32
       24       33       31       39       42       45       51       50       64       49       58       55       73       90       79       98      107      151      163      215
      173      197      245      252      272      335      386      402      395      429      467      429      395      361      348      302      237      246      200      182
      160      144      133      109       94       99       77       78       72       76       55       48       46       30       41       40       47       31       19       23
       19       30       21       17       20       17       15       15       17       13       11       14       14        6        4        9       10        8        9       10
        3        9       12        9       10        7        8       10       15       15       20       16       17       20       20       21       34       16       27       20
       34       31       36       25       31       34       40       40       51       62       67       65       86      100      101       97      119      120      139      154
      204      226      260      273      295      402      434      452      493      543      591      498      453      404      384      388      284      250      228      200
      163      155      111      112      100       90       93       60       75       57       57       59       42       39       40       27       20       35       26       13
       33       25       19       26       17       21       22        9       12       14       15       11       10       11       11       13       11        8        7       10
        8        7        5       12        7        8       12        6       16       17       15       16       21       24       20       21       20       19       26       37
       25       30       44       38       51       42       36       52       50       56       69       67       96       83      109      122      147      136      159      187
      215      269      257      340      359      377      509      574      579      691      665      623      591      482      423      361      361      291      236      215
      197      179      131      113      106       98       87       72       63       57       81       51       59       61       49       40       45       39       35       28
       23       18       22       15       19       16       20       13       16       14       15       11       14        2        8        8       18        6       10        8
        5        6        9        5       13       13       10        9       10       17       14       20       19       14       21       32       23       28       24       35
       29       31       34       36       58       46       48       43       48       57       76       75      107       95       95      129      115      166      162      186
      246      249      309      364      410      484      596      692      838      951      932      850      761      570      518      437      363      307      280      228
      207      163      154      134      104      117       73       94       65       92       50       55       59       45       29       39       36       26       31       26
       34       21       15       21       28       13       15       15        9        6       10       11       16        9       12        9        6       15        6        2
        7        6        8       13        4       10       12        9       12       11       15       14       22       18       12       12       18       29       25       17
       24       29       33       30       38       37       49       63       61       49       46       73       75       99      117      124      132      131      171      190
      209      250      294      394      443      529      708      878     1047     1337     1239     1110      863      671      600      466      373      342      268      247
      191      153      141      146      134      114      102       94       82       67       69       48       41       45       47       39       37       32       24       20
       25       29       27       19       24       19       18       19       15       10       13        4        8        5        9        7        9        7        8        4
        8       10        6        8        9        9       10       10       14       13       12       16        8       21       23       16       16       25       25       31
       25       34       30       35       33       43       36       56       58       66       72       73       97      100      112      118      129      141      187      183
      234      274      316      419      459      606      763     1056     1552     2016     1813     1446     1166      851      620      494      425      316      263      261
      184      189      168      119      124      107       77       83       88       69       67       53       51       38       55       40       47       33       24       18
       18       37       31       28       20       16       15       14       13       14       10       20        9        4       18        7       11        4        6        9
        8        9       13       12        8       10       11       15       14       10       16       18       24       10       28       17       25       32       25       31
       28       29       42       28       47       59       45       49       57       69       71       75       84       97      130      120      136      177      164      209
      256      259      323      389      517      634      877     1231     2045     3643     3857     1916     1247      872      643      530      404      342      288      246
      200      176      155      151      104      107      112      105       74       78       60       61       51       36       37       26       40       38       30       25
       28       21       16       26       19       23       16       13       15       15       14       15       10        9        4        7        6       10       11        4
        9       11       11        5        9       10        5       14        7        6       14        7       20       17       16       20       20       24       24       25
       29       38       34       38       34       47       39       57       63       62       73       79       98      106       92      132      146      169      179      212
      269      288      341      399      461      629      859     1218     1871     3540     3962     2010     1261      862      694      511      447      408      247      261
      211      173      173      143      122      116       95       98       99       84       61       54       51       50       32       44       36       29       32       21
       19       26       20       21       26       11       14       14       24       14        8       14        6        9       13        5        9        5       11       11
        2        6       11        8        6       10       10       17       15        9       17       19       10       25       24       21       22       27       18       32
       31       43       32       26       34       50       36       70       57       62       77       71       83       85      105      132      142      176      195      215
      250      285      368      408      472      601      792     1091     1525     2034     2170     1497     1027      845      647      481      431      329      285      196
      186      180      156      140      118      113       85       70       77       80       69       60       59       58       53       36       33       38       35       25
       33       27       19       20       17       15       17       23       13       13       14        8       19        3       11        6        8       13       12        6
        4       10        8        8        7       14       10       14        6       10       12       22        9       18       13       15       19       17       24       28
       29       29       38       34       35       41       43       59       58       59       84       68       84      105      113      107      139      154      171      183
      197      251      325      392      414      566      695      891     1198     1286     1316     1123      944      684      548      478      399      341      246      228
      192      199      137      128      108      111       77       84       77       55       59       71       64       44       49       46       32       32       25       29
       33       20       24       17       24       21       14       15       14       10        9       10       11        9        7       10       15       11        9       11
       14        9        8        9       12        8        8        9        6        8       14       12       13       17       21       16       14       21       27       23
       33       33       30       30       38       43       33       36       64       63       70       81       85       95       96      108      127      130      160      173
      225      281      314      376      460      475      630      734      825      923      915      851      693      585      491      436      332      317      256      198
      170      189      163      142      114      119       93       95       65       72       75       43       46       55       43       42       32       29       20       30
       21       25       19       19       23       20       13       18       10       11       12       10        8        9        5       12        6       11        6        4
        4        7        7       10        8        5       10        8       12       14       14        6       17       19       18       16       20       12       25       28
       30       22       33       34       59       41       38       39       57       71       75       70       88       90      106      110      120      140      176      150
      211      259      288      338      398      450      524      609      699      714      698      602      599      515      451      381      313      293      228      185
      164      177      143      145      111       98       93      103       91       77       50       53       55       53       55       43       36       37       29       35
       29       25       22       17       18       22       13       16       12       17        7       10       12       10       10        9        7        7        7       10
        7       15       13        8       14       13        6        9       11       15        8       17       15       15       22       24       31       27       30       33
       28       20       37       42       30       32       38       41       60       63       61       65       86       88       99      114      129      136      164      176
      190      216      274      296      358      384      416      484      540      566      538      523      457      434      378      298      301      265      231      230
      193      157      142      129      113      112       86       69       65       66       59       55       48       42       46       43       29       40       22       34
       21       22       25       17       20       12       14       14       11       11       15       12        8        7        5        5       11        6        5        4
        6        7       11       10       10        9       16       10       13       13       13       23       23       20       19       14       22       34       21       16
       24       30       29       31       41       34       44       70       49       73       52       82       61       92      115      112       96      140      159      160
      172      243      252      253      290      359      341      398      425      433      435      400      404      364      339      296      242      235      213      180
      176      133      149      104       91       74       74       84       67       63       58       59       50       56       34       39       34       26       33       28
       23       26       25       21       15       16       19       16       14        7       15        6       11        7       11        8        6       11        6       11
       10        8       14       12        7       12       13       10       12        7        7       18       16        9       15       25       23       32       25       30
       27       28       24       33       33       57       48       56       47       67       50       72       67       89       85      118      102      124      140      149
      151      185      220      240      234      278      302      370      345      348      385      371      326      308      274      273      245      213      172      186
      136      134      136      111       94       84       97       73       83       77       56       58       37       43       39       34       35       24       36       30
       19       23       20       20       28       19       17       22       21       19       12       17        9       11       12       16       14       12        6       13
        7       12        6        7        6        7        7       12       17       10       15       13       17       12       17       21       16       14       19       22
       29       30       24       33       39       39       55       44       58       56       44       79       78       86       85      103       91      124      139      117
      150      184      185      224      227      262      299      276      306      287      318      292      259      269      214      226      217      187      169      160
      141      139      104       99      119       91       82       68       77       61       69       49       52       43       43       22       38       29       30       23
       24       25       19       24       24       22       16       12       15       16        8        8       10        8       14        7       15       12        7        6
        4       18        6        6       10       11       14       11       10       13       16       16       15       14       20       23       20       37       19       26
       25       29       39       31       29       36       44       52       58       48       51       66       72       80       94      101      104      122      131      130
      156      180      175      187      208      225      262      241      239      253      238      239      231      233      210      189      189      188      161      146
      138      117       88      115       85       77       81       72       56       63       58       47       40       44       42       35       30       25       29       32
       16       23       21       22       16       23        9       16       11       12       11       10       11       14       10       11        9       12        5        7
        4        7       12       14        6       11        7       10        8       10       17       15       19       14       15       17       13       17       24       14
       26       31       38       33       34       36       38       44       50       49       51       61       56       72       76       86       89       87      109      147
      142      138      147      161      226      181      228      212      217      205      227      231      188      208      188      171      192      160      156      127
      119       95       90       96       92       77       70       55       58       51       46       49       36       47       35       36       23       28       29       24
       23       18       32       15       19       15       18       22       12       18       16       12       14       13        6       17        9        8        8        9
       10       17       10        9       11        8        8       11        9       19       14       10       17        9       15       22       12       19       25       28
       30       25       29       32       34       41       31       40       47       47       49       50       70       59       86       91      112       88      108      131
      126      174      141      161      160      167      176      194      173      214      196      185      195      203      197      156      157      113      118      144
      122       94       89       85       68       75       85       58       52       47       38       44       48       39       35       31       31       21       26       24
       19       25       16       15       13       17       19       14       10        7       12        9       12       10        9       11       14        9       15        8
        8       10       11       14       11        5        9        8        9       11       14        8       16       18       13       16       30       24       22       26
       14       25       30       38       31       37       42       51       39       67       55       52       64       59       60       65       83       92       74      107
      113      119      158      137      174      143      149      157      157      165      190      163      155      144      184      179      137      128      109      112
       89      105       83       86       61       71       69       57       73       48       59       52       40       30       39       29       31       21       25       26
       23       29       29       15       10       17       14       18       19       15       10       14        5        9        8       10        6       10        9        5
        8       11        8        7        9        7        8        8        7        9       10       18       14       20       19        9       16       13       29       29
       17       28       25       27       34       40       30       44       43       42       48       52       66       62       72       58       75       81      102       81
      104      115      116      138      145      151      128      144      145      144      156      150      142      147      144      115      104      106       82       88
       89      103       81       96       79       57       52       57       54       57       40       41       38       35       33       39       15       25       34       29
       27       27       23       18       11       14       15       23       15       11        9       10        6       14       15       11        4        5        9        4
        5        9       12        7        5        8        7        9        7        7        8       15       14       17       14       15       16       21       22       26
       15       23       26       29       25       32       53       39       36       45       48       42       67       51       63       99       71       83       95       85
       93       98      110       91      133      115      126      124      111      127      148      124      116      135      147      100       99      120      100      106
       75       64       83       73       66       76       60       58       55       55       44       33       41       40       22       26       32       28       21       32
       27       28       22       17       15       12       16       12        7        6        9        9        7        9        8        9        9       12        8       12
        4        4       10        4       10        5        9       11       10       14       13        9        9       14       16       18       18       13       15       32
       22       27       22       26       31       34       34       33       31       47       53       38       50       60       55       67       75       76       88       65
       84      103       93       98      114      106      114      118      117      104      114      127      107       95       97      110      109       90       85       89
       76       61       86       64       53       43       50       38       50       44       40       43       35       45       31       26       35       29       34       31
       12       19       16       17       22       19       18       12        4       11        9        7       10       11        9        8        6        7        9        8
        4        3        5        9        8        9       14        9       10       12        8       17       17       23       11       24       10       20       29       30
       26       25       25       36       22       41       29       39       35       43       33       49       51       48       43       75       44       85       66       68
       90       79       90       92       98       95      121       93      102       90      110      106      117       90       90       93       84       90       88       82
       72       76       71       55       75       49       47       44       44       43       32       41       32       35       29       26       25       33       26       28
       27       14       13       11       14       21       18       23       12        6       21        8       11        6        6        4        8        4        5        6
        9        9        9       11        9        5       11        8        9       15       16       12       14       16       21       10       13       15       19       28
       25       25       28       24       25       38       29       35       32       35       36       40       55       42       57       45       69       66       71       65
       65       58       76       86      100       93       92      101       92       86       95       76       94       95       76       87       71       74       90       87
       68       66       69       68       59       59       44       38       46       40       37       43       33       31       22       30       23       28       22       10
       22       18       15       32       15       18       16       18       12       12        9        4        9        5        9       12        3        7       10        4
        9        9        8        5       11        9        7       13        6        9       12        9       10       13       13       20       18       22       14       24
       18       18       21       22       18       24       30       23       42       35       44       48       41       57       44       58       65       52       48       64
       69       66       91       78       74      112       69       87       72      107       94       72       83       92       97       90       73       81       65       71
       58       67       68       55       53       46       48       42       30       36       29       35       30       26       31       26       24       20       13       15
       15       27       18       23       11       16       16        9       14        7        8        9       16       10       10       10        6       11        9        8
        8        9       10       12        5        8        7        7       18        6       11       14        8       10       16       19       20       19       25       27
       23       22       19       21       30       42       31       30       36       31       39       47       34       40       39       52       53       63       65       65
       56       54       58       54       74       68       69       90       79       72       90       75       68       62       79       88       73       65       80       44
       59       74       63       53       36       46       44       36       34       42       46       33       28       25       28       13       20       24       18       17
       22       20       17       11       12       14       12       11       11       15       10       12        9        5        5        7        8        6        7        9
        8        5        8        5        8        8        4       15        8       10       10        8        8       11       14       14       15       25       18       22
       19       28       22       18       19       22       19       21       31       43       26       37       51       48       44       49       40       50       46       59
       61       56       59       52       54       60       78       73       75       77       73       76       72       69       75       85       61       83       56       67
       44       60       43       55       56       37       43       33       37       36       35       22       26       34       25       23       27       17       23       13
       22       20       14        8       15        8       16        6       12       12       10       10        8        4        7        9        6        6       12        5
        4        4       12       13        6        6       14       16       12        7       13       12       12       12        6       15       24       12       16       15
       21       17       11       26       28       20       30       22       23       25       40       36       35       40       26       42       49       45       44       49
       50       62       54       46       58       51       61       65       59       64       85       63       46       56       47       49       66       62       65       71
       53       53       42       37       43       48       53       48       32       21       30       32       26       33       23       25       26       14       19       22
       17       16       22       10       22        7       13       12       16       13        9       13       12        9        6        8        8        6        5        3
        6        7        8        3        7        7        8        8        9       10       11        9       13       11       12       14       17       15       12       11
       17       18        8       28       33       27       24       32       24       25       32       33       33       41       40       29       43       45       47       45
       37       53       46       45       55       52       59       68       54       59       53       54       67       49       59       46       51       71       55       36
       41       54       51       41       34       35       41       21       36       22       34       30       24       19       20       19       20       23       11       14
       23       12       13        9       11       17       13       10        9        9       12       11        8        6        9        8        3        8        5        5
        4        7        9       10        7        7        8       13       13       12       12        8       17       11       16       13        6       15       16       19
       21       30       21       17       17       24       27       30       36       25       35       33       26       33       32       32       25       28       37       40
       47       40       45       51       50       54       64       36       40       43       50       56       50       56       50       48       50       52       51       29
       45       47       28       40       32       37       36       43       36       26       37       24       21       17       23       21       29       20       17       10
       19       16       14       14       10       11       10       13       12       10       11        8        7        5       10        9       13        9        3        9
        9        5        5        7        5        4        3        6        6        7        9       11        9       11        8       11       14       11       16       18
       16       24       10       20       20       17       27       27       29       32       29       35       18       35       30       33       41       39       37       38
       32       58       40       46       44       46       56       47       51       47       41       32       44       51       46       59       47       51       47       36
       41       52       39       42       29       24       31       28       19       37       19       24       19       37       17       28       17       19       14       14
       15       13       15       16       13       11       12       11       19        9        9        8        6        8        9       13        4        8        7        4
        4        6        9        5        5       11        6       11        7        7        7        6        6       16       17       15       16       20       13       12
       17       24       18       23       17       19       22       14       21       16       25       25       31       38       26       41       27       27       34       24
       44       40       43       61       60       51       38       43       37       35       50       42       44       46       39       35       55       46       50       38
       46       30       25       26       30       26       31       28       27       22       27       25       28       23       16       20       22       12       18        9
       16       12        8        8        8        6       13       12        9       10        9        8        7       12        7        7       12        5        9        4
        3        7        2        8       10        7       11        5       10        8       15        7       13        9       16       12       22       12       13       17
       13       14       13       12       12       14       15       20       22       23       33       25       37       20       25       40       31       33       21       30
       45       37       38       36       46       41       47       30       34       38       27       24       56       39       33       30       36       36       34       27
       32       33       29       17       34       31       29       26       29       22       21       15       21       29       19       15        7       15       11       15
       14       15       18        9        8        5        9       10        9        9       10        3        3        4        5        7       10        8       12        4
        6        7        8        5        6        5        5        5        6        6        9        7       10       11       12       13       12       12       13       13
       16       11       11       15       18       20       20       23       22       25       19       23       29       20       19       27       32       19       33       28
       26       35       27       41       34       36       40       35       44       45       29       34       41       40       32       29       35       35       32       27
       43       21       29       31       30       20       24       18       23       27       20       22       15       23       19       14        9       11        8       16
       14       14       11        8       14       11        8        6        9       11        8        7        7        1        7        7       11        7        6        7
        7        1        8        6        8        8       10        4        9        9        6        4       12        5       13       11       14        8       10       11
       25       16       16       14       19       14       14       26       25       19       19       24       20       24       23       27       35       20       50       39
       27       22       39       31       30       25       39       31       39       33       34       19       38       23       38       41       39       28       29       32
       26       33       28       26       26       28       20       22       19       26       20       26       26       17       12       19       16       13       17       18
       10        7       12       11        8       11       14       11       12       10       10        8        8       10        3        4        4        5        4        2
        5        4        7        6       11        4        4        5        9        7       13       10        8       10       14        9       12       13       14        8
       19       10       14       17       20       15       12       22       22       31       21       20       15       18       25       34       18       26       35       22
       33       34       20       26       42       24       36       28       19       30       25       31       39       37       23       31       23       37       29       15
       36       25       29       30       26       28       25       27       25       13       18       22       19       11       17       15       19       12       13       20
       12       14       10       14       10       10       12       12       16       11        5        4       10        5        4        7        5        5        7        3
        3        7        6        4        7        6        6        4       11        7        7        2       11       12       12       16        9       13        8       18
       12       14       15       10       20       13       21       15       16       18       15       22       22       14       21       20       24       29       24       28
       31       29       33       30       28       30       29       37       31       25       25       32       34       35       28       24       29       32       25       29
       38       32       21       30       20       26       12       20       17       16       17       18       22       11       14       20       13       19       15       12
       13        3        9       13        7        9        3       10        6        9        9       11        5        5        9        2        4        8        8        7
        2        3        7        5        3       10        7        5        8        4        3        5       11       10       10        7        6        4       12       12
       14       20       20        7       13       16       18       17       22       23       20       12       17       15        7       21       17       18       24       27
       21       27       25       30       24       26       29       31       30       25       21       25       26       26       35       27       22       27       15       35
       24       25       31       21       34       31       19       24       18       18       14       12       14       10        8       12       12       13       14       16
       13       13       10       14        5       15       10       10       10        9        4        5        7        8       12        7        6        4        6        4
        2        3        7        9        7        6        3        7        9        5        2        5        5        8       13        6       15       11       11       24
       16       18        6       15       17       14        8       17       18       11       14       13       20       17       12       20       18       27       24       22
       26       15       24       23       23       31       22       31       34       30       20       19       24       18       24       24       26       23       23       19
       32       21       32       20       24       22       15       23       20       23       14       18       21       15       10       10       15       15       10        8
       14       10        7        8        8       18       10        7        7       10        6        8        6        3        7        8        5        5        6        7
        2        6        5        6        3        3        3        6        1        6        3       11        8        7        8        5       14        6        8        9
       11       12       12        9       13       11       19       15       14       11       18       13       10       21       17       21       23       31       17       23
       21       16       22       24       37       21       25       18       28       26       26       24       35       24       33       26       20       17       30       24
       24       17       23       17       20       13       20       19       12       11       19       16       16        7       11       20       12        9        8       12
       13        3        6        7        9        7        7        8        8        3        8        5        6        4        5        5        5        4        2        2
        4        7        5        7        3        8        7        4       11        7       11        6       14        8        9        4       12        9        6       10
        8       12       17       13       19       17       12       15       10       22       18        7       23       26       19       26       14        9       10       27
       13       21       21       24       21       25       28       18       20       22       24       27       19       14       20       25       16       24       28       23
       15       20       14       20       17       17       14       14       18       21       19       12       15       11       17        9       14       11        7        8
        7        8       13       10        9       14        9        4        6        7        8       13        9        7        3        4        3        5        2        7
        4        4        6        5        8        7       10       11        5        6       14        8        5        9        5        7        7        7       11       11
       12        3        6       11       11       12       12        7       11       10       14       12       15        6       10       20       14       16       16       20
       25       16       19       23       19       27       19       19       14       33       29       24       21       28       28       21       13       21       18       21
       14       20       21       18       17       22       16       17       18       12        8       12        7       12        9       10       20        9       13       11
        6        9        5        9       10        5        7        5        5        5        6        4        4        4        9        5        4        8        3        8
        7        3        5        2        6        4        3        3        5        4        9        5        7       10        9       10       16        9       14        7
        7       14       12        7       11       11        8       18        9       15       15       15       14        7       22       10        9       22       17       15
       16       13       23       16       24        7       13       28       20       26       25       29       17       12       23       21       16       19       24       23
       17       18       16       17       11       14       18        9       19       17       16       19       16       11        9       11       11        6        7       12
       10        9       11       11        8        5        6       10        3        5        3        7        4        7        3        3        7        4        3        5
        5        6        6        5        8        5        5        5        5        6        5        5       10        8        7       10        7        4       15        4
       10       14       16        8        8       15       16       11       11        8        5       17       21       14       13       12       14       15       21       10
       14       18       23       20       17       16       22       13       19       22       17       13       18       15       15       17       17       29       18       16
       20       17       17       16       11        9       17        6       12       13       22        7       10        7       11        9       12       10       13       11
        8       11       11       11       10        7        7        6        7        6        3        6       10        2        2        5        3        3        3        4
        0        4        4        6        5       11        3        5        8        2       12        7        8        4        6        3        4        4        5       10
        8        8        7       11       11        9       15       19       10       13        8        6        8        7        7       15       13       21       18       14
       17       20       15       15       10       21       18       21       19       15       18       16        8       12       20       13       12       17       20       14
       17       13       10       23       12       11       20       12       12       11        5        7       13       12       15       11        7       13        8        8
       12        9        6       11        4        7        6       10        6        4        5        6        6        4        9        4        8        5        1        6
        4        6        1        4        3        6        3        2        6        3        5        9        6        4        5       10        9        7        4       14
        7        8        4        8       10       14       18        6        8       10        7       14       12       18       18       16       11       12       21       23
       15       20       19       15       16       17       23       26       16       26       23       18       28       16        8       20       15       13       19       15
       20       13       10       18       19       13       12       13       15       11       11       12       11       10        9        9        8       16       11        9
       10        7        4        8        8        6        5        5        6        7        5        4        4        6        7        5        7        4        7        4
        1        6        5        5        6        5        4        5        7        9        5        5        7        5        8        4        8       11        9        6
        6        8       12        9       19       15       11       13       13        8        9        9       10       15       17        9       12       11       10       18
       14       13       14       13       10       15       15       11       12       15       14       10        9       11       19       16       18       13       19       10
       12       11       14       16       12       13       21       12        9        8        5       12        7       12        8       10        7        9        7       12
        7       10       12        7        5        9        5        4        7        4        3        5        3        7        5       12        9        4        3        3
        4        3        3        5        5        4        4        4        4        7        3        8        9        8        7        6       12        5        7        7
       12        8        6       11       15        6       12        8       11       13        5        6       10       10        9        9       10       13       14        9
       10       15       13       14       13       14       12       19       16       18       18       21       11       18       16       11       14       12       14       13
       15       12       20       17       19       19        5       11       16        9       10        9       17        2        6       10        6        6       12        9
       10        8        7        6        5       11        4        5        3        8        3        2       10        2        5        7        4        3        3        3
        6        4        6        7        7        3        9        3        2        4        1        5       14        9        8        3        3        7        6        9
       14       12        9        7        4        4       12       13       13        7        4        7        7        7       12        8        7       13       11       13
       10       11       17        9       15       11       19       17        9       15       12       19        9       19       15        6       18       17       11       15
       10       14        9       17        5        5       15       16       12       11       10        5       13       12        9       11        7       11       14        8
        9        8        5        1       10        8        4        6       12        4        7        3        5        4        2        4        2        3        1        8
        4        4        5        4       11        4        1        3        6        1        4       11        5        5        2       10        4        7       13        7
       11        6        5        3        4       12        9        8        8       10        9        9       14        5       10       14        7       14        9       10
       13       13       20       17       15       18       16       13       13       11       16       13        9       13       16        6       13       14       14       13
       11        7        7       11        6       15       10        9        8       13       22        7       15       11        9       12       11        6        4        8
        4        9        4        4        6        2        4        7        7        6        6        4        1        1        6        6        7        2        3        3
        3        5        2        5        4        5        1        6        5        6        3        9        7        6        3        4        8        8        7        7
        6        9        3       10        8        8        9       12       12        3        8        7        7        8        7        9       10       10        5        9
        8       22       13       12       16       11       17        9       10        7       14        9       19        8       11       13        5        8       12        9
        6       15       13        9       11        8        9       10       10        7       11       10        3        8        8       10        9        6        3       10
        0        8       12        9        5        4        6       14        5        7        7        6        6        2        4        5        1        6        0        7
        3        3        7        7        6        4        5        7        4        2        4        7        6        6        3        5       10        6        7       10
        4        7        5        5       13        7        6       10       11        5       10       16        9        9        5       11        9        9        8        9
       10       14       18       16        6       11       14        7       12        9       18       10       13        6       11       15        4        8       14       12
        8       11        7       12        4        9       15       14        8        4        8        4        6       10        2        6        9        9        3        8
        5        5        4        8        8        4        2        4        9        4        4        6        7        4        6        5        5        3        8        4
        2        4        2        2        2        0        5        3        5        1        5        8        4        3       13        4        7        5        5        4
       12        3        2        3        5        5       11       10        5        8        9       10        6        6       11       10       12        4        9       13
       16        7        9        6       11       11       10       16        9        8       10        7       10       15       12        9       16       10       13       10
       10        8        7        5        8        4        9       10        9       12        9        7        5        4        9        8        5       10        8        6
        3        3        9        5        3        8        7        7        5        4        5        1        7        4        4        3        2        2        4        0
        3        2        7        3        4        4        7        7        7        3        3        4        6        5        1        2        5        7        8        7
        8       11        7        5        5        8       15       14        7       10        4        9        8        7        6        9       10        5       11        5
       10        8        7       12        5       10        5       14        5        5        8       11        9        7        6        9        6        6       14       12
        9        9       13       11       10        7       19        9        7       11        7        7       12        5        7        5        7        6        9        3
        3        4        6        5        4        3        7        2        1        6        1        5        3        8        1        4        4        4        2        4
        0        3        4        7        2        4        0        5        4        7        2        6        7        0        3        3        7        9        6        8
        1        7        6        5        8        7        8        3        9        8        7        7        7        6        5       10       11       13        7        6
        7        7       10       11        6       13       10        9       11       11        9       13        8        6       10        6        8        3        7        9
        6        7       10       11       12        7        7        3        8        5        7        5        8        5        5        8        1        6        7        4
        7        4        7       11        6        5        2        2        3        1        5        9        2        3        4        2        1        4        6        4
        4        3        2        0        5        3        4        5        1        4        3        7        6        1        6        3        4        8       10        5
       17        7        2       11        2       11        6       10        7        9        9        7        7       10        5       12        7        8        8        5
        7        5        5       10       11        9        8        4       13       11        9       13       11       13        8        5       11        9       10        4
        8        4        6        5        5       14       12        7        2        5        7        8       15        3        5        6        6        9        0        2
        1        6        3        4        5        4        3        6        6        4        4        1        3        4        4        8        5        3        4        4
