        2        1        9        2        4        3        6        6        2        3        6        1        3        2        3        5        8        2        7        6
        7        8        3        7       13        3        8        6        5        6        8        9        7       11        7        7       12        7        8       14
       11       10       13       12        6        9       11       10       10        8        8        8        8        6        9       12       10       10       11       14
        9        5        8       13       10        9        7        6        5        4        4        5        4       10        8        6        6        7        5       11
        5        4        9        0        9        5        4        7        4        1        4        6        8        4        2        5        4        2        2        1
        6        4        5        1        4        3        6        5        3        4        3        7        5        7        5        2        5        7        6        4
        4        5        5        8        6        9        2        5        9       10       10       11       10        6       10       11        9       10        8       11
       14       12       11       10       11        7       14       13        6        7        6       13       13        4       15       11       14       10       15       13
       13        4        8        9       10        8        9       10       11        6       10        7       11       10        4        3        7       11        7        7
        5        7        5        2        8        4        4        6        7        2        2        4        6        7        2        8        3        1        2        3
        2        3        0        7        3        1        5        4        5        8        5        4        2        4        7        3        6        5        2        6
        8        5        9        5        2        5        6       12        8       12       11        8        9        9        9       12        9        7        5       11
        8        8        8        3        8        9       10       11       10        9        6       13        8       17       14        9       13       12        9        6
       10        8       11       11       10        7        7        9        5        6        8       10        7       13        6        9        5        5        7        6
        5        7        5        5        6        4        4        2        8        7        2        7        8       11        3        5        3        7        3        2
        2        2        3        2        4        8        4        4        7        3        7        4        6        5        4        9        8        7        5        6
        3        6        9        9        2       12        6        5       10        4        6        9        6        6       16       11       14       10        8       13
        7       15        3        8        8       18       12       13        9       11       10       14       16        8        7        6       11       13        9       11
       11        8       14        3        5        4       12        8        9        8       11        7       10       10        6        6       10        2        5        3
        7        6        6        7        7        9        5        2        7        4        2        1        6        6        3        6        4        2        2        7
        9        6       11        4        0        5        8        3        5        5        2        4        5        1        6        3        8        9        4        5
        9       10        7       12       10       10        8       10       10        9       11        8        5        7        8       11        8       14        8        8
       11       10        8        9       11       12       10       12        8       13        9       14        7       16       14       14       15       20        8       14
        4        9       11       11       12        7       13       12        8       15       16        6        8        3        9        8        6        7       11        3
       11        9        4        4        5        7        9        6        3        4        6        6        2        9        2        6        4        3        4        4
        6        6        2        2        6        6       10        3        2        4        3        4        6        8        5        6        7        8       10        2
        5        2        9        6        9        9        9        9       16        9        9       12       13       11        9       17       12       15        9        5
       11       11       10       12       10        8       12       11       10       16        6       13       16        8       11       18       11       11        9       11
       13       11       17       16       13       12        7       10        7       10       11        7        9        7        9        7        6       14        9        2
        5        5        6        7        5        5        5        2        5        5        6        1        6        3        4        5        6        6        5        2
        4        3        3        5        3        4        6        5        6        7        8        4       12        6        7        5        7        6       10       11
        9        5        6        7        7        8       13       15       10       15        9       13       14       11        5        5       17       12       13       11
       11       16       14        9        7       17        9       11       13        8       14       22       13       12       14       17       13       10        9        8
       19        3       12       19       12       11       13        8       12       14       10        2       10       11        7        5        7       12        5        3
        8       13       10        3        8       11        6        5        6        5        7        3        7        2        3        7        8       11        7        3
        3        4        7        7        0        5        2        4        4        2        3        4        9        6        5        9        5        4        7        7
        4        4        7       13        9        9        7        7       12       13       14       15       12       14       16       19       14       15       19       12
       10       12       10       17       20       10       26       15       15       11       18       10       11       14       11       10       16       14       14       10
       16        8       12       18       13       15       13       12       19        9       10        4       12        9        5       11        4        8       10       11
       12        9        9        4        4        9        7        7        8        9        2        2        4        1        4        7        7        7        5        4
        6        4        5        5        7        5        5        6        4        4        8        6        4        6        7        7        7        9        7        9
        9        6       18       13        6        9       11       14        8       10       12       11       10       14       12       16       16       18       14       11
       11       12       12       18       12       17       14       13       15       10       20       11       16       13       10       11       17       17       17       10
       14       16       25       12       10        5       12       14       18       12       14        7       12        8       11        6        7       11       14       11
        7        5       10        8       12        7        5       11        8       12        7        4        5        5        4        6        4        7        3        4
        6        4        5        8        6        3        3        6        7        6       10       10        2        5        3        9       14       14        6       11
       13        9        5        8        7        9        7       12       17        6       11       10        8       11       17       15       14       13       13       14
       11       13       17       25        7       16       16       13       20       13       17       17       12       18       13       13       14       13       16       20
       25       22       17       11       21       14       13       10        8        9       14       14       17       11       10        7       10       12        8        8
       11       12        4       10        3        5        5        8        9        6        6        6        7        8        6        7        5        1        6        5
        2        7        9        5        3        1        4        7        7        3        4        6        4        3        4       11        7        8        7        8
        6        7       13       14        8        9       12       10       12       20       12       16       16       18       17       18       13       16       17       27
       18       14       18       19       13       20       16       31       18       16       15       16       22       16       17       19       24       17       20       13
       19       28       17       17       15       16       10       16        8       14       16       12       10        5        4        8       14        8       13        7
        5       14       10       11       10        5       17        5        7        4       10        4        7        8        3        5        8        7        2        4
        3        1        7        5        4        6        6        2        8        8        3        4        4        7        6       15        8        9       11        1
        9        4       13       11       14       12       10       12       12       22       16       18       17       12       19       19       15       23       17       13
       24       23       25       20       14       19       19       18       22       20       20       17       19       14       23       16       15       13       21       16
       19       18       12       15       12       20       10       18       13       12        9       15       11       10        9       14        7       21        9       11
        9        8        9       10        6       11        6        9        6        4        3        8        7        8        6        2        3        5        4        3
        4        6        4        5       11        5        2        6        8        7        5        5        8        6        4       11       12        9        7        9
        8        3        6       11       16       16       16       12        8       12       14       17       13       10       18       24       15       13       17       16
       17       15       16       25       19       16       27       22       18       19       25       21       17       20       18       21       20       22       23       19
       16       17       16       22        8       13       21       15       14       15        8        5       12       18       12       14       14       11       14       12
       17        6       11       14       12        8        8        8        9        7        7        4        6        5        5        4        2        5        3        7
        3        4        7        5        3        7        4        5       11        9        6        7        7        9        9        6        8       11        5        8
       12       12       16       14       10       10       17       11        8       15       19       15       14       21       20       14       22       16       22       17
       10       14       39       21       26       23       27       20       28       24       22       31       28       19       25       25       22       14       23       27
       16       18       19       19       17       15       15       22       16       20       12       11       21       16       14       14       11        9        8       11
       17        9        8        7        7       12        6        9        3        3       13        4        7        7        5        3        5       10        6        4
        4        6        3        4        7        6        8        7        4        9        9        7       10        9        6        5       12       11       11        5
        7        2       13       21       10       10       12       12       23       14       12       13       21       12       20       13       22       22       22       25
       18       16       24       23       33       23       24       24       27       23       20       23       24       16       22       26       22       27       21       23
       17       17       13       18       14       15       15       16       15        6       16       16       16       18       11       11       16       10        8        8
       13       15       11        7        4        7        6        9        8        5        9        8        6        3        3        4       11        7       10        5
        9        3        7        9        6        6        6        3        9        3       12       10        4        8       10       11       11        8       13       16
       16       14        7        9       10       17        4       11       19       20       10       24       24        8       15       15       16       16       25       16
       30       29       18       13       29       27       26       27       28       25       34       21       25       21       28       24       25       24       15       24
       34       24       26       22       16       23       11       21       25       20       21       13       25       12        8       19       11       16       14       13
       12       17       15        5        7       13       10        5       11       11        9        6        5        1        7        2        6        4        7        4
        6        2        7        6        2       15        5        9        7       12        7       10        9        7        6       12        9       11       15       13
       10       13       11       15       15        7       18       16       23       15       22       11       28       24       20       22       18       26       20       20
       18       20       28       28       20       18       33       31       36       26       26       24       37       23       26       28       18       31       36       25
       14       19       25       21       25       11       24       14       23       21       15       17        8       10        9        8        9       21       13       18
       12       10        8       10        8        7       11        5        9        9        5        7        5        4       11        8        5        5        6        2
        7        6        9        2        5        6        5        2       11       10        7        8        5       11        6       11       15        9        7        5
       16       18       12       18       18       10       26       19       14       18       16       17       25       27       27       23       21       28       33       25
       28       32       28       36       35       27       42       25       25       26       34       28       34       33       30       17       21       21       40       25
       30       20       25       23       18       17       20       14       21       27       15       21       25       20       23       15        9        9       11       14
       13        9        7       12       10       10        9        5       15        8        6        9        8        4        8        5        3        6        3        5
        5        6        2        8        4        3        8        4       10       10       18        7        6        5        7        9       17       10       10       14
       17       11       15       17       13       18       15       15       17       18       19       21       21       29       34       25       30       28       24       35
       21       27       41       29       37       23       31       37       32       49       29       43       33       29       37       35       36       32       40       26
       25       22       27       27       28       18       19       25       27       21       13       23       20       11       20       17       11       14       20       14
       16        9        8       10        6        8       10       10       10        8       11        7       12        6        6        9       10       11        4        4
       10        7        4        4        6        6        9        8       13        9       11        6        5        9        9        8       13        9        5       16
        9        9       18       19       18       19       12       15       18       27       17       26       31       18       28       24       22       28       32       26
       27       37       33       31       32       28       27       37       41       30       29       27       27       34       41       30       35       26       32       34
       38       24       22       20       32       28       22       24       23       11       21       15       14       16       18       20       23       11       18       23
       19       13       12       11        6       12        6        6       10       12       13        7        7        7        9       17       11       12        6        3
        6        7       11        9        6        9        8        7        9       10        8        3        4        9       17       13        9        8        9       10
       16       19       19       15       16       20       19       13       17       19       11       21       35       34       28       28       28       22       37       30
       41       37       33       38       37       37       38       42       38       28       29       31       31       31       44       33       36       44       38       36
       32       40       35       23       33       28       40       29       14       18       23       20       24       23       16       20       20       19       12       13
        9       15       12       15       16       16       13        9       15       10        9        9        7        7        6        4        4       11        9        5
        7       12        8        9       13        7        5        9       12       12       12       10        8       14       12       16       13       13       19       10
       12       16       12       24       23       19       28       18       22       24       27       20       25       31       31       32       33       29       28       37
       28       34       32       45       33       36       42       39       37       40       41       40       44       47       32       36       38       41       38       39
       29       35       38       21       23       24       29       23       19       22       30       22       14       25       12       14       14       16       20       10
       18       16       15       12       16       14       10       17       11       11       12        4        7       11        7        4        8       12        5        3
        5        7        6        7       11       14        9        8        8       13        7       12       16        6       14       15       13       12       26       15
       13       22        5       21       17       19       17       26       28       29       21       34       23       22       24       37       29       36       28       52
       48       26       39       39       36       45       41       39       51       49       44       35       41       57       50       37       39       39       44       46
       39       46       36       43       36       39       35       38       31       28       26       20       19       19       20       20       13       10       12       12
       14       16       15        7       15       11       13        9       11       16        6       14        6        6        6        8        5        8        5        2
        4        8        6        4        3       12       11       11       10       13        7       12       15       14       18       19       20       16       13       15
       22       17       24       20       17       24       17       28       21       21       25       24       35       42       34       44       33       39       49       52
       42       52       43       38       50       43       39       60       50       45       49       52       56       36       43       42       47       58       39       45
       43       29       43       32       41       36       33       33       36       32       27       20       25       23       28       22       16       13       17       15
       20       16       17       15       14        8        7       12       13        7       12        5       11        7       10        5        9        9        3        8
       12        5        7        2        6        7        6       15        9        8        9       14        9       12       13       16       16       19       26       22
       11       18       14       30       27       19       24       25       22       30       31       31       34       35       36       34       43       43       38       46
       46       62       47       52       43       41       41       53       51       48       54       66       44       60       36       38       44       60       40       47
       49       46       35       41       28       38       31       28       34       30       32       38       32       23       35       23       18       17       14       25
       12       13       15       17       11       18       17       10       10       10       11        3       13        7       13        7        3       14       12       11
        2        7        3       13        3        9       13        7        8       11       10       14       12       12       14       11       18       17       19       16
       21       24       20       26       27       25       29       29       25       35       37       31       31       33       25       46       32       42       59       57
       46       44       54       56       68       39       54       72       63       72       59       60       48       52       49       68       62       50       36       57
       37       47       48       45       41       35       35       31       34       25       33       27       22       29       16       24       26       29       22       17
       15       19       10       21       15       16       12        5       15       16        3       12        8        8        7       11       10        6        6        4
        4        9        9        5        7       11        8        5        8       11        7       14       15        9       20       13       19       18       16       17
       13       24       28       27       25       22       24       25       28       33       42       27       42       36       38       44       53       44       62       57
       54       79       48       66       50       61       59       68       64       66       56       65       59       65       49       58       68       67       58       43
       55       55       43       53       41       37       40       45       33       40       38       26       21       29       13       33       23       16       24       28
       24       16       11       13       13       15       15        5       13       15       16        9        5        9        5       11        7        9        6        5
        7        7        6        8        7       16       12        7       12        9       11        7       15        9       17       17       13       15       14       20
       22       15       17       23       38       31       30       27       27       39       33       43       35       48       52       47       41       53       59       56
       65       55       65       65       66       60       83       72       60       71       62       81       53       74       69       75       63       57       57       59
       50       47       49       55       41       39       39       32       40       30       34       28       31       29       23       22       23       17       10       22
       23       19       14       15        9       13       11       13       16        9       11       12        7        6        6        7       10        8        7       10
        5        6        8        7        7        9       13       12        9        9        9       12       14       15       10       23       17       12       22       22
       10       21       20       26       22       18       23       30       41       36       30       30       33       45       50       43       46       46       49       63
       45       70       71       78       79       79       91       84       78       58       88       81       81       68       67       57       87       56       54       55
       78       50       54       51       69       43       35       44       36       44       30       35       41       39       26       25       27       27       19       25
       23       20       19       14       10       17       19       12       17       16       11       10       13       10        7       10        7        3        5        4
        9        7        9        8        9       10        8        8       13        7        8       13       10       19       21       18       14       21       27       16
       23       17       27       26       30       29       27       26       39       38       41       39       39       49       44       57       59       56       56       78
       83       68       77       62       84       83       79       77       88       99       93      101       92       81       83       93       77       71       67       78
       67       62       72       49       53       47       41       44       39       50       31       36       32       32       33       28       26       31       20       20
       19       15       24       17       17        5       14       13        8        8       10       10        8        9       17        4        5        7        2        3
        7       11       11        7       11       14        9       11        5       15       10       13       13       18       11        9       19       15       19       13
       24       24       21       23       38       19       23       28       37       37       48       51       43       54       54       52       55       63       55       75
       81       67       65       64       88       81       84       98       83       87      110       84       98      114       89       69       84       71       59       78
       79       76       62       54       59       45       40       35       37       51       47       39       38       36       40       20       21       20       39       28
       13       30       25       20       18       13       14       22       12        9        9       15       17        9        7        4        6        6       10        8
       10       13        6        5        8       14       11        8       11        9        8       18        6       19        8       15       12       11       21       21
       18       29       21       37       26       32       29       39       40       40       44       52       40       41       64       68       57       68       88       73
       89       72       89       88      105       85      112      121       94      113      104       85      100       94      111      108      105       96       81      103
       84       74       61       68       45       45       60       49       51       46       39       43       28       39       22       19       31       33       17       24
       22       23       12       17       11       26       15        9        9       12        9       15       14        9       10        8        9        6        9        6
       15        5        9       16       11       10        9        6       12       14       19       15       14       18       14       19       21       16       21       20
       29       18       21       33       35       40       40       38       36       52       42       35       61       52       59       62       64       74      105       96
      100       96      130       95      121       93      127      124      121      118      116      129      108      121       90      127       93      116       88       75
       73       79       83       67       68       69       54       67       54       41       29       48       34       40       30       25       25       35       24       23
       24       18       17       20       13       18       14        9       15       25       13       11       11       11       11        9        5        4       10        1
        9        4       11       11       18        9        9       11       11        9        9       18       16       16       17       10       15       22       16       23
       30       33       28       27       31       32       49       37       57       42       53       53       57       58       69       73       66      103       62       95
       93      102      121      127      110      135      110      110      141      134      143      131      124      128      127      130      107      103      105       83
       92       80       62       86       72       77       49       57       46       54       42       40       37       27       34       33       38       31       32       22
       18       16       20        8       18       14       15       13        8       11       10       11        9        9       18        8       15        9        7        5
       10        9        3        8        9       12       12        8       13       13       15       21       15        5       18       26       16       17       20       27
       25       34       21       31       49       29       39       55       47       37       66       54       62       67       78       89       99       87       80       84
      109       88      111      123      125      130      123      156      158      155      128      156      169      118       98      132      126       99      127       90
      110       97       84       72       60       81       68       64       53       50       44       31       35       47       43       33       29       22       22       20
       19       18       16       23       10       18       15       10       11       17       14       16       14       19       11       14        5       14        5        4
       10        6        8        6       10       15       10       11        9       17       10       13       12       16       14       22       16       17       22       21
       27       26       33       27       38       27       35       40       62       54       65       79       85       54       68       98       93       88       95       92
      112      115      120      130      149      132      143      150      165      163      168      142      178      144      140      144      131      137      116      115
      108      113      105      119      100       89       72       65       33       52       53       47       47       47       37       48       27       28       30       31
       22       26       34       14       17        9       13       19       20       14       15       11        9       16       12        5        8       13        8        6
       11       12       10       11       13       12       11       10        8       11       16       11       18       16       18       15       14       21       22       23
       34       20       27       43       45       36       60       46       51       63       61       75       70       67       94       71       99      107      116      118
      133      138      146      142      169      168      197      190      174      176      203      217      213      181      144      160      147      142      147      121
      118      107      108      108       80       73       71       73       56       62       63       65       44       42       34       34       42       35       33       16
       27       27       20       18       17       17       14        9       14       13       12       11       13       12       11       11        4        6        3        9
        7        2        8       15       12        4        8       11        8       23       16       17       25       19        9       33       24       15       33       18
       16       30       26       32       28       51       47       47       44       45       44       73       71       95       88       77      106      102      119      149
      133      141      159      211      175      180      214      194      194      221      213      207      191      190      200      170      171      159      165      156
      128      131       96       95       84       95       71       69       60       50       67       38       37       48       29       23       43       35       36       18
       26       21       22       22       22       14       13       15       23       21       13       14       16       13       13        7        9       10        3        7
        6        6        9        7        9       11       10        8       12        8       13       17       18       20       17       11       13       24       15       24
       22       34       36       27       37       35       59       56       56       78       52       66       82       95       99       94      111       99      116      148
      156      156      157      196      213      232      215      255      237      243      261      239      229      279      212      209      211      169      170      174
      150      132      114      120       98       83       76       74       80       63       52       72       46       41       41       34       33       37       32       36
       23       27       17       19       20       26       18       17       11       14       15        6        9       12       20       11       17        8        9        8
        9        7        7        8        7       13        7       11       10       17       13       10       19       10       16       21       22       29       22       33
       26       34       24       43       49       47       56       41       71       55       79       66       92       84       97       99      103      130      152      123
      181      194      183      205      253      227      310      297      264      285      269      266      266      261      233      250      226      205      171      154
      158      171      133      121       96      105       91       90       84       73       55       65       51       50       45       53       39       35       29       29
       34       21       18       22       21       19       14       21       27       19       13        8       15       11        6        9        6       10        6        4
        5        8       16       12        8       11       10       10       16       10       10       16       18       12       19       19       29       28       17       25
       23       32       33       42       41       30       48       53       59       61       68       64       85       74       91      106      130      126      123      176
      183      186      223      268      242      286      307      294      347      328      353      326      300      307      295      279      219      229      216      193
      148      143      160      126      106      119       76       89       98       64       62       76       46       48       53       47       44       44       48       28
       27       25       23       18       27       20       19        8        9       10       18       10       17       11       15       10       13       11       14        8
        8        5        9       10       16        8       11       15       13       13       18       15       18       16       16       25       30       18       28       28
       29       33       32       29       39       37       55       54       55       56       84       92       93       92      130      127      132      163      174      175
      182      214      252      280      304      314      371      426      390      403      435      399      369      363      320      306      286      264      265      221
      175      159      150      139      106       98       98       98       79       85       65       55       60       63       46       40       43       44       32       37
       23       25       23       16       21       18       19       16       20       10       12       12       22       15       10        9        9        7       13        9
       11       13        8       14        5       13        9       17       15       12       15       12       18       19       21       31       22       30       30       35
       28       43       42       43       40       34       53       48       63       61       87       80      105      112      116      137      137      161      178      188
      196      256      254      298      352      395      425      448      501      481      496      506      447      463      419      355      287      289      244      245
      225      174      146      144      134      106      123       98       84       76       66       68       59       57       45       49       36       30       29       36
       26       26       24       27       30       22       18       13       20       19       13       17        9       11       15       13       13        8        7       12
        2        9       14       14       10       10       10        9       12       16       13       15       23       24       19       21       25       31       19       33
       38       31       39       30       46       35       45       64       73       68       82       85       91      110      112      124      150      157      194      180
      267      277      325      345      421      459      487      561      580      609      590      535      516      474      430      396      359      336      261      259
      211      181      184      140      117      133       91      106       86       86       72       59       65       77       46       42       48       45       38       31
       33       22       25       25       14       12       18       25       22        9       11       13       20       13       19        7       12       15        9        6
        7       13       14        8        7       17       10       11        6       17       18       16       17       18       32       18       35       28       32       23
       24       37       41       45       37       47       61       63       76       70       91       86      109      105      130      139      172      178      230      237
      273      296      379      403      467      503      557      655      713      759      784      775      722      632      555      485      411      320      297      256
      221      185      177      161      133      123      129       90       94       71       64       91       56       50       43       46       38       50       35       31
       31       26       23       21       20       22       22       23       12       12       17       18        8        7        9       17       11       12       14        9
        9        7       12       10       15        7        8       11        8       13       16       16       12       12       21       26       25       23       27       27
       31       37       36       52       44       45       45       52       75       81       84       91      105      129      125      175      157      196      214      288
      286      304      425      464      517      621      690      847      932      948     1003      909      827      737      645      556      435      396      325      280
      224      207      181      144      141      125      124       92       87       79       75       54       61       59       56       40       42       43       32       34
       26       30       17       18       17       20       22       26       20       23       15        9       13       14       13       16        9       10       12       10
        9        9        4        3       14       13       13       13       13       18       21       19       29       12       29       15       22       15       24       39
       33       37       38       53       40       51       65       60       70       90       92      100      103      138      136      155      158      215      220      234
      344      339      427      496      621      751      859     1065     1271     1334     1339     1171     1021      807      664      533      507      373      342      265
      239      219      200      173      140      147      112       84       99       82       84       67       52       57       60       36       41       40       31       24
       34       39       31       33       24       17       25       13       20       14       17        7       11       19       15       11        8       13       10        8
        7        6       14       10        8        7       18       11       21       11       11       17       23       15       19       20       17       23       18       31
       30       25       47       44       35       60       47       65       73       80       89      102      120      123      119      155      168      185      252      287
      310      377      452      538      641      810     1017     1388     1689     1945     1962     1678     1342     1066      790      644      545      441      334      298
      261      215      194      198      116      149      121      113       91       81       61       73       59       47       53       52       27       40       46       40
       39       39       29       31       24       15       17       13       22       11       12       16       14       12       12       13       11       17       11       14
       10       11       14       10       12        8       13        8       13       12       13       14       21       20       19       30       33       32       26       32
       36       31       50       44       48       69       59       49       71       64       86      103      119      118      159      187      189      205      254      295
      363      376      455      567      712      924     1183     1616     2417     3198     3258     2336     1581     1209      887      711      551      421      394      337
      245      242      213      176      178      132      124       93       95       88       78       72       59       53       60       61       48       45       43       29
       35       28       31       35       20       25       18       21       18       18       25       19       11       17        7        4       15        7        6       10
       14        7        9        5       20       19       12       13       17       22       10       24       22       26       19       16       13       22       29       27
       26       36       49       43       52       54       64       66       80       59       90       87      110      119      133      169      169      185      233      277
      302      421      482      578      724      967     1330     1936     3206     7181     7397     3257     1946     1313      966      761      567      496      410      327
      274      244      201      176      158      130       98      112       84       69       59       66       67       69       37       37       51       30       31       33
       26       26       32       32       17       19       15       18       20       17       20       14       26       15        9       14       19        9       11        9
        6       11       10        7        8       17       11       22       13       11       19       20       17       23       27       28       27       30       33       24
       33       33       35       38       61       64       58       78       76       69       80      101      122      145      134      160      172      179      283      284
      358      396      467      604      721      964     1357     1866     3287     7230     7553     3084     1978     1300      946      699      598      457      392      337
      261      256      194      175      149      151      119      103       82       88       89       63       56       60       47       51       44       44       39       35
       33       28       20       22       21       19       23       20       21       17       14       17       15       18       18       17       11       17        9        6
        9       19        6       12        8        8       12       15       11       15       14       21       21       18       20       19       30       27       25       28
       27       32       36       41       56       63       55       66       59       83      102       77      111      127      128      172      181      204      232      274
      358      361      500      563      747      973     1221     1656     2511     3251     3205     2450     1726     1160      845      653      560      479      380      325
      280      234      228      172      138      124      114       88       84       84       72       67       67       65       57       48       35       49       41       43
       27       37       24       40       19       25       18       23       21       13       15       13       18       14       10        9       10       11        9       10
        6        8       12        8       10       12        7        7       12       15       13       19       20       16       28       21       27       34       23       35
       39       38       46       44       41       73       58       60       64       78      102      103      108      129      133      135      155      222      218      271
      315      400      447      540      651      848     1042     1333     1749     1917     2049     1719     1295     1035      771      687      513      420      393      318
      264      219      216      172      134      123      117       93       88       70       70       70       50       58       53       48       50       29       49       31
       43       34       25       26       26       18       13       19       20       18       17       14       13       11       21        6       11        9        8        8
        2       10       11        6       11       15       11       12       15        9       17       13       19       17       18       21       29       32       19       28
       48       39       43       50       46       41       50       72       54       93       80       81       98      139      114      144      159      210      240      232
      302      334      408      496      591      717      899     1027     1195     1384     1341     1274     1017      864      683      603      448      393      358      307
      287      218      192      173      138      126      111      103      106       80       80       78       63       49       55       53       41       45       45       41
       38       26       22       24       23       33       20       17       23       12        7       18       17       12       10       12       16       12        7        5
        9        7       11        6        7       13       10        6       23       12       18       20       18       18       21       30       23       28       30       28
       26       27       44       35       74       47       66       64       48       68       89       99      121      112      111      128      189      217      182      250
      263      345      363      416      578      628      748      874      884     1036     1050      983      799      712      545      486      445      425      343      296
      243      226      186      189      159      127      125      107       96       71       73       81       61       63       44       50       38       34       42       40
       41       32       32       20       26       27       15       20       22       16       16       10        4       15       13       13       12        8        9        8
        6       10       10        5        6        4       12       17       18       13       19       13       20       22       10       21       32       35       27       23
       34       29       41       49       42       56       54       60       69       76       80       71       96      109      122      143      136      172      181      217
      250      278      333      388      480      580      629      651      751      744      806      703      628      560      520      434      420      383      256      261
      246      206      183      173      143      145      111      105       98       85       72       66       47       50       41       64       50       38       39       40
       26       25       21       20       17       26       19       19       14       19       13       15        9       15       10        8        4        7       11        8
        5        6        6        4        9       14       13       10       18       17       12       18       19       13       13       22       28       29       31       31
       39       32       39       40       50       54       59       50       62       59       80       83      104      114      129      147      160      154      206      206
      221      251      325      377      378      477      549      585      583      598      612      567      540      514      475      398      343      301      255      247
      227      215      178      158      122      137       87      103       70       94       82       65       74       53       42       44       43       42       33       31
       26       20       22       31       17       17       21       17       14       17       13       12       13        8        9       11       12        7       14       10
        7       11       11        8       14       10       12       13       13       16       12       11       20       12       24       26       17       18       19       22
       28       26       36       39       46       43       63       58       62       70       78       85       83       98       90      146      154      179      198      210
      245      269      271      312      367      373      374      475      528      478      530      502      452      429      372      355      335      271      257      265
      216      177      123      148      143      124       96      100      110       82       85       60       54       46       56       42       34       30       30       31
       28       34       30       24       12       31       22       13       20       11       15       11       18        3        7       13        6       14       12       13
        5        7        7        9       19       22       14       16       10       12       15        8       21       14       19       15       20       22       28       27
       24       33       23       39       41       39       58       53       45       51       64       77       96       97      116      115      137      144      166      182
      189      206      302      258      325      348      355      393      401      437      406      387      391      368      334      295      277      267      246      214
      191      170      147      127      144      117      115       90       94       78       71       58       53       40       52       31       42       35       34       47
       26       33       28       20       21       18       16       15       17       14       18       20       13       13       19       10       13        7       10        9
        3       15       13        9       14       12       18       10       11       14       18       12       12       17       25       18       22       23       32       34
       18       39       34       39       47       38       40       56       67       70       73       73       97      102      125      112      131      144      161      170
      197      222      219      238      262      282      300      337      396      353      385      372      360      326      316      272      254      236      184      209
      179      130      151      120      103      113      106       92       84       93       61       70       41       58       32       41       31       33       34       33
       32       34       23       32       22       29       15       19       15       10       16       10       12       15       15       13        6       10        6        5
        8        9       11        6       12        7       13       11       17       11       11       20       14       16       16       24       31       25       19       29
       26       50       39       35       39       44       41       65       57       53       65       70       86      106       98       93      106      139      160      174
      198      195      215      226      228      254      282      266      310      288      299      297      283      264      249      243      218      226      191      212
      188      167      121      130      104       95       92       98       69       78       81       58       51       56       48       40       30       28       31       18
       36       18       22       31       15       15       22       16       17       18       15       14       12       10       17       12        8        6        3        3
        7        4        8        6       10       13       14       11        8       23       16       19       17       14       20       11       19       35       17       32
       23       24       38       33       42       37       47       44       67       55       66       67       73       97       87      105      117      120      125      138
      154      172      188      205      212      224      252      241      290      288      281      253      239      226      241      204      190      193      183      151
      134      135      123      122      107       85       84       72       62       67       68       56       47       49       48       43       32       24       28       28
       34       24       21       26       24       27       16       15       14        9       13       11       12       10        8        4       11       13       10       12
        5        8       14        7        8        5        9       10        9       12       12       17       13       14       15       15       20       17       21       24
       31       34       40       28       43       50       44       41       55       58       67       70       67       80       78       93      113      118      118      136
      167      178      176      177      188      199      204      225      208      208      226      204      231      235      236      195      157      173      166      161
      125      127      123      107       95       82       88       90       78       80       63       59       48       34       41       33       32       34       42       24
       41       25       21       27       26       25       14       12       14       13        7        6       17       14       11        8       16        9        5        7
       15        5       11        7        7       11        7       12       10       12       21        6       14       15       21       18       27       25       32       23
       21       35       29       33       25       38       42       55       48       53       58       61       59       72       91       86       88      120       98      130
      129      153      165      154      170      191      212      198      207      193      209      190      200      202      176      192      164      143      130      138
      144      115       95      104       89      102       69       67       56       46       44       63       43       43       31       34       34       37       31       33
       23       28       18       21       19       13       24       21       16       14        9       18       13       12       20       14       13       10        7        5
        7        8       12        7       13        5        6       12       12       14       17       11        8       16       16       18       26       11       23       23
       26       28       28       38       28       31       43       49       53       55       57       53       72       50       65       78       90       83      115      113
      119      143      138      138      161      157      166      184      177      194      177      171      165      135      152      181      174      112      121      122
      128      110       92       76       93       76       89       65       62       59       55       47       48       55       44       40       35       41       33       25
       32       19       22       15       21       19       13        9       13       13       20       14       19       10        9       15       11       15        9       11
        9        4        9        9        5       12       14       10       17       16        9       23       18       15       16       16       18       17       18       21
       28       29       23       19       31       41       32       48       46       47       68       50       51       78       66       88       83       87      100      112
      118      100      138      117      151      151      129      136      147      152      155      178      137      144      136      112      137      120      109       94
      101       91       87       83       97       80       51       62       52       47       55       52       55       39       46       24       35       33       42       17
       37       20       29       16       17       28       23       15       14       11       17       19        6        5        9       11       11        8        4        3
        8        5        5       10       10       12       11       14        8       11       15       12       15       17       21       22       19       12       19       23
       23       21       26       28       36       35       38       41       47       49       42       46       64       64       62       70       87       65       79      102
      102      107      108      111      112      131      130      133      132      131      138      132      112      120      129      125      101      115      115      104
       90       89       99       73       66       69       62       53       52       47       53       45       37       39       43       37       28       26       28       17
       21       17       13       15       18       20       13       16       16       15       18        9        7       22        9       12       11       13        5        7
        8        4        6       10        6        8        7        9       11        6       20       18       13       20       14        8       14       25       25       24
       29       21       31       30       39       32       52       42       42       44       48       35       60       52       78       65       84       88       78      107
       94       97       95      102      111      113      122      121      110      126      118      133       97      114      115      106       91      105       71       86
       90       71       80       58       58       62       67       62       53       48       49       45       43       38       31       29       26       39       18       21
       21       25       19       15       19       16       20       13       20       12        7       18        6       12       14        7       11       10        4        7
        7        8       14        6       11       17       17        9       11       12       13       18        8       15       11       11       15       11       19       17
       22       20       25       42       25       29       31       40       32       37       44       48       47       57       59       62       57       68       65       76
       91       86       83       98       97      119       94       93      111      111      120      119      113      109      105      100       91       86       94       75
       79       79       88       70       67       49       58       43       49       43       34       47       33       31       44       31       31       32       33       37
       22       22       14       25       16       22       17       13       15       13       13       12       13       11        1        8        8        7        3        8
        8        6        4        8        7        7       12       11       16       13       11       17       14       13       19       15       14       13       12       17
       25       24       20       30       30       22       37       51       37       35       48       50       48       38       51       56       48       58       63       77
       83       77       79       98       93       87       93       81      107      104       92       97       90      105       95       85       82       88       76       81
       88       66       57       63       56       52       63       51       56       35       35       46       42       39       30       30       29       30       25       27
       27       34       19       12       20       20        9       15       15       11        8        7       11        8       12        9        7        9        7        7
        6        6        8       10        5        7        8       15       18       10       12       11       13       14        9       17       13       20       16       23
       17       22       20       31       23       29       30       36       29       38       38       27       44       47       63       56       58       52       71       82
       83       75       81       79       73       84       87       89       80       91       70       84       86       81       83       88       92       61       72       84
       78       67       55       59       61       46       58       41       41       46       26       34       41       36       32       25       30       22       25       19
       28       21       17       19       17       23       17        8       28       19       10       10       11       10        9        8        7        8       11        6
        8        7        9        5        5        8       11       12        7       11       10        8       14       16       20       26       19       15       18       21
       17       29       20       30       27       27       31       34       37       40       40       42       42       50       57       53       59       64       65       70
       79       59       72       70       72       71       80       86       76       72       51       83       86       93       75       87       72       72       73       73
       57       60       58       52       55       43       63       39       42       50       33       32       26       39       33       28       26       22       26       30
       17       24       17       14       19       19       15       11       17        7       11       13        8        3        6        1        6       13        7       10
        3        4        6        9        4        7        6       10       10        9        6       17       14       21       12       13       17        9       18       15
       19       30       25       31       31       29       36       42       31       30       31       25       43       47       54       37       52       43       68       51
       67       56       65       81       52       81       67       51       76       75       62       67       63       78       67       67       54       59       62       71
       54       48       54       34       48       47       36       46       40       27       47       24       29       31       29       29       25       22       25       15
       13       15        7       11       10       15       12       19       14       11       11       14       10        8        4        8        7        8        3       14
        2        2       10        6       13       11       10        9       15        7       12       13        8        8       11       14       15       19       21       16
       17       20       22       25       31       25       20       32       23       25       44       44       40       46       39       46       48       51       49       66
       60       57       49       60       64       73       68       63       68       64       79       65       61       53       42       68       67       55       53       65
       44       51       52       37       44       34       34       33       41       34       26       26       31       26       35       20       16       23       30       24
       15       20       18       13        6       15       14       20       15       14        5       10       14        9        5        9        5        5       10        6
        4        6        5        6        5        7       10       13        7        8        8        9       10       11       12       17       17       10       13       14
       22       21       21       15       19       18       29       28       34       30       33       42       24       35       33       39       54       37       47       45
       59       37       42       62       57       56       61       55       67       64       53       58       59       52       52       63       56       47       58       64
       40       47       41       40       48       46       36       39       37       32       29       29       32       37       26       22       19       26       21       17
       27       19       15       20       10       14       11       17       10       10        4       10        6        9       13        7        6       10        7        9
        3        8        6        8       11        6        7        7       10       13       11        5        8        6       13       13       15        9       16       14
       16       14       11       26       19       20       22       32       26       37       33       45       42       39       36       35       46       36       31       47
       64       48       45       43       57       54       64       56       52       57       62       58       67       53       56       35       49       50       43       48
       55       34       31       27       43       35       22       42       40       32       34       25       31       31       24       24       20       20       18       16
       21       15       11       17       16        9       13        8        7        8        7        7       15        6        5        6        7        2        7        8
       10        8        7        7       11       11        8        7        8       10        9        7       10        8       17        9       20       11        8       11
       11       19       24       29       16       32       27       27       30       16       25       35       33       29       30       23       39       52       37       31
       40       48       48       51       51       48       62       46       47       51       46       47       41       57       52       42       48       46       46       44
       43       31       30       43       33       35       37       34       27       30       21       36       24       33       31       23       21       18       16       18
       22       16       25       11       12       12        6        4       20       11       14        3       12       10       13       14        4        4        6        9
        7        3        6        8        9        3       12       13        9       11        7       12       10       10       14       10       17       14        7       17
        8       19       15       20       20       32       18       16       27       26       32       33       31       31       33       21       35       29       39       49
       45       41       43       36       40       43       59       44       37       47       56       37       46       45       49       52       39       44       39       36
       34       49       42       38       30       31       39       29       28       28       33       26       11       18       16       17       21       16       15       21
       17       20       15       11       14        7        8       13        4        9        7        6        4        4        2        7       10        6        4        9
        7        8        9        1        9       10        7       10       14       10        2       12       11        6       10        5        9       15       14       15
       14       11       13       15       20       15       19       23       19       24       23       31       26       32       31       22       36       29       32       37
       35       55       46       43       36       41       43       37       41       42       27       36       43       38       44       35       40       50       43       36
       28       24       34       31       33       44       29       31       24       26       21       25       29       18       22       20       18       19       15       17
       16       22       13       17       16       13        7       17       17        8        9        8        8       11       11        5        9       11        3        4
        5        3        7        9        5        6       14       13       13        5       14        7       10        6        7       10        5       11       11       12
       14       17       21       19       25       18       12       14       18       33       33       20       22       30       30       27       29       35       33       43
       39       29       35       45       40       42       41       38       23       28       35       32       29       35       34       35       29       40       36       38
       37       24       38       31       29       41       24       23       23       21       23       25       19       19       22       21       19       14       22       18
       16       12       18       11       18       10        9       13        4        8       14        7        8       10        6        5        8        3        5        3
        3        3       11        4        8        8        7        8        5       14        7       12        8        4       13        6       12       15       13       21
       19       14       15       24       12       22       26       21       19       23       20       28       22       25       17       24       26       28       32       21
       31       32       33       42       36       35       36       30       35       38       33       34       47       24       31       30       24       26       26       31
       41       21       27       20       23       19       26       24       30       13       26       22       29       16       21       23       12       20       15       15
       13       12       10       17        6       16        8        6       14        8        7       10        8        8       10       11        8        6       12        6
        6        5        9        5        4       10        6        8        6        8       12        5       15        3       14       10       16       13       10       14
       13        8       13       16       15       20       11       15       25       25       23       20       19       19       19       26       25       29       30       31
       12       31       24       32       35       36       31       29       25       32       29       28       25       35       35       33       29       36       28       25
       32       42       30       28       24       29       22       26       22       13       17       20       27       21       14       15       26       16       12        9
       16       10        6        6        8        7       12       10       15        8        4        3        4        4        3        5        2        6        3        6
        8        8        9        7        5        6        7       13        6       11        4        7       14       15       12        7        9       12       10       17
        9       10       13       20       15       16       18       21       20       16       13       13       19       16       22       24       22       19       22       26
       20       31       33       26       43       19       25       44       34       37       40       30       33       23       32       27       32       32       21       35
       27       24       24       27       25       24       20       18       19       31       21       14       16       13       16       13       21       10        7       16
        4       16        4        9       13       11        5        4        7        6        9        8        9        5        9        5        9        5        6        3
        4        7       10        7        3       10        8        7        8        8        6       14        9       11       10        9       16       13       14       16
       13       16       12       10       11       14       17       15       20       15       21       27       19       25       27       22       29       27       26       26
       23       28       16       34       24       26       11       15       25       34       38       34       25       20       28       30       34       21       30       21
       23       19       30       22       23       19       17       20       19       13       19       17       15       11       13       18       17       10       11       13
       15       13       10        6       12        7       14       12        6       13        8        7        7       14        4        6        6        2        8        6
        1        4        8       15        7        7       12        8        5        4        6        4       10       11        9        8        9       10        9       22
        7       14       10       10       18       22       16       24       15       10       10       14       17       21       22       23       22       21       19       24
       25       29       36       27       32       18       28       24       22       19       30       30       32       30       32       29       22       25       22       22
       23       20       16       24       21       24       19       22       20       16       18       11       15       13        9       16        8        9        8        4
       15       16       12       13        5        7        7       10        9        6        5        6       11        7        3        8        5        3        8        2
        7        5        7        5        8        6        6        8        9        4        8        8        7       11        6       11       17        7        6       10
       12       11       18       10       10       18       10       15       24       24       13       29       20       16       15       15       16       15       13       24
       23       22       34       22       25       28       24       29       29       22       21       25       27       25       23       16       18       26       31       18
       21       19       33       29       24       25       20        9       15       15       19       11       12       12       18        8       16       10        8       14
       13       10        5        8        8       13       13       12       11        5        8        5        2        2        5        9        6        9        8        4
        2        7        6        3        8       10        7        8       10        5        5        8        8        3        5       18        7        7        8       10
       10        8       12       10        7       18       11       20       18       17        6       17       18       19       24       16       22       18       21       28
       14       25       34       22       17       27       18       12        7       26        8       19       25       30       22       30       21       16       25       17
       21       19       13       18       19       16       21       18       14       12       17       10       14       19       20       12       16        9       11        9
        9        9        9       16        3        9        5        9        9        6        6        9       11        7        6        5        8        6        5        5
        2        8        6        4        2        8        9       11        9        6        6        6       12        9        7        7        3       13       10       11
       12        5        7       12       13       16       10       13        8       20       13       11       19       12       13       20       17       17       20       21
       16       14       16       24       16       16       17       18       25       14       20       22       25       23       22       20       20       11       19       20
       17       19       16       20       12       13       16       17       12       19       15       10       15        9       11        6        8       12       10        8
        9        8        6        7        8        8        9        8       14        4        9        2        3        4        9        6        7        4        3        6
        5        6        4        7        9        1        7        7        7        7        6        6        9        6        6       10       12        9       13        6
        8        7        7       12        9       15       17       11        7       10       17       13       13       11       17       26       18       13       17       13
       19       22       26       24       10       26       11       30       17       20       18       19       20       16       19       18       11       22       13       13
       16       21       11       16       15       23       12       19       11       15       12        9       18        9       12       11       13       10       11       10
        4       10       12        6        7        9        7       12        5        8        5        4        8       10        6        4        5        6        5        7
        5        4        4        4        5        5        4        8        5        4        6       10        6        8       10       10        7       10       14       13
        6        7       10       12        6        6       14        7       12        8       15       16       12       15        7        9       15       13       18       10
       19        6       14       11       11       17       15       19       27       18       14       18       14       15       10       18       19       12       13       14
       17       11       18       11       13       11       19       17       17       18       15       12       11        8       14       10       12       12       12        7
       16        5        7        4        3        4        8        6       12        3        7        6        5        5        4        8        6        3        1       13
        6        2        3        3        7        4        6        4        6        4        9        7        9        3        5        4        8       10       14       14
       12       13        9       14       11       14       16       16        8        7       17       13       11        8       13       11        9       16       16       21
       14       13       22       12       15       25       14       16       18       19       20       13       18       18        9       20        8       19       16       15
       19        8       17       15       12       15       12       11       20       12       14       13       13        7       10        8        7        9       14        1
       11        8       11        4        8        3       10        8        3        5        4        1        5        5        2        2        9        5        1        2
        3        5        3        4        7        1        4        5        6        9       14        2        7        5        9       10        6        7        3        6
        4        6        9       15       11        9       10       10       17       12       16        5       10       18       13       13       15       12       21       16
       13       21       13       11       17       23       17       15       11       16       20       19       12       18       19       20       16       17       20       16
       14       12       21       18       16       10       10        7       18       14       13       12       16       10       13       10       17        7        9       10
       13       10        9        4       11        8        8        5        4        6        5        5        0        5        5        1        3        2       13        6
        3        5        2        2        5        3        3        3        1        3        1        1        2        7       10       10       11        9       12        6
        8        8        6        9        6        9        8       11       14       12        9       16       11       12       11       10       11        7       15       15
       16       13       10       13       12       18       13       21       12        7       18       17       16       18       10       22        7        5       18       18
       22       14       10       17       11       12       11        9       10       14        6       12       13        4       14       12       11        8       11       13
        5        6        5        6        9       12        7        7        6        6        7        5        8        4        8       10        6        5        5        4
        3        4        4        4        2        3        4        4        5        7        5        4        6        6       12        8        6        4       12        7
        4       11        6        7       12        7       15        6        7       13       11       16       15       12        6       20       18       19        6       15
        6       17       17       12       15       20       18       19       16        9       16       10       11       15       19       18       15        9       10       13
        9       14       15       11       13        3       14        7        9       12       12        4        8       12       14        9        9        9        6        8
        6        7        9        8        3        7        2        4       17        2        5        2        2        3        4        3        2        3        3        3
        3        2        3        8        1        8        2        5        1        3        5        0        6        3        7       10        5        9        9        8
        7        5        9        6       10       11        6       12        4        8        3       11        6       12        5       12       10       12       14       10
       14       12        8       12       12       12       15       14       14       12        9        7       15       13       15       10       10       14       11        8
        9       14        8       12       13       10        8       15       13       11        8       13       13        3       10       12        6        6        8       10
        4        6        3        7        8        7        5        1        1        5        5        3        3        3        3        6        5        4        5        2
        6        5        2        1        4        3        3        5        5        4       12        5        2        1        4        8        5       17       10        6
        6        8       10        5        9        8        7        4       10        7       12       18        7        7       11       16       12       14       16       18
       11       12       10        8       11       18       12       15        8       15        8        8       11        9        7       12       15       11       15       14
        3       15       19        5        6        7       12       11       13       11       11        3       15        7        8        8        5        7       10        5
        7        5        7        7        3        9        7        6        6        5        3        5        3        6        6        4        4        3        0        1
        5        2        5        3        5        3        5        4        5        5        2        6        8        6        4        5        4        5        5       11
        8        4        6        7        2       10        9        9       10        7       12        5       12       10        5       13       12       12       15       13
       20       17       14       13       10       20       10       17       12       11       15       14       11       16       10        7        7       19       19       15
       11       18       13       10       10       12        5        8       11        8       15       12       12        4       11        6        8       10        5        9
        5        4        7        2        3        6        3        7        2        8        7        6        5        8        5        6        2        0        3        2
        6        3        2        5        4        5        5        3        4        2        4        5        5        3        4        8        3        5        4        4
        8       10       11        3       11        4        6        8        9        9       14        7       10       11       11       12       15        5       13       14
       16        9        8       13       14        7       11        9       11       10        7       16        6       12       10       11       13        8       10       10
        9        8        7       15       11        9       12        6       10       10        7        5        7       12       10       10        6        4        4        9
       11        3        3        2        6        6        5        6        3        1        4        8        3        3        2        6        1        3        5        6
        3        3        2        2        3        3        6        4        4        6        6        6        6        2        5        4        7        3       11        6
        4       10       12        4        6       12        6        9       10        5        7       13       18       10       10       11        9        9        9       10
        9        9       11        9       12        9       11        9       13        6        9       15       12       10        6        8        6       12        6        4
       12       11        9       10        9        8       15        9       15       11        4        7       12        6        4        6        4        5        3       12
       13        6        8        5        2        6        6        9        3        4        6        1        3        2        8        1        5        3        3        5
        2        3        0        6        3        3        2        6        2        6        6        3        7        6        4        3       10        6       11        3
        8        7        8        7        3        5        7        8        3        2       11        7        9       11        6       12        5       13        7       10
       13       11       11       11       10        5        9        9        9        2       12       10       15        9        9        9        7       11        6        2
        8        3        8        9        9        7       14        6        5        6        5        6        7        3        7        5        6        9        4        4
        7        5        6        5        7        9        4        5        3        1        5        2        4        4        4        2        3        3        4        3
