        4        3        3        2        3        5        3        4        4        5        1        1        8        7        3        4        3        0        3        4
        5        4        4        7        7        4        7        5        5        6        5        8        7        4        3        3        4        7        8        5
        9        4        8        4        8        8       11        8        5        7       11        5       11        5        5        5        7        8        8        9
        7       10        6        7        4        5        6        2        6        4        4        7        7        6        3        5        9        1        7        5
        7       10        5        8        1        4        6        3        6        1        0        2        1        3        2        4        4        2        3        1
        5        4        3        3        2        2        3        4        4        3        3        3        3        8        9        7        3        3        4        4
        4       10       10        4        2        7        4        3        4        7        8        6        5       10        4        6        6        8        5        8
        5        9        8        9        7       16        4        9        8        8        4       11       11        7        5        5        6        4       10        5
        6        9        3       10        5        6        9        4        9        5        5        8        2       12        6        9        3        6        5        5
        6        7        4        3        4        7        5        6        5        4        4        4        1        5        3        2        4        2        2        0
        5        5        3        4        6        2        3        3        0        5        2        4        7        5        6       13        4        7        5        2
        4        8        7        5        4        5        5       11        5        4        8        6        4        8        6        9       11        5        9        5
        7        4        5       10        5       11        6        8        8        4       11        9        8       14       11       11       12        8        9        8
        4        8        6        5       11        5        6        6       10        7        5        9        6        5        4        7       12        6        7        2
        4        7        4        4        4        2        2        7        5        1        3        3        4        5        0        3        1        4        2        2
        2        5        2        3        3        0        1        5        3        8        7        3        6        6        2        4        1        1        6        3
        9        5        9       11        9        6        4        7        7        5        4        6        5        7       12        3        7        4       12        6
        9       10        7        8        9        8        6        5       11       10        2        7        9       14       10        4        6        8       10        8
        6        5        4        2        6        6        5        7        5        9        4        8        5        6        8        3        5        5        3        4
        3        4        4        6        6        6        7        6        9        2        5        4        2        5        2        6        4        2        0        1
        5        0        1        2        6        6        2        3        2        4        6        4        1        6        2        4        6        5        0        3
        7        5        6        4        4        7        4        6       12       14        9        9       14       12        7        7        4        5       12       10
        9        7        8        7        9        8        5        6        9       11       13        7       10       11       11        4        9        6       13        7
        8        9        4        8        6        9        8       14        8        5       12       12        7        3        6       10       11       16        4        6
        8        4        2        4        4        4        3        3        1        4        5        4        1        5        4        1        3        2        2        1
        3        1        3        4        0        5        4        6        3        9        3        5       10        8        3        5        6        6        3        7
        6        5        9        9       10        3        7       10        6        9        7        2       15        6       10        8        5        7        6        9
        6       14        5        8        8       11        7       11        5        5        5        9       10       11       10       14        9       11       14        6
        8       10        9       10        4        5       10        9       11        1        3        8        4        8        9       10        6       10        8        4
        7       11        6       11        7        5        3        6        2        5        5        2        4        0        1        0        3        4        6        4
        3        2        3        6        1        2        2        5        7        9        5        6        3        4        4        4        3        4        5       11
        4        5        4        8        8        6        5        8       12       11        6        6       10        4       13        8        7       13        7        7
        8       11       12        8        6        8       11        6        8       14       12        5        7       11        6        8        6       11       10       10
        8        8        5       12        5        6        6        6       11        6       10        5        6        5        6        5        7        6        4        5
        4        6        1        9        7        8        7        8        1        7        1        2        1        3        4        4        8        4        4        2
        2        0        5        2        3        3        6        3        5        5        2        4        5        7        7        6        3        5        5        6
        5        5        3        5       13        7        6       11       10        8        4        8       11       12        4        9       10       16       13       11
        9       14        6       13        9       17       12        9        8       12       10       10        5       12       11        6        7        8        9        8
       10       10        8        6       13        7       12        9        7        9        9        8        6       13       10        8        6        9        8        3
        5        9        3        6        8        1        2        4        6        6        8        3        6        1        8        5        2        2        2        5
        6        2        3        3        5        4        2        5        1        2        5        2        2        1        6        4        9        7        7       12
       10        4        6        3       11        4       12        5        6       12       10        7       13        5        9       12       10       15       10        9
        9        7        3        8        6        9        6       13        9        9       15       13        8        9       12        8       13       17        9       12
        9        8        5       10        9        8       11       11       12        9       10        6        8        8        5        7        8        4        9        4
        2        3        2        5        3        4        6        3        4        4        4        2        4        4        0        5        5        3        5        3
        4        3        5        2        6        3        5        3        5        3        3        3       11        6       11        4        2        6        6        7
        4        6        3        3       11        8       11        9        9       13        9        5        8       11        7       16        9        6       11        7
       14       10        9       13       10       12       10       11       10       11       10        9        9       10       14       10        5       12       20        8
        4       10        9       13       13        8       14       12       11       13       10        8        6        9        5        9        7        4        9        8
        8        4        3        8       11        2        5        7        6        3        1        5        3        3        4        7        4        3        6        3
        3        4        5        3        5        3        3        3        6        3        3        1        4        5        7        3        6        5        6        6
        9        6        7       12        7        7        9       15        2       14        9        4        9        9       18        9        9       15       11       12
       11       15        9       11       17       12        7        9       14       13       17        7       16       10        7        9       12        8       12        7
        4       20       14       10       12        6       10       15        8       15        9        6       17        7        3        9        8        3        7        6
        6        6        2        6        0        3        6        6        3        4        1        6        5        5        4        5        6        5        6        6
        5        5        4        0        3        4        3        3        1        2        5        8        4       11        2        4        3        3        7        7
        6        6        8        7       11       10       11       10        9       13       16        7        9       11       14       11       11       12        8       13
       12       11       20       10        5       12       12       14       10       20       12       10       12       14        7        8       19       12       15       20
       20       12       11       11       10        7        9        6       13       12        6        7        7        8        8       12        8        5        8        7
        5        9        9        6        5        7        6        3        8       11        1        3        5        6        3        9        8        1        3        4
        1        5        3        2        6        3        5       11        3        4        5        5        2        3        3        6        6        8        8        5
        8        3        3        6       13       12       12       13       12       19       11       10       10       11       10       16       13       17       10       14
        9       10       19       11       11       18       13       16       16       14       13       11       13       17        6        9       10       16       17       11
       14       12       12       17       16        8       10        7       16       11       12        7       13        6       11        4       10        9        9        6
        7        5        5        7        9        4       11        8        5        4        7        2        6        4        5        4        2        2        6        2
        3        3        4        5        3        3       10        5        2        9        3        5        7        5       10        5        2        4        7        7
        9        6       12        9       14       12       14       15       10       10        7       18       12        9       11       11        9       18       14        8
       10        7       15       17       21       21       12       22       17       14       17       20       10       17       12       13       15       12       16       15
       14       11       12       14       13       12       20       11       12       10       10        8        6        8        5       11        8       11        6        7
        9       10       10        5        8        8        6        7        2        5        3        6        6        5        9        2        5        5        1        5
        8        7        1        5        5        7        5        6        2        5        5        9        7        6        8        7        6        8       10        8
        6        4        6        9        9       13        7        7       12       14       18       15       12       12       10       19       12       15       10       13
       20       16       17       22       14       18       14       16       20       18       16       18       17       16       11       15       14       17       13       16
       17       14       21       17       12       14       12       14       15        4       14       11       14        5       13        7        7        7        4       11
       10        9       12        7        7        4        7        5        2        6        7        7        6        5        4        4        4        7        2        3
        5        5        3        1        5        6        2        5        4        4        6        9        5        5        8        6        4        9       12        3
       12       16        3        9        8       10       14       10        7       11        7       12       13       11        9       14       18       15       12       15
       20       16       13       12       13       11       16       20       15       14       13       15       21       20       11       15       11       14       20        6
       15       14       17       17        7       15       10       11        6        9       12       11       11       13        9       13       12       14        9        4
        4        4        3       14        7        8        4        5        5        4        8        3        8        8        9        2        8        8        4        3
        4        2        5        5        3        5       15        5        5        9        2        3        8        3        8        4        6        7       12       11
       12        7       12       12       14       10       12       14       15       14       15       18       13       18       12       13       14       17       18       24
       11       15       12       18       23       19       25       21       18       14       14       25       16       21       24       19       22       21       14       19
       18       16       23       14       16       23       12        9       17        6        8       13       16        9       10       11       11        8        9        8
        6        9        9        6        8        6       11       10        9        7        7        7       10       15        6       10        3        4        4        5
        0        4        6        8        6        6        7        9        5        6        8        8        5        5        8        7        4       10        7        8
        4       12        9        8       11       11       13       16       16       14       17       14       17       13       13        8       16       14       15       15
       26       20       19       14       19       22       23       16       22       20       19       20       19       19       19       17       22       23       23       18
       16       17       12       16       13       14       19       16        9       14       15       12       12       14       12       14       11       12       10        8
       10       10       11        5       10        3        7        7        7        6        5        5        4        2        6        4        5        5        5        4
        3        2        4        5        4        5        4        2       13        4        7        8        7        5        7        9        4        7       15        4
        6       11       11       11       12       14       13       17       13        8        9       18       18       21       18       20       24       12       24       12
       23       19       16       21       24       26       18       23       22       27       27       25       21       19       12       18       20       21       17       24
       15       17       27       13       18       18       17       24       20       16       15       10       13       10        7        7        6       14       16        8
       10        9        8        5        6        8        8        5        7        6        5        6        6        9        5        4        4        4        4        6
        6        3        1        9        3        1        7        8        5        5        5        6        4        6        4        4        8       14        8        6
       11        9        7       13       14       13       10       16       17       16       16       16       12       16       12       21       17       17       21       19
       18       27       18       22       27       17       26       40       23       17       22       30       23       23       19       30       15       19       25       21
       22       25       22       17       10        9       14       19       13       16       13       11       12       18       11        8       12       15       13        7
        6        9        8       12        7        7       11        8        5        6        6        5        6       14        9        5        4        7        4        1
        1        3        4        7       11        8        6        2        7        6       10        7       10       11       11       10        8        8        9        8
       17       14       12       11        5       19       11       15       10       26       21       20       22       32       15       18       19       24       23       28
       20       25       24       19       29       25       33       30       26       30       28       25       25       19       22       24       21       28       23       26
       21       16       13       18       23       16       20       19       17       15       21       20       19       18       14       10       13       13       11        5
        8       11       12        8       13        6        6        5        6        5        9        9        5        7        6        5        5        1        3        5
        2        5        7        7        8        5        6        2        5        7        6        5        7        9       13       10       11       14       18        7
        6       16       10       19       15        8       12       11       13       20       18       24       22       19       24       22       22       33       24       23
       18       27       24       31       24       30       28       39       30       30       30       20       26       30       35       28       26       23       28       27
       27       24       26       18       23       25       16       19       27       12       20       21       17       16       15       12       10       10       11       10
       12       12       14       10        7       10       14        5        6       13        4        6        5        9        6        4        3        2        3        6
        2        3        6        7        3        5        9        3        5        8        8        7       11        7        5       10        5       15        2        7
       12       14        9       12        6       17       17       12       12       16       18       12       25       22       24       27       19       23       24       20
       24       35       33       32       28       35       38       40       34       31       40       29       26       42       28       37       30       30       21       27
       23       32       26       27       28       19       22       18       24       22       12        7       13       10       21       11       12       16       12        8
       12       13        5       14        8        6        8       12        1        7        6        4        5        9        4        5        2        5        3        4
        4        3        8        5        4        9       11        1        8       10       14        4       14        8       11        5        7        7       12       15
       14       18       14       12       16       14       20       18       16       21       18       24       19       25       20       26       24       32       27       23
       33       24       20       27       37       45       29       41       35       27       38       43       27       29       27       21       35       30       22       31
       32       24       17       17       26       18       21       19       21       16       14       27       15       12       16       13       11       18       14       12
       10       25        8        8        9       12        8       10        6        8        1        4       11        7        9        4        8        5        6        4
        2        2        2        6        5        5        5        5        7        6        8        9       12        8        5        8        9       12       14        9
       22       12       11       17       30       18       15       18       23       16       18       19       24       27       29       22       20       27       27       23
       41       36       33       22       28       44       48       25       40       43       31       48       22       40       29       34       26       34       31       24
       27       30       35       25       23       24       28       28       16       25       21       20       22       10       14       13       14        6       16        9
       17       20        9        5        8        4       10        8        3        9        9        7       11        4        3        3        5       11        8        4
        5        4        8        2       10        9        8        2        4        6        7        6        9        6        8        6        8        7        9       17
       18       15       14       25       15       16       18       14       20       20       34       20       25       31       28       25       21       28       27       28
       36       17       35       35       30       47       44       42       26       41       42       41       39       42       31       37       36       33       39       44
       36       34       26       27       36       18       22       31       19       26       17       22       16       21       15       21       16       17       10       16
       11       15       14       17        6        9       13       10        4        6        6        9        7        9        5        5        9        7        6        2
        4        6        7        8        7        7       10       12        8        6        5       13        5       12        7        9       14       14       16       10
       18       15       16       13       22       22       25       21       25       35       18       19       27       24       26       29       29       41       36       41
       28       47       35       30       46       33       37       49       33       44       35       39       42       44       42       35       38       44       44       41
       37       40       31       39       29       30       21       29       32       24       15       19       16       13       14       20       10       18       11       19
        8       12       13        8        9        9        8        9        8        3        6       12        7        9        9        5        5       13        8        7
        2        6        6        6        5        8        9        6        8        6        9        9        8       14        8        8       18       17       11       13
       14       19       11       13       21       16       19       16       24       24       35       28       21       37       24       27       33       34       28       38
       38       49       52       43       64       50       38       44       45       42       46       68       43       44       42       35       58       39       45       38
       47       29       32       26       35       34       32       26       36       20       13       18       20       14       22       19       18       11       11       17
       11       14       16       12       17       13        5       15       11        4        5        9        8        7        2        5        7        5        7        7
        4        5        8        3        6        2        3        8       11        6       12        7       14        8        5       10       13       11       13       15
       13       13       16       13       13       18       24       28       25       21       23       25       34       31       24       38       35       26       30       49
       43       34       49       42       57       38       61       51       47       55       57       46       50       52       46       58       43       51       26       39
       42       38       42       43       28       38       32       30       37       33       18       26       30       15       21       16       20       21       16        9
       20       16       19       14        9       11        6       10       10        9        8        7        6        3        7        5        8        3        7        9
        8        7        7        8        5        9        8        4       14        9       10       10        6       18       10       13        9        9       19       10
       18       13       15       19       23       16       26       19       23       27       24       20       28       24       27       39       43       37       49       36
       46       51       43       47       51       55       63       52       62       53       61       64       62       54       58       61       56       44       51       45
       39       44       39       35       43       33       24       40       25       30       29       31       26       12       25       25       15       13       24       14
       17       15       17       13       10       10       12       10        6        5        5        7        8        7        4        8        4        4        2        4
        6        8        4        7       12        9        4        8       10        6        7        5       13       11       12       12       13       11       17        8
       24       19       22       20       25       21       19       26       23       36       24       26       46       40       34       27       49       41       36       46
       45       41       55       56       59       52       56       75       47       74       67       57       64       57       64       67       58       48       43       46
       56       36       51       36       36       42       34       23       38       29       29       28       27       24       20       19       27       18       22       19
       15       15       10        9        7       12       10        5       13       10       17        6       11        4        5        4        7        4        2        6
        6        7        4        9       10        6        7        3       11        8       16       10        9        5       12       11       19       11       16       17
       23       27       20       16       17       26       18       30       17       25       32       36       39       37       34       41       41       42       43       41
       50       54       48       64       75       62       78       76       71       66       65       64       79       55       60       57       73       62       56       57
       45       54       43       40       37       46       20       33       28       25       24       27       33       21       30       16       21       14       18       18
       15       12       15       13       15       17       11        8       12        7        9        9        4       10        5        5        4       10        8        5
        8        3        1       10        9        8        6       11        9        5       11       14        6       11       13       20       15       19       13       14
       16       31       25       18       22       25       28       32       29       27       21       27       32       46       40       47       40       42       63       59
       57       59       74       59       64       72       74       68       82       84       63       75       75       76       76       89       78       60       44       57
       53       48       52       56       39       58       32       43       37       31       29       31       22       31       30       25       27       19       17       19
       21       17       17       13       18       14        9        7       10        2        7       11        8       10        4        7        5        7        3        4
        7        1        4        2       10        6        9        4        8       15       15       11        9       13        8       16       15       17       12       10
       17       22       25       17       29       32       37       27       42       22       35       34       43       50       55       49       43       59       68       53
       80       62       68       71       82       76       66       76       82       87      106       86       75       89       90       86       68       83       61       54
       62       65       60       52       62       40       37       37       35       31       35       29       22       23       29       17       22       20       14       15
       17       19       12       14        9        9       10       13       11        7        8        8        9        7        3        8        5       11        8        7
        4        8        8        6        9        9        6        7       12        9        3        9        9       15       13        9       12       11       17       15
       21       17       20       23       25       25       27       32       34       34       38       26       31       38       46       45       58       71       56       56
       74       76       74       77       98       79       98       85       98       95       96      106      102       86       90       67       90       74       73       71
       64       67       66       74       48       61       43       44       52       29       29       27       37       32       29       26       20       16       23       21
       12       12       18       16       10        7       15       16       17        9        9        2        7        7        6        6        7        5        9        4
        3        4        4        3        2        4        9        7        7        9       10        7       16       12       11       12       18       17       24       15
       14       29       19       29       32       26       22       25       26       32       38       36       32       51       44       43       56       50       65       81
       85       79       83      121      118       96      109      108      115      112      146      102      107      106       95      110       91       73       76       85
       77       64       68       55       56       55       46       52       48       34       48       35       31       24       26       34       19       18       24       17
       14       15        8       17       15       11        4       16        7       14       13        6        6        7       11        5       10        3        5        4
        4        6        3        9       10        5       14        8        7        9       13       10       14       13       11       15       11       14       19       16
       12       16       23       16       36       29       24       40       37       34       39       52       41       56       58       54       70       67       68       72
       73       92      117      108      120      113      123      135      107      114      131      104      114      112      105       92       94      108       96       85
       65       62       67       62       56       63       34       54       42       43       31       39       30       28       34       35       29       16       22       18
       29       13       18       24        8       25       13        9       10       10       11        5       16        8        5       10        9       10        9        6
        7       10        6        4        8        7        8        9        9       14       11       18        8       11        7       14       13       11       18       16
       13       16       26       18       29       25       31       40       29       36       40       47       41       50       57       48       69       69       87       82
       75      103      114      127      106      137      135      119      144      175      157      132      138      132      119      127      105       89      113       97
       97       82       70       64       61       74       65       45       56       36       37       30       40       33       41       21       24       29       21       20
       20       21       18       15       11       16       18       12        8       10        8       11        7       12        6        5       11        8        5        5
        4        7        9        3        6        8        7        8       11       11       10       12       10       11        6       15       18        8       16       18
       17       23       27       16       35       13       27       40       43       35       50       61       54       56       56       65       62       73       81      106
       93      116      117      129      133      134      132      146      157      156      167      155      143      142      131      147      121      132      114      109
      102       81       81       78       90       65       60       40       60       41       37       37       38       31       27       31       20       17       14       28
       21       21       22       19       23       15       16       14       13       12        9        8        5        5        8        8       12        7        7        8
        9        6        8        7        4        5        5        9        6        9        8       15       11       22       11        8       19       13       22       23
       22       12       23       25       32       23       32       45       49       51       47       55       46       70       56       79       86       82       89      109
      112      136      126      145      155      158      177      188      187      207      184      176      157      180      163      147      136      125      129      116
      131      107       94       89       81       77       50       48       49       60       40       39       30       30       32       41       24       18       28       19
       13       16       19       19       30       10       12       17       15       10       17       12        9       10       12        6       11        6       13        5
        5        6        9        6        8       14       11        9        4        7        7        8       12       26       16       17       16       18       17       24
       30       27       20       28       35       36       41       46       43       48       45       57       54       64       68       62      100       89       97      107
      102      121      119      166      170      189      182      209      230      229      188      214      208      166      191      187      150      142      129      118
      112      114       97       85       91       61       43       54       53       63       41       45       34       38       22       28       34       28       35       27
       16       16       17       12       19       16       17       13       14       17        8       14        9        8       12        6        4        7        7        7
        4        8        5        7        5        9        7       11        7        9       16       19       13       12       17       12       13       25       29       22
       26       28       20       31       35       35       37       43       41       53       43       55       66       60       70       82       89       97      100      117
      127      149      143      184      192      224      231      240      273      252      244      248      231      231      213      182      166      148      140      132
      133      126       95       90       93       75       63       61       41       63       55       44       32       38       40       28       26       21       18       18
       23       19       16       20       19       21       15        9       10       12       10       11       14        9       10        6       11        9        5        4
       11        3       15        6       13        6        6       10        9       13        6       11       15       20       14       21       20       24       15       20
       25       33       27       39       34       37       35       45       53       58       53       62       46       66       77       86      105      103      102      123
      142      146      200      191      223      208      283      289      313      335      317      322      277      276      240      211      191      152      162      156
      151      105      107      101       86       77       58       61       65       52       42       41       48       42       29       41       30       29       22       25
       10       24       16       18       12       21       16       11       22       10       11        9        7        7       10        8        6        3        6        5
        6        4        9        6        6       12       15       10        9       12       12       11       17        8       14       16       24       20       29       20
       24       23       22       30       35       37       38       43       37       46       78       64       64       79       85      105      105      100      120      132
      148      175      212      211      249      301      315      343      398      349      361      374      334      306      269      278      241      181      172      153
      132      123       92      102       96       82       66       58       65       63       41       39       44       30       33       36       25       23       26       23
       18       21       20       26       22        8       19       15       14       12       12       13        7        3        8        7        4        5        3        8
        8        7        6        1        9        5       13       12       16       19       13       16       15       11       18       14       22       18       21       24
       28       28       22       30       23       44       42       40       50       55       52       63       74       68       76       85      132      112      124      147
      180      179      216      246      304      321      322      428      498      443      433      472      415      330      342      232      252      237      212      186
      163      114      118      113       95       98       80       63       63       62       46       46       32       37       43       34       18       24       22       26
       25       22       10       29       25       19       23       17       13       16        7       12        8        6        8        1       11        6        6        6
       11       11       10        4        5        7        5       12       15       17        8       19       17       13       15       14       27       17       19       32
       27       35       36       23       34       41       46       44       43       51       54       65       76       87       95       94      107      118      120      153
      171      221      223      246      310      322      485      488      575      577      576      544      485      418      349      292      270      247      202      184
      151      129      129      109      108       87       73       71       63       58       55       49       42       35       47       49       32       18       26       17
       29       12       20       17       22       15       12        9       11       12       14       12        8       10        4       10        7       10        3        3
        8        3       10        8       10        3        7       15       11        6        6       17       18       16       23       13       19       17       24       31
       32       23       19       39       30       37       39       44       39       55       42       50       62       76       98       95      111      132      108      170
      174      207      234      311      345      425      493      689      798      817      810      697      651      527      414      324      327      270      224      167
      152      120      134      109       90       91       84       64       73       48       64       45       38       33       32       31       32       30       29       28
       29       24       19       21       21       10       13       17       10        9        7       14       13       11        9        7       10        7        6        5
        8        6        4        7        8        9        5       13        9       14       14        9       12       13       15       10       12       12       23       25
       20       37       28       31       31       47       32       46       33       54       49       54       63       73       72      115      119      125      144      152
      205      235      244      307      387      485      643      740     1014     1185     1091      879      772      594      493      378      320      284      255      199
      168      170      129       95      112       89       98       79       63       56       63       56       27       35       40       28       31       30       29       19
       20       21       22       22       14       14       15       17       16       14       10       12       12        8       13        8        5        3        9        4
        5        6        7        5        5        4       10        8       11       17       10       12       14        7       15       16       17       19       16       26
       24       27       31       29       39       40       54       39       47       53       62       56       69       87       82       99      119      130      151      160
      191      231      285      353      418      566      783      994     1421     1855     1803     1237     1036      736      510      436      359      307      278      225
      203      162      144      113      111       80       71       71       72       59       59       34       35       47       28       37       36       31       35       26
       17       18       21       10       14       20       13       19        7       11        9        8       11       13       12        6        9        5       12        5
        1        5        4        7        3        5       13       11       15       18        9       18        3       16       13       14       11       24       24       21
       21       27       20       24       32       40       39       41       54       62       50       60       78       79      105       97       89      129      153      184
      200      236      248      337      469      562      826     1150     1771     3901     4098     1844     1145      805      563      458      367      294      275      188
      182      148      121      126       92       82       74       56       64       46       59       43       38       30       26       33       31       25       31       12
       18       16       17       16       18       20       15       16       11       10       12        7       13        9        7        8       10        4        6        8
        6        4        8        5       10        7       13       10       12       11       17       12       14       10       13       16       18       31       24       21
       18       32       34       30       31       34       53       47       39       47       50       59       71       74      104      112      123      146      152      177
      221      241      287      387      390      624      824     1064     1841     3991     3937     1770     1165      746      638      441      375      300      232      210
      179      158      125      123       95       91       75       74       61       70       57       41       43       38       24       31       24       32       18       16
       24       16       14       15       17       24       20       19       13        7       13       12       12        8        4        7        5       14        7        8
        5        6        7        8        8        9        7        8       12        8       12       13       17       22       12       11       26       19       18       17
       19       15       32       39       33       51       38       46       49       42       62       64       73       80       98      104       99      121      135      203
      214      220      314      359      397      501      732      966     1353     1855     1850     1360     1062      732      558      504      384      298      263      176
      165      159      130      105      108       92       70       79       79       55       49       45       39       44       51       47       36       32       36       27
       23       19       20       25       12       16       11       10       11        9       10        8       18        6       15       14       10       10        6        7
        7        6       11       11        8       21        4       10       16        3       16       11       15       14       15       22       14       16       18       27
       23       25       23       31       37       51       39       41       47       56       64       73       76       75      103       95      119      127      162      169
      164      203      272      275      395      471      578      768      955     1133     1133     1023      849      617      517      409      354      288      214      200
      156      135      131      103       99       94       70       54       64       53       47       46       35       39       50       28       31       31       28       20
       28       26       21       11       11       17       20       13       13       11        5       17        8        8        8       17        9        7        5        2
        6        4        8       10        8        9       11        8       11       15        4       14        6       11       19       13       10       16       25       28
       26       22       24       32       27       39       33       41       44       64       52       76       66       74       78      104      115      117      142      154
      170      207      267      272      375      402      518      638      673      844      781      710      680      537      447      400      313      228      240      210
      160      149      128      110       92      104       75       70       67       50       47       43       33       48       33       28       27       32       30       30
       20       21       17       18       21       13       16        9        6       20        7       12       15        9       10        7        8        8        2        7
        5       12        5        6       12        6       13       10        7        7       11       10       18       14       13       18       22       16       25       20
       26       29       26       26       24       43       40       41       38       53       55       75       71       69       84      106       99      106      120      153
      177      207      234      305      297      342      449      489      590      602      608      577      473      467      392      317      304      237      210      203
      150      118      129       96      106       91       82       64       49       52       38       52       42       43       49       30       32       25       19       22
       20       16       18       20       10       15       14        5       15       19       11        8        9       13        5       10        8        7        8        6
        5        2       11        4        8       10       13       10       14        9       11       12       11       12       17       19       19       17       23       17
       15       26       31       26       37       42       39       37       41       44       41       47       68       65      103       85       89      131      134      131
      147      194      211      247      288      314      380      421      433      453      478      453      460      395      381      274      270      227      217      179
      148      135      124      113       96       88       88       75       52       39       45       45       45       38       31       24       35       26       23       10
       27       24        9       23       17       19       15        7       14       11        6       14       13       12        9        4        6        6        8        9
       11        4        8        6        5        9        4       13        9        8       14        4       13       16        9       12       16       24       10       20
       27       21       29       36       30       33       32       41       46       46       45       47       54       77       79       90       96      111      104      136
      137      164      182      212      253      280      329      326      375      380      359      377      369      308      289      267      203      191      170      164
      147      107      123       86       88       81       67       60       59       45       38       41       38       31       39       25       29       30       27       27
       23       10       10       18       15       18        9       13       14       11       11        5        9       14       12       10        5        8        8        3
        5        4        4        8        1       13       10        7        9        9       13       10       18       10        6       12       17       17       16       24
       26       31       28       29       40       23       29       51       36       50       41       79       71       62       76       83       94      101      122      149
      161      158      185      198      223      260      263      301      313      325      331      335      295      276      261      205      202      180      175      136
      144      114      120       81       74       79       68       66       62       44       40       42       40       43       44       34       28       36       22       18
       18       24       14       16       18       21       23       12        4        7       11       11        9        6        5       16        8        9        6        8
        7       11       10        4        8        9        5        7        5       12        9        7       12       18       14       17       18       14       20       35
       20       25       29       24       23       29       32       45       45       40       56       42       43       77       80      101       94       88      113      112
      112      159      173      177      212      207      239      257      275      279      248      269      280      218      228      197      167      189      149      125
      113      112       99       97       66       73       80       61       40       41       56       40       44       44       29       30       31       26       25       24
       18       21       17       11       15       17       19       14        9       13        9       11       12       14       14        5        4        7        6        6
        8       13        8        4        7       12       11       17        5       15        9       12       18        7       14       15        9       19       16       14
       22       32       35       32       26       26       30       39       57       42       35       56       60       77       95       61       77       84       88       93
      128      163      151      153      180      155      158      232      218      240      203      220      222      216      208      165      142      146      144      133
      113      109      110       81       78       67       48       50       51       36       60       33       34       31       27       25       31       26       24       24
       13       24       14       16        9       20       21        9       16        9       14       12        9        5        7       13        5       13       11       13
        8        5        1       11        3       12        3       10        8        9        8        7        9       15       17       11       17       15       18       21
       19       19       22       39       25       33       41       40       42       48       53       44       63       69       90       63       66       74       91      112
      115      128      129      130      161      148      155      173      172      193      225      180      161      185      175      149      126      115      117      113
       79       94       94       87       71       67       63       54       45       45       32       35       41       41       39       23       23       21       33       27
       16       20        9       16       11       18       19       17       12        6        7       17        4        7        5       10        6        7        6        8
        9        8        2        7        7       10        4        9       10        8       14        9        8        9       17       15       21       16       18       27
       14       14       21       24       24       30       33       28       38       35       53       46       45       59       66       68       72       76       81       95
      105      113      139      112      140      153      169      162      176      179      141      172      181      154      165      154      119      125      109      109
      103       95       84       76       86       65       60       39       48       43       35       29       30       44       26       42       34       27       22       22
       20       12       19       19       11       15        6       18       13       10        7        6        8        8        8        6        6        4        3        8
        4        6        5        8        6       12       10        5       10       12       11        9       11       10       12       10       18       19       16       19
       15       16       29       38       25       25       39       38       29       40       37       51       48       54       61       62       82       64       75       83
       85      108       90      117      100      121      135      121      171      158      137      148      125      159      129      119      107      105      108       98
       84       71       81       75       68       82       68       59       51       49       41       39       31       24       27       27       20       19       22       17
       18       16       21       14       13        6       14       15        4        8        8       15       11        6       12        3        7        5        2        7
       10        9        8       11        9        5       10       11        8       14       12        9       16       11       16       13       24        9       15       16
       22       13       21       29       20       27       38       30       31       36       43       40       29       56       45       53       75       77       82       81
       85       88       91      134       98      111      107      121       95      127      111      121      123      120      111       99      107       94       84       84
       91       58       84       73       76       66       50       36       40       39       28       34       31       33       32       26       21       21       26       14
       15       14       14       14       12       19       15       17       10        4       14       15       14        3        5        9        6        9        4        4
       10       10        5        9        7        7        7       12       15        4       15       11       19       13        9       12       18       14       16       16
       20       15       18       18       24       27       24       30       42       40       33       44       44       43       51       57       52       54       65       71
       87       74       97       99       92       98       83      109      109      114      129      109      106      104       91       96       85      103       72       80
       73       70       71       70       69       59       45       32       42       35       34       22       25       33       23       25       25       18       25       16
       17       11       11       15       17       11       15        6        3       11       13       10        7        9        2       10        5        9        6        1
        4        9       11        8        5        5        5        4        9        2       14        5       16       10       11        8       19       17       12       17
       15       20       14       23       25       24       31       28       36       33       33       36       38       48       44       57       59       64       92       67
       72       80       91       85       83       82       86       85       94      103      106      104      104       93       89       85       83      100       72       72
       82       56       62       50       60       47       39       40       37       35       32       27       43       28       17       20       33       18       17       27
       17       22       24        7       11       16        8       14        7       14       14        8       14       11        6        7        8        8        9        4
        6        5        4        5        4        3        5        3        9        9       10       12       14       12        4       17       15       12       16       15
       15       13       22       18       29       25       28       32       24       26       32       29       42       41       36       43       44       65       60       45
       78       82       70       70       80       78       81       80       87       97       74       90       80       77       91       78       85       79       69       70
       49       52       42       62       50       44       48       32       35       28       46       24       30       22       34       25       23       25       17       13
       14       16       12       16       14       18       12        6       13        7       13       10        7        2        6        7        6        4        5        5
        6        3        6        8        4        7       11        8       14        8       16        9       12       11        8       10       16       18       24       18
       14       17       23       22       30       23       27       29       28       26       38       28       43       33       46       46       62       51       55       47
       62       65       66       71       61       78       69       78       83       85       73       90       84       74       87       86       79       61       53       57
       51       54       43       43       53       47       36       34       27       31       22       28       22       23       19       28       18       16       12       18
       20       16       12       20        7       13       10        8        2        9       10        6        5        4        4        5        6        3        1        4
        4        5        6       13        9        7        6        9       10        7        9        5       11       14       15       16       12       19       10       14
       18       15       22       23       23       21       35       29       27       22       31       25       36       36       56       44       50       56       52       61
       50       63       69       73       77       61       51       73       84       59       74       67       68       76       72       80       72       56       62       41
       61       51       45       45       35       47       32       38       35       32       18       22       17       26       28       19       14       20        8       18
       19       11       17       12        8        9       10        4       13       11       11       10        6        5        4        4        6       15        7        2
        5       10        8        6        4        6        9        9       12       12        3       13        5       12       15        6       10        9       14       17
       19       19       25       18       17       26       24       23       31       27       20       32       30       34       38       37       55       37       41       53
       47       52       59       57       66       63       53       67       52       56       68       50       73       68       53       59       54       55       57       60
       46       43       41       48       34       37       36       37       21       28       25       25       18       19       21       19       19       21       17       21
       24       13       10       15       18       12       11       12        8        9        3       10        8        8        6        2       10        8        7        2
        4        4        2        9        7        5        5        7        5        1        7        7       11       11        6        6        9       14       14       20
       14       12       13       21       28       17       24       14       25       28       36       27       42       25       41       41       25       35       40       38
       44       49       63       53       57       55       62       59       44       58       68       46       56       54       41       62       49       48       49       45
       51       44       37       29       35       49       39       34       21       21       37       26       18       23       19       17       21       20       21       13
       25       11       17       16       11        7        8       10        7        7       13       14       12        7        6        6        4        4        9        2
        3        6        8        9        7        8        4        7        8        5        8        6        7        6        8       12       12        8       17       10
       10       11       14       13       16       11       25       25       26       25       26       35       31       29       41       34       27       32       41       42
       46       43       53       58       52       51       37       55       43       45       61       38       47       62       43       51       40       40       39       52
       33       29       31       33       32       38       32       34       28       31       34       28       31       25       16       16       18       22       17       17
       18       19       21       11       10       19       19        5        3        6       11        5        6        9        7        7        6        8        8        2
        3        6        8       12        8        6        5        5        6        6        8       13        6        8        6        8        7        4        8       17
        9       13       18       13       27       21       28       15       28       16       24       24       30       31       25       32       25       38       42       43
       39       49       40       51       31       51       46       43       47       44       51       56       62       55       57       42       45       41       50       39
       31       31       34       34       22       35       31       29       25       23       33       29       21       29       16       15       18       19       13       17
       12       15       12        9       11        7        9        8       13        7        8       18        8        3        5       10        4        6        4        8
        5        6        6        6        8        3        6       10        7       10        4        7        9       11       10        7        6       11        5       10
       10       21       10       15       11       20       23       17       16       17       19       25       24       25       30       31       32       29       32       39
       43       37       45       47       39       33       44       44       38       37       46       37       46       53       38       45       43       50       37       36
       28       39       31       41       24       30       32       35       33       25       26       19       25       19       25       14       12        6       16        4
       13       11       13        6       11        6       11        9        5       10        6        6        5        7        6        8        6        7        4        4
        6        3        5        6        4        8        4        8        3        9        8        9        7       11        4        8       11        6       14       13
       14       18       15        9       19       14       14       28       15       21       20       25       16       25       19       26       22       27       29       28
       39       38       33       37       24       44       32       29       24       43       48       36       43       42       51       34       48       37       40       36
       29       26       28       28       24       18       28       22       20       19       15       15       15       22       12       19       11       14       18        4
       13       14       17       14        9        8        9        5       12        5        8        4        7        6       11        6        8        6       11        4
        4        6        4       12        3        4        2        7        7        4        6       12        5       14       11       15        7        6        7       16
        9       16       21       19       13       17       20       19       25       18       26       19       32       20       25       23       19       30       29       37
       37       21       30       38       21       45       38       42       35       32       31       46       29       33       33       35       37       31       27       20
       31       34       20       31       21       27       16       16       30       18       19       20       21       20       15       22       11       10       10        6
       22       13       24        9       11       10       10        9       12        9        2        4        5       11        6       14        9        6       11        9
        2        3        4        0       10        7        1        7        8        5        7        8       10       10        5       14        7        7       15        9
        5       15        8       13       15        7       15        9       13       16       20       24       24       32       33       33       27       22       28       29
       39       22       33       23       32       29       33       39       27       32       36       44       31       36       47       40       42       27       26       29
       33       26       26       25       27       29       28       28       21       23       17       23       15       20       16       15       16       11       14       10
       12       13        7       11       14       17        8       10        9        4        2        7       10        8        6        6        8        5        6        7
        3        5       11        6        6        8        7        5        7        9        4        4       10       11        9        9       12       12        6       10
       10       18        8        7       13       11       11       23        9       17       25       17       28       16       28       23       25       31       21       24
       24       21       21       39       28       31       31       28       34       40       37       32       28       36       27       39       40       32       33       28
       26       27       28       32       28       24       30       18       36       19       11       22       12       20       15        5       13       10       13       15
       10       11       12        7       18        9        6        6       12       12       10        9        6        6       10        3        8        9        9        5
        3        3        7        6        1        7        5        6        7        4        4        5        9        4        4       11        5       13       11        9
       14       11       14       11        8       12        7       16       12       15       24       16       24       14       19       27       17       23       24       17
       18       22       24       29       22       22       21       19       32       40       27       24       27       27       29       31       25       28       18       33
       25       21       27       16       22       31       21       22       20       18       24       19       13        7       12       19        5        9       10       14
       17       13        8        8        7        7       12        4        5        3       10        4        6        8        4        4        4        4        2        1
        8        4        6        8        4        3        8        5        8        5        8        7       10       10        2        9        5       10        6       14
        9        7        8       11       10       16       16       10        9       19       12       16       17       24       22       12       26       24       23       18
       22       35       19       24       17       41       18       26       29       28       32       31       27       22       33       27       31       23       25       22
       26       21       17       20       20       12       19       18       17       17       21       16       19       20       14        8       14       13       10       11
        9       12        5       12        5        5        7       11       13        6        5        4        7        8        6       10        5        4        3        1
        2        7        5        3        5        6        5        5        5        5        3        8        2        7        8        8       11        6       15       14
       13        9       12       12        9       11        8        9       14       16       16       14       14       14       17       19       17       17       21       22
       20       21       20       17       27       28       24       21       21       18       30       29       26       30       25       21       19       23       23       19
       20       17       21       16       24       19       15       13       12        8        7       14       13       13       14       17       13       13        9        8
       13        9        8        8        5        9        7        7        4        4        5        4       11        4       10        6        2        0        5        5
        4        3        3        4        9        8        6        4        4        4       11        8        7        2        7       14        7       12       10       10
        9        6        5       16        5        9       11        9       13       12       12       14       18       23       19       28       15       20       20       17
       27       19       20       21       26       18       32       23       23       25       32       23       31       21       23       22       22       23       21       18
       22       17       15       18       12       21       13       13       16        7       13       15       14       11       17       15       11       16       13        7
       11       12        8        5        9        9        8        7       10        5        8        5        8        6        4        1        1        9        8        6
        3        5        2        1        4       11        1       10        3        3        6        4       10        6       10        4       12        7       11       11
        4       14       12       10        9       15        8        9       16       14       21       15        9       12       18        8       22       10       11       23
       29       19       18       21       18       23       30       21       25       23       23       11       23       25       20       27       20       18       13       22
       16       26       10       10       16       17       14       18       13       13       13       12       16       13       16       12       11        7        7        6
        3        5       10       13        8       10        5        4        7        6        7        5        6        5       11        4        3        6        4        7
        4        9        4        7        5        5        4        9        8        4        5        3        9        7        4       10        7       15        6        9
        5       11       12       15        6       14       14        6       12       18       14       17       12       14       15       18       19       11       15       15
       18       24       20       30       18       28       13       15       18       19       19       27       19       27       23       24       24       15       15       12
       18       20       23       20       15       19       11       15       17       14       13       15       19       13       10       12       10        5       10       11
        4       13        7        9       10       10        6        8        5        7        5        3        3        5        5        6        5        5        1        3
        5        5        4        6        2        2        4        5        7        6        4        6        4        9        5        4        6        8       13        5
        6       14       10        9       12       16        5       11       12       16       11       18       16       11       14       12       15       16       18       22
       28       15       24       21       23       15       16       20       12       15       23       24       13       19       23       21       21       13       16       17
       11        8       10       18       10        9       13       12       11        8       14       11       12       15        7       11       13        8        9        5
        7        9       12        3        3        5        2        9        4        9       11        6        5        9        3        5        5        3        5        9
        4        2        1        5       11        9        4        2        8        9        6        7        6        4        6        5        6        6       10        7
        9       10       15       10       12       10       10        9        7       11       13       10        8        9       12       22       12       14       21        9
       17       18       17       13       22       27       11       14       18       17       15       15       23       22       19       19       21       14       12       13
       24       19       14       19       16        9       14       15       14       14        7        9       14       14       10        9       10        9        9        8
        6        5       11       10        7        5        6        4        5       11        5        7        4        5        4        2        3        3        4        3
        6        2        3        3        1        6        2       11        5        7        4        5        3        6        5        6        8        3       10        9
        9       10       15        9        9       11        6       21       11        8       14        6        7       10       10       11       14       17       18       14
       11       19       24       18       12       12       18       14       12       17       27       16        9       18        8       21       16       21       27       17
       10        7       11       15       14        6        7       14       14        8       12        9       11       17       10        4        8       11       12        8
        4        6        4        6        5        4       14        5        5        5        1        9        9        8        3        1        5        6        5        4
        3        8        4        5        6        8        2        5        4        5        3        5        6        4        5       14        7        4        6        8
       16        3        5        6        8       16       11       12        9        7        7        6       16       10        9       14       11       17       17       20
       14       19        6       19       16       14       19       15       12       14       16       14       14       11       11       12       16       15        7       11
       11       11       17       14       15       13        9       10        4        9       11       13       12        9        8        7        4        2       10       10
        8        9        5        4        8        4        8        7        8        5        6        5        4        4        3        5        5        5        5        3
        5        3        8        1        1        7        4        5        6        4        6        3        3       11        6        9       12        7       10        8
       12        8        7        5        7       13       12       10        4       13       12       14        9       12       11       14        3       15       11       17
       18        4       16       13       13       16        7       14       13       10        6       10       10       10       15       16       18       13       10        6
       10       19       11       21       10       13        8       15        6        9       13       17       10       11        6        4        9        5        4        5
        6        6        6       11       11        7       10        5        5        6        3        8        3        3        4        2        5        6        5        8
        5        4        2        5        7        5        9        3       12        9        3        7        2        3        5        2        6        8        4        7
        7        4        6       12        7       10        8        8        8        9        8       15       12        8       13       12       12        8        9       12
       14       13        9       13        7       17       15       13       17       16       22        9       14       18        9       12        9       11        9       15
       18       13       18        8       11       16        5        8        8       12        9        8        9        4        9       11        7        9       11        3
        3        3        3        4        8        7        2        8        9        4        8        3       12        2        3        4        9        4        1        1
        1        1        4        5        3        2        4        3        4        4        6        4        2        6        7        4        2        4        6        2
        5        6        8        3        7        5       10        5       16        9        6        9       10       11        9       11        5       13       14       12
        8       14       15       17       14       10       14        9       16        8       14        9       11       12       11       14       14       11       11       11
       17        8       16       14       11       10       14        7        7       13        7        8       14        7       11       10       14        7        4       10
        7        6        9        5        8       11        6        4        8        5        5        5        8        3        2        3        4        2        6        1
        6        0        3        2        5        5        3        5        2        2        5        4        5        3        5        2        6        3        3       10
        7        6        3        5        7        8       10        4        8        9        6        5        6        6        8       16        8       13        8        8
       10       10       16        5       10       12       16       14       11       15       15       15       13       14       10       14       11        9       12       10
       14       10       13       11        8       10        9        5       13       15        9        8        7       12       12       11        9        8        7        7
        8        6        5        3       10        5        5        3        2        3        5        3        3        3        4        4        3        2        4        3
        5        4        2        3        4        3        1        1        3        5        5        7        3        2        8        3        5        8        7        8
       10        6        7        9        7        6        2       10        8        6       13        4        7       11       11        8        8        5        8       14
        6       12        6       11       13        7       13        8       13        5       11       21        8        8        8        9        8        9        9       11
       13       10        9       15        8       10        9       14       14        8       12       13        5       12        8        5        4       13        6        4
        7        7        5       10        7        4        2        8        5        7        3        5        0        2        1        5        3        4        3        3
        3        2        3        6        4        5        0        5        4        4        7        3        4        1        3        5        3        3        5        8
        6        9        7        7        4        7        4        5        5        7        5        4       12       13       10       10        8        9       12        7
       13       12        5       12        9        9       12        9        2       14       12       16       14       10        4        7       12       12       11       11
       11        9        5        6        8       15        9       14        5        5        5        3        9        7        6        8        3        7        4        6
        6        9        6        3        8       12        1        2        8        4        1        2        4        6        7        1        6        4        5        2
        4        2        1        3        1        5        1        5        1        3        7        6        3        3        7        8        4        7        6        2
        5       10        6        5        4        7        7        9        6        8        8       11       11        8       15        6        5        9       13       11
       10        8        9        4        9        6        8       14       10       11       10        3       18       15       12        9       14        9       13       11
       10        9        8        2       12       14        9       10        2       12        9        9       12       10        2        8        7        9        4        5
        4        6        6        4        2        3        1        4        5        7        5        4        3        3        1        6        1        3        3        1
        0        4        3        3        5        6        6        5        1        5        2        5        4        5        5        5        5        7        7        5
        4        7        7       10        4        4       10        4       12        8        9        3        5       11       10        5        6       10        6        9
       10       10        8        9       10        5       11        9       15       12        9        9       12        6        4        8       16       11        2        9
       14        9        9        8        7       10        6        6        6        8        8        8        7        7        8        9        6       10        4        3
        5        8        6        4        4        3        3        4        6        3        3        3        1        4        1        3        4        4        5        1
        2        3        2        4        0        6        4        4        3        4        6        3        6        5        7        2        1        5        5        3
        4        3        6        4       10        5        4        7        4        8        6        5        2        8        6        5        2        8       12       12
        5        5        8        1        6        4        7        9       12       10       10       15        4        7        6        7       10        9       12       10
        6       10       15        8        7       10        6        9        5       15        8       10        4       10        2        5        6        6        5        4
        6        9        3        5        6        6        3        8        6        3        2        4        2        8        4        4        1        1        3        3
        5        1        0        1        4        0        2        6        8        3        5        3        7       13        3        8        6       10        3        4
        7        2        2        6        6        4        8       13       11        5        2        6        2       11        5        8        7        3        4        6
        1        3        4       10        5       12        8        4        6        7        8        8        9        4       10        8       12        3        3        5
        6       11       10       11       13       14       11        8        8        6        7        7        2        7       10        9        7        5        7        2
        8        6        5        8        7        1        8        3        1        4        1        0        1        3        4        3        2        3        3        1
        2        7        4        1        2        2        1        5        1        5        6        5        1        6        3        3        3        3        5       10
        3        4        3        6        5        6        3        5        9        9       10        5        8       11        7        9        9        7        5        4
        9        4       11       12        5        4        5        5        9        6       13        5        5       16        8        8       10        9        7        6
        7        3       10        8       10        4       12        8        5        9        5        6        3        2        8        6        5        2        5        2
        5        4        5        5        5        4        8        2        3        3        7        2        2        3        0        1        2        5        2        3
        3        3        4        2        4        1        1        2        2        1        2        4        2        5        2        5        5        4        6        7
        6        5        3        8        6        4        2        4        8        6        3        8        7        4       10        5       14        4        6        9
        3        4        4        8        8        6        8        4        8        6        8        8        3       10        9        8       11        5        8        8
       11        6        7       11        6        3       10       12        3        5        1        3        1        5        5        4        8        5        2        2
        4        4        2        5        4        4        5        4        3        0        1        2        2        1        1        2        3        0        5        3
