        2        2        3        1        3        3        7        4        3        1        4        1        7        7        1        3        2        7        5        3
        7        4        8        3        5        3        4        5       10        7        5        4        5        7        8        8        4        7       13        5
        7        4       15        4        6        5        4        4        8        8        8        4        5       10        9        6       10        1       12        9
        9       11        3        3        5        8        6        8        5        4        9        7        5        3        3        3        4        5        3        6
        5        9        5        3        6        3        4        4        1        6        7        1        2        6        2        2        5        2        2        4
        5        5        3        3        3        3        1        6        3        2        3        2        4        5        5        8        4        5        4        7
        5        5        2        2        8       11        3        6        2        8        6        6        4        8        2        9        8        9       11        9
        4        9        7        4       11        6       14        7       14       10        7        6        9        9        4        4        7        3        5       10
       11        9       12        7        9        8        6        6        7        7        5        3        3        9        5        3        2        5        4        0
        2        7        5        4        3        3        6        6        1        6        7        6        1        3        4        2        5        2        6        0
        3        7        3        3        5        2        4        2        7        5        3        3        7        4        7        4        1        3        5        6
        4        6        3        1        5        3        4        6        2        4        7        6        6       17       16        8        8        6        6        8
        6       11        6        1        9        4        8       11        5        6       11        7        5        9        6       11       11        4        6        7
        7        6       10        8        5        5        7        3        3        7        5        2       15        6        8        5        8        6        4        3
        7        4        7        3        5        2        3        4        3        8        8        4        2        7        5        4        3        0        2        4
        2        5        3        6        5        5        4        2        2        2        3        6        3        4        4        7        4        3        4        3
        4        2        9        6        9        6        5        7       11       12        5        6        3        8        8        4        4       12        8       11
       10       10       10        6        7        9        7        5        5       12        7        8       10        9        6        6       14        5       13        8
        6       10       10        6        8        4        7        5        9        4       13        4        4        6        6        8        6       11        4        9
        5        4        6        4        5        5        3        5        3        8        3        3        4        6        6        2        1        3        3        3
        4        4        3        2        2        4        3        5        2        1        4        1        1        3        5       10        5        3        2        4
        3        3        2        6       10        6        4       14        7        2       10        7        6        4       14       18        3        5        7        5
        4       13       14       16        7        7       16       11        7        8       12       14        9        8       19       12        9        7        9       10
       10       12        9       10        8        9        6        8        9       11        9        2        4        6        2        7        9        9        5        3
        7        5        3        5        9        6        4        7        9        5        6        3        4        1        5        3        1        2        4        3
        4        2        5        3        2        1        2        6       10        6        2        6        2        1        5        7        2        3        5        7
       12        8        8       10        8        8       10       11        9       10        7       10        6       11       15       11        7        8        3        8
        8       11       13        7       13        4        8       12        7        9        6        7       10       14       12        9        5        4       12       12
       13        8        5        7       15       11        8        7        7       11        5        9        5       11        6       10        7        6        5        7
        8        3        6        6        3        1        8        8        2        4        5        6        2        2        2        1        2        4        2        2
        1        4        2        5        4        4        1        6        5        2        6        4        7        5        7        4        8        3        2        3
        1        6        7        7        7        2       14        6        6        5        7       14        8        6        7        7        3       10        9        9
       10       10        9       11        8       12       11       12       12        9       18        4        9        7       17       13       12        8       15       11
        5        7       11       13        6       14       10        6        5        3        9        5        6        6        8        6       13       12       10        9
        6        7        3        7        8        3        8       13        7        2       10        8        3        2        3        2        6        1        5        2
        2        3        1        6        8        9        2        2        3        3        6        1       10        4        3        5        5        5        4        8
        6        5       10        6       10       10        6        8       14       10       14       11       10        9        8        7        9       10       12       11
       10        7        7        3        6       18       12       16       14        9       11        7       11        9       13       11       12       13        8       19
        7       13       11       11       11        7       10        6       10       17        7       12        7        6        8       11       10       10        5        7
        3        9        5        5        8        6        6        5        5        4        5        6        5        3        4        5        4        3        3        0
        2        1        5        4        7        6        3        3        3        3        5        4        2        1        5        5        8        6       10        6
        3        6        4       10        4       11       10        8        9        9        2       10        8        8        8        7       11       16        8       11
       11        6       16       13       15       14       19       14       10        9       15       10       10       14        9       15       14       13       15        8
        9       12       11        8       15        9        7       14        8       10       10        6       13        5       19       12        4        8        6        7
        5        3        5        5        4        3        6        5        8        8        4        3        2        4        2        0        4        5        3        4
        4        2        2        5        6        4        3        4        6        5        4        6        3        4        5        2       13        5        8        9
        6        8        6        9       12        8       10        7        5       14       13       12        5        8        8       10        5        9       14       12
       16       14       12       14       19       13       12        7       18       14       17        9        4       13       16        8       23        5       13        9
       11        9       16       17        6       13       14        9       10        6       11       13        8       12       11        6       11       13        9        5
        5        9        4        3        2        4        5        4        3        7        5        1        2        3        4        3        7        2        2        3
        5        0        4        8        8        5        3        3        7        3        8        5        6        4        6       10       10        5        8        8
        5        8        8        9        5        7       11        9        9        9        9        5        7        7       10       10       13       12       11       10
       10       13       10       16       17       18       17       14       11       14        8       13       12       14       19       11       16       18       10        9
       17       19       11       20       13        7       10        9       10        8       17        8        8        9        7        8        9        6        6        6
       13        2        2        8        4        5        7        5        7        5        2        5        7        2        3        2        3        3        3        3
        4        4        3        5        2        8        1        4        4        5        9        5        6        5        5        8        7        5       10       11
        7       10       11        8        5        7        7        7        5       10       13        7       10       17       10        9       11        9        9       16
        9       13       17        9       21       15        9       12       12       15       18       17       22       12       18       12       19       15       13       17
       11       10        8        9        9       15        8        8        6        7        9        6       10        5        9       10       10        7        4        8
        5        6        5        3        8        4        5        6        5        4        5        4        4        3        2        2        6        3        7        6
        7        2        3        6        2        4        8        7        9       11        4       10        2        5        4        2        4       10        9        8
        8       11        2       13        6       10        8       10        9       12       12       10       13       13       10       12       11       11       16       16
       16       13       14       15       18       16       15       16       16       19       25       27        9       19       14       15       18        9       14       13
       20        7       12       10       13       17        7        8        7        4        2        8        9        7        9        5       14        9       10        8
        6       21        9        9        9        6        8        5        5        5        5        5        4        5        2        6        1        6        5        4
        3        3        6        5        4        4       10        7        5        5        7        1        7        8        5       12        4        2       15        6
        5       12       10       10        9        6        6       18       12       12        5       12       17       11       13       17       16       13       19       14
       18       21       13       11       13       21       17       14       20       21       25       17       22       15        9       14       22       14       24       18
       10       18       22       15       13       11       18       13       13       10       13        9       16       12       11       10       11        7        8        4
        7        9        8        9        6        7        7        8        2        3        7        2        8        6        3        4        4        4        4        3
        5        4        5        8        2        6        5        7        5        2        3        3        7        5        8       12        8        6        7        3
       11        9       14       10        6       10       18       14       12       18        7        9       16       20        9        5        8       21       12       18
       15       15       19       21       14       26       10       18       13       10       18       21       15       19       16       13       13       18       13       14
       23       18       17       15       13       14       13       11       11       14        4       16       11        8       16       10        8       13        8        7
       10       10        6        4        3        8        3        8        6        6        4        5        4        6        1        5        6        6        7        3
        2       11        9        2        1        4        2        7        6        9        8       10        2       10        3       11        7        7       11        9
        9        7       10        6       18       11       13        8        9       18       12       13       12       18       14       15       15       20       13       17
       18       18       23       25       13       20       17       26       23       15       13       16       19       13       14       12        9       16        7       24
       16       16       19       15       15       20       19       15       10       13        7        6        9       11        6        6        4        2       11       15
        4        6       14       16        5        8        9        9        9        8        4        8        5        2        6        6        2        2        3        7
        4        2        5        3        3        7        4        5        5        4        8        6        2       10        9        7        6        8        8       10
       11        6       12        6       14       10       12        8        7       18       14       12       17       14       17       19       10       28       10       16
       16       28       23       26       17       16       18       21       21       27       24       26       23       21       17       23       24       23       20       17
       19       21       16       11       19       22       11       16       19       12       19       11       11        6       14        9        8       12       11       12
        8        8        6       14        7        4        8        5        5        5        5        4        3       12        6        5        2        0        2        4
        1        3        4        3        4        6        3        6       11        4        6        5        7       13        2        9        9        7        8       15
       13       14        9       13       19       16       14       16       16       16       16       16       11       14       21       24       16       18       18       22
       25       23       29       19       25       11       33       30       25       25       16       16       21       19       31       25       25       23       19       13
       15       13       21       25       20       17       17       25       13       14       16       14       16       17        6       16       14       10       14       15
        8        8        3        7       11        8        8        6        6        5        7       11        1        8        8        3        7        9        3        0
        7        8        4       13        4        4        7        5        4        7        6       10       12        4       10        4       13        6        8       18
       10       17        9       15        8       13       17       16       14       15       21       21       16       14       16       16       20       22       20       34
       20       24       26       23       20       24       22       23       17       33       19       20       28       21       18       16       19       22       17       29
       15       14       24       19       13       14       15       15       11       15       20       13       14       11       14       10       13       12       15       17
        6       12        5        6       10        7        8        7        5       10        5        1        1        4        8        4        7        3        6        5
        3        4        6        8        2        3        6        8        6        7        2       10        7       12        7        5        7        7       11       12
       12        8       10       19       11       18       19       20       21       14       24       19       10       11       19       23       18       25       13       22
       27       27       20       12       30       23       21       28       24       23       24       27       22       25       28       27       25       27       29       24
       27       17       22       31       19       18       15       15       17       15       23       13       10       10       14       10       20        7       10       12
       15        8        5        7        8        7        8        5       12        6        5       16        6        6        3        4        5        4        3        4
        5        7        1        8       10        6        9        6       11        6        6       11       15        4       11        9       11       11        8       13
        8       17       16       16       15       16       18       15       13       14       12       17       17       12       19       28       16       26       19       24
       26       26       27       23       17       18       24       28       27       27       27       17       28       29       35       26       28       20       23       26
       19       33       28       21       26       26       22       21       24       12       21       15       18       14       13       14       20       15       17       13
       11        8       10       11       12        9        5       10        9        6       10        6        8        5        4        5        8        4        6        2
        6        6        7        1        4        7        7        9        8        4        3        9        7        7        5       11       15       10        2       13
       11       11       14       20       19       17       20       19       13       18       18       15       15       20       24       27       22       26       32       27
       32       22       31       37       32       35       31       24       37       21       26       22       26       29       33       21       25       21       33       26
       23       24       13       24       26       24       22       25       20       14       14       12       20       12       16        9       10       15       17        8
       11        8       16       11       10        6        7        8        7       12        7        7        6        7        2        6        7        2        3        1
        6        5        5        6        6        3        4        4        8        8        8        7        9       11        8        5        6       13       11       17
        9       10       15       15       20       15       13       24       20       15        6       18       21       28       26       20       22       30       33       29
       29       22       38       29       29       33       28       36       34       32       26       30       31       25       26       25       35       28       30       21
       28       18       17       25       33       23       33       25       20       27       16       21       22       18       13        9        9       12       20       11
       22        6       13       10       11       14        7        3        6        6        9        3        9        7        7        4        3        7        5        3
        3        6        3        3        7        3        6        5        9       12       15       15        9       10        9        9       26       16       11       14
       13       18       12       20       14       13       17       20       16       13       21       17       28       28       22       24       23       29       28       27
       28       26       29       32       42       31       30       45       31       32       31       33       26       37       40       37       26       29       30       37
       33       23       32       24       26       34       19       20       33       24       21       23       17       12       17       16       15       14       11       16
       10       12       12        7        9       15        3        9        8       13        3        8        5       11        6        7        9       12        5       11
        5        7        9        5        4        5        7        5        5       10        8       13       10       15       12        9        8       12       12       15
       23       15       13       14        9       15       21       26        8       10       28       24       22       23       33       26       25       26       27       26
       19       45       47       36       45       46       46       39       29       31       46       37       44       28       24       28       27       35       31       30
       33       25       33       40       21       23       28       24       17       32       23       17       14       20       15       14       21       12       13       11
       19       10       13       14       11       13        7        9        7       13        7        5        4        9        6        8        5        5        3        7
        7        3        5        6        5        6        7       12       10        7        9        5        6       12        7       17       10       17        8       12
       20       20        8       11       14       18       21       16       24       36       29       22       32       28       37       23       33       29       49       46
       33       51       31       29       30       32       47       46       33       54       50       29       59       39       45       23       41       38       40       38
       34       28       24       34       28       17       23       29       24       19       21       29       17       16        9       14       18       16       13       16
       11       15        8       16        7       12       13        8       12       11        8        8        8        9        5        8        7        6       11        4
        9        3        3        6        8        2        8        5        9        8        8       13        7        6        8       14       18       13        8       20
       16       11       15       10       16       18       16       26       26       17       23       23       20       34       33       26       31       32       20       43
       44       47       36       45       36       50       46       39       43       37       44       39       55       48       33       44       45       52       37       39
       28       45       27       33       32       22       32       23       25       31       27       21       16       23       21       12       16       13       20       15
       10       20       10       19       13       11       11       10        6        8        6        7        5        5        3        5        6        2        8        9
        5        6        4        7        8       10        7        8       11        5       15       12       19       12       17       19        8       12       15       11
       13       18       20       11       18       22       26       29       26       20       30       22       34       32       32       38       34       25       40       42
       29       39       45       44       68       56       51       51       42       42       50       53       57       49       37       47       51       48       55       40
       41       27       33       36       34       34       26       26       21       27       23       25       23       23       19       12       18       22       16       11
       11       13       15       12        9        7       11       14        7        7        6        8        9        8        5        8        7        6        3        7
        7        5        3        7       10        3       11       11        8        9       11       11        5       11       15       12       15       13       12       14
       12       12       17       11       14       21       19       16       32       23       35       27       33       39       25       24       48       29       39       40
       42       44       46       47       51       48       51       57       62       55       45       51       63       66       55       51       51       49       38       47
       50       35       42       36       36       31       31       31       29       31       20       31       26       16       20       19       14       16       14       17
       14       16       10       11       13        7       11       11        8        8        8       12       13        6        8        8        5        3        8        6
        5        5        3        7        6       11        5       12       11        5       14        7       13        8       18       14        8       14       15       10
       21       10       20       19       22       16       20       22       28       30       34       32       19       37       37       30       44       41       42       38
       49       55       47       57       51       57       54       45       65       63       65       61       70       73       60       54       48       62       49       34
       32       46       38       32       38       38       39       32       23       20       32       17       26       21       22       20       14       14       25       12
       17       17       20       16       13       13       10       10        8       14       11        8       11       12        8       13        2        3        2        9
        8        8        6        6       13       10        8        7        9        6        8       10       11       24       10       12       15       15       17       10
       19       17       13       20       20       18       23       30       21       31       37       48       36       44       37       50       65       52       55       58
       57       54       42       59       55       58       75       70       69       49       68       61       62       59       49       55       70       54       48       44
       37       54       55       51       52       51       44       39       26       37       26       33       27       25       22       26       25        8       13       14
       18       13       13        7       12        8       11       13       15        9       10        4       11        2       11       11        9        5        7        8
        4        4        8        3        7        6        6        6        8        6        9       11        9        8       14       12       10       11       14       21
       19       14       15       29       14       28       27       22       33       32       30       29       44       34       33       44       36       61       64       51
       56       48       66       50       79       57       67       72       80       63       68       71       82       81       76       68       50       49       67       70
       56       49       61       54       46       45       33       36       38       39       35       25       17       24       13       26       18       19       21       19
       15       16       14       18       15       16        9       11        9       17        9       11        7        7        8        8        8        8        4        4
        5        6        5        3        6       13        3        9        9       12       18       16       13       12       11       10       22       21       11       26
       15       25       22       20       22       22       31       18       27       25       42       33       42       46       43       55       47       59       60       78
       69       77       72       64       85       84       79       83       80       78       85       99       81       82       93       83       74       81       76       68
       55       53       54       52       56       50       37       33       33       33       32       33       17       30       17       14       24       22       22       19
       10       14       20       14       19       18       10       15       11       15        7        8        9        9        8        7        6        6        5        2
        9        4        3        3        6        7        5        5       15        5        9       12       10       14       20       14       11       23       15       24
       12       25       23       25       32       23       35       33       35       44       25       30       43       42       54       59       56       63       53       74
       68       80       83       84       72       87      107       84       84       91       74       94       92       86       84       53       71       89       57       59
       59       55       69       53       50       48       52       38       31       38       39       33       32       23       26       35       25       29       17       15
       18       12       23       19        9       11       11       15       10       13        8        9       13        7        5        3        6        9        4        8
        5        8        8        6        5        6        5        6        5        7        5       11       14        9        8       11       13       14       16        7
       12       19       17       29       28       34       19       25       38       34       47       34       30       38       63       68       64       55       76       82
       77       68       89       88       93      104      106      103      118       95      104      107      100       94      100       75       93       95       78       80
       64       70       65       48       51       49       42       42       53       45       38       34       30       29       25       21       22       17       25       22
       18       11       14        8        9        9        9       13        9        8       13        6        8        8        9        5        7        7        4        2
        7        3        4        7        7       10       11        3        7        5        8       12       14       15       15       12       17       22       15       19
       23       22       23       24       26       32       34       31       36       22       30       37       42       43       70       74       84       58       75       95
       73       86       81       97      116      111      133      112      109      121      111      120      107       94      114       93       87       93       88       86
       68       71       62       69       67       54       47       34       37       37       31       35       43       26       24       22       23       22       26       14
       13       15       16       12       13       16       15       10       13       11        8        9        8        9       11        2        5        3       13        5
        8        8        5        5       11        3       11       16        8        5        9        7       13       14       14       16       16       17       19       22
       33       26       30       29       32       18       27       39       32       37       37       53       47       55       61       66       63       81       68       85
       98      115      102      110      103      133      119      133      127      136      133      142      106      123      110      130       98      108       86       87
       81       69       75       65       68       55       62       56       40       32       41       34       33       22       23       29       24       20       19       18
       28       16       15       23       14       11        8       12       16        9        8       12        9       10        4        8        7        9        9        6
        3        5        8        8        5        6       16       11       12       12        9        6       14       10       22       22       17       24       17       19
       18       21       21       28       26       35       30       34       44       41       37       51       61       55       76       72       95       73       92      120
       87      109      114      115      152      135      154      131      162      152      154      157      144      141      134      133      115      105      101       83
       93       79       81       73       46       61       59       49       45       47       37       39       42       29       31       33       24       22       30       16
       16       14       12       22       23       16       16       12       12       15       12        8        4        7        8        7        4        7        8       10
        5        4       17        6        8        6        5       10        1       11       13        9       18       12       20       12       14       19       18       20
       25       31       26       21       35       31       29       42       42       48       36       37       47       51       66       67       70       53       99      114
       98      122      103      126      161      159      160      140      159      210      153      155      197      140      163      132      116      133      121       92
      107       87       70       75       78       75       65       65       55       46       42       37       45       37       25       23       19       22       17       19
       24       17       19       26       20       12       16       18       11       17       16        7       10       10       15        7       12        7        3        7
        6        5       11       10       10       10       13        7        3        9       15       21       24       30       13       17       19       18       19       23
       22       24       34       26       29       34       40       42       55       51       39       46       60       49       83       83       95       92       94       87
      101      119      157      171      177      158      153      186      211      211      227      191      184      175      181      158      154      162      144      141
      135       96       85       83       82       65       62       54       54       48       39       38       35       30       34       29       25       30       38       20
       27       15       15       15       16       17       17       13       11        5       13       12       12        8        6        7       10        3        2        5
        8        8        2        6        9       10       10        7       10        9       15       12       12       12       11       13       18       15       21       29
       26       21       20       26       28       26       29       52       58       47       43       72       83       59       63       64      105       95      114      131
      138      149      159      182      179      212      213      220      244      228      240      207      217      232      214      186      172      141      150      123
      131       92      104       92       92       84       57       52       46       48       48       46       25       36       29       28       17       19       22       20
       21       21       19       20       20       18       15        6       15       14       13        6       11       11       10        8       11        9        5        8
        7        5       11        9        7       14       13       17        9       13        9       13        7       15       17       16       18       13       26       20
       21       24       24       33       41       30       31       45       64       39       72       59       68       82       80       68      107      124      114      125
      161      138      174      179      207      220      218      291      240      287      277      237      244      257      222      242      161      164      175      148
      129      131       94      108       78       89       58       64       54       52       55       52       36       32       36       35       34       32       23       19
       17       22       20       19       12       10       16        9       16       13       12        9       13        9       10        9        8        7        9        6
        2       10       10        8        8       13       13       10       12       18        8       11       14       13       10       19       22       16       30       37
       26       50       24       31       21       29       49       43       47       42       46       60       72       55       82      107       92      113      109      163
      146      205      188      233      218      243      282      307      329      306      304      323      306      261      253      235      236      183      172      152
      131      111      115       90       85       76       74       69       54       47       56       38       34       38       41       32       22       36       37       22
       22       30       20       21       23       16       16       11       16       16       11        9       10       11       13        9        8       10        7       15
        5        6        4        6        5        5        9       10       13        8       12       18       19       14       15       23       19       18       21       26
       20       31       32       33       25       37       36       36       46       50       50       62       71       87       87       89      110      137      120      147
      180      210      222      267      275      300      353      375      388      413      387      404      349      325      305      288      235      192      188      178
      142      122       99      105      102       81       82       64       55       50       49       45       34       46       33       23       38       30       23       23
       30       26       15       12       13       18       14       15       18       12       11       10       13       12       13        8        8        8       10        9
        6        9        6        6        6        5        4       12       10       10       18       19        8       11       21       14       16       22       20       18
       15       32       18       34       26       40       48       47       51       48       66       73       68       89       86      107      118      113      129      158
      164      215      236      244      280      339      412      449      439      469      530      501      449      400      349      295      287      225      184      167
      174      132      135      118       98       60       72       68       62       55       34       57       36       37       41       39       35       25       25       24
       17       21       16       15       20       23       17       14       19       17       13       12       13       12        3       10        8       12       16       12
       14        5        6        7        9       11        6        7       15       13        9       10       15       16       21       16       19       17       21       19
       24       20       25       29       34       31       59       40       56       52       62       78       71       89       83      112      111      141      147      185
      171      210      278      294      310      392      419      541      607      657      642      597      509      463      414      352      300      242      216      196
      165      159      119      117       95       88       69       74       54       50       46       52       49       29       34       42       33       28       24       25
       22       21       11       15       20       10        8       16       18       10        5        9       12        9        9        8       13       11       12        6
       10        8       12        4        5       10       13       13       18        9       14        7       19       11        7       14       18       18       29       19
       30       25       30       26       30       43       35       44       53       73       68       64       65       92       61      122      119      129      140      159
      184      262      285      309      359      465      523      667      836      906      845      824      708      572      451      393      304      265      263      223
      172      157      129      125      110       86       80       70       67       59       52       39       35       38       32       47       28       35       27       30
       25       21       16       21       18       18       10       17       10       18       17       12       17        6        8        5       11        5        3        8
       12       10        8        6       11        8       14        7       10       14       12       13        6       11       11       21       18       15       20       23
       22       28       33       42       40       46       41       54       44       57       38       60       66       82       86       96      117      111      164      193
      211      239      320      340      419      519      662      841     1123     1301     1288     1056      862      652      541      444      319      279      254      204
      200      127      129      147      126       90       70       84       65       59       63       46       44       54       34       37       40       21       16       22
       20       19       27       18       16       14       11       18       16       14       10        8       10       10       10        7        7        5        6        9
        2        7        8       11        8       10       12        5       10       15        7       14       12       20       21       12       17       17       19       16
       24       29       37       37       33       51       48       55       53       51       63       48       86       74      107      100      123      150      165      180
      197      273      326      368      440      569      763     1039     1429     2077     2030     1521     1011      754      568      418      354      332      263      227
      201      168      155      131      117       93       69       72       79       69       63       57       47       34       40       26       33       35       34       29
       27       20       16       26       13       18       14       14        8       12       12       19       11        9        7       10       10       10        9        8
        3        4       10       12        7        6       13       14       11       17       17       13       18       17       17       18       24       30       28       28
       22       29       37       29       29       44       33       46       51       59       59       87       75       80      109       95      135      122      158      201
      232      255      334      377      498      603      840     1210     2003     4333     3966     1965     1169      799      675      450      359      292      254      178
      186      187      162      122      116       83       81       69       76       64       54       50       63       43       43       42       20       34       31       31
       16       21       19       21       12       18       15       23        9       17       11        9       14        6        7        8        6        2        9        9
       10        7       10       12       10       10       12       15        7       15       20       21       15       11       18       15       17       23       24       24
       21       30       31       26       36       40       35       47       51       56       47       72       85       84       93      119      123      123      176      176
      224      261      327      341      468      564      787     1168     1945     4066     3787     1928     1141      767      646      463      393      332      294      203
      191      176      145      142      131       99       95       82       67       67       66       50       49       41       38       35       36       39       30       30
       15       27       24       13       17       15       21       19       11       11       13        7        4        5        6        5        7       10        7        2
        8        5        4        9        8        5       11       13       11       17       12        9       18       12       19       30       14       21       22       27
       19       27       24       35       38       34       38       48       44       49       63       70       67       82      115      113      133      152      180      169
      232      291      298      367      437      599      748     1028     1489     1915     1993     1451     1001      745      548      419      345      297      246      224
      186      180      156      128       95      114       79       85       68       79       58       49       45       54       31       29       36       35       27       29
       20       19       18       11       13       15       22       21       11       13        6        4       10        8        8       14        3       12        5       10
        6        7        6        9       13        4        7       14       11       15       13       12       16       12       17       20       14       25       23       21
       23       27       28       34       31       30       50       46       48       52       52       73       72       84      103      102      121      136      172      203
      230      239      263      346      399      510      646      837     1075     1283     1211     1005      854      666      490      408      314      291      260      220
      177      157      125      117      122      102       92       73       62       48       57       55       48       42       32       37       39       26       16       27
       29       23       19       18       28       18       16       10       10       16       11        5       15       11        6       10        6        6       11        8
       10        6       11        7        5       10       13        9        9       19       19       16       12       15        7       25       15       20       31       29
       37       29       30       33       32       40       36       45       54       60       46       59       75       89       87       97      115      153      139      187
      214      261      267      323      371      437      520      674      770      826      880      805      694      575      464      406      311      271      254      208
      182      160      150      100      105       88       85       83       60       64       46       62       55       35       35       40       42       27       24       32
       15       22       22       22       21       16       13       17       18       13       13       14       14       21        6       15       13        8        5       10
        9        9        5        7        6        9       11        9       12        9       12       18       16        9       11       17       22       22       30       28
       26       30       29       26       32       35       49       52       54       49       61       68       78      102       82      118      114      122      140      149
      164      238      252      356      333      418      498      513      570      642      677      607      539      432      409      352      341      249      246      199
      154      153      138      124      117       87       95       74       72       64       63       55       46       40       39       30       26       19       23       31
       26       27       29       20       23       11       16       19       15       15       15        7       11       11        7       12       11        5        6        6
        8        5        5       10       11        8       15       13       14       21       14       17       15       17       15       12       21       25       26       22
       27       30       23       34       35       33       42       50       49       50       60       55       84       67       87       87      114      115      135      185
      169      186      240      284      269      359      428      433      480      500      525      471      451      446      382      320      275      242      183      205
      164      133      123       95       93       71       82       61       80       64       50       59       49       48       37       36       33       38       35       22
       27       20       22       19       24       23       11       18       23        6       11        6       12        6        8       15        8        5        6        5
        5        5       12       13        6        9        9        5        7       17       15       13       16       10       13       22        9       22       21       29
       25       24       26       33       43       37       39       51       47       49       59       64       69       67       74      117       95      110      122      139
      161      172      213      244      262      290      305      363      386      410      426      394      344      332      320      260      235      220      178      183
      142      136      109       99       96       70       81       68       65       52       51       49       37       42       30       30       27       27       24       22
       27       20       24       11       14       12       14       11       17       11       15       13       11       12        9       11        7        9        6       13
        5        8       16        5       10       11        7       12       10       13        7       19       14       13       14       20       18       16       31       19
       13       19       17       44       28       33       42       40       55       37       60       64       59       73       68       88       96       81      116      129
      152      155      194      204      250      235      287      330      343      309      349      338      302      294      291      241      213      196      160      147
      160      136      107      114       98       90       74       64       48       51       50       50       35       37       40       26       31       35       30       27
       28       34       24       12       10       19       18       17        8       14       13        9        6       10        7       11       10        6        6        7
        3        7        1        6        9        6        9       10       10       10       19       16       17       18       19        9       17       16       20       17
       18       30       27       31       26       44       44       40       39       40       63       47       60       71       85       85       83       94      119      111
      134      145      148      178      206      221      242      283      269      273      254      265      253      249      255      218      171      195      144      154
      135      112      113      109       90       85       71       55       62       53       42       60       49       47       38       35       33       26       26       23
       23       18       16       16       23       11       14       17       10       11       10       14       11        7       12        5       12       11       14        4
        8        3        8        8       12        9        8        8       12       16       24       14       14       16       19       17       12       17       24       23
       25       31       34       30       20       36       40       46       46       38       48       53       60       83       57       85       82       96      116      128
      137      132      169      167      190      181      220      208      233      229      231      232      223      219      196      171      166      159      150      129
      129      131      100       92      101       79       73       59       55       47       44       40       41       39       45       32       35       22       34       26
       17       19       22       19       17       17       11       14       21        6       12        7        4        8        4       12       12        4       11        7
        3        3        8       14        8        8        8        7        4       13       12       11       12       15       32       19       17       25       30       25
       17       18       22       20       33       31       38       42       45       64       46       58       60       62       72       63       79       96      111      114
      115      142      130      158      178      176      186      191      208      211      218      225      196      179      187      183      161      128      153      136
      110      119       90       88       88       79       79       53       74       61       54       33       55       26       46       30       35       35       23       22
       17       18       19       15       14       17       14       14       13        9       12       12        8       11        4        6        9       12        9        5
        5        4        6       18       10        7        9        9        7        9        7       16       13       16       12       12       15       17       19       20
       23       28       19       21       29       30       45       36       45       61       41       51       64       56       83       76       72       78       89      109
       92      134      133      134      147      151      144      153      175      156      183      193      178      145      150      145      129      142      104      129
      105       89       95       68       63       49       63       56       57       57       48       44       34       34       21       40       32       23       22       27
       26       17       15       14       15       16       10       14        9       10       12        6        5       18        7        7       11        4        8       11
        5       12        7       10       15        6        7       12       12       15       11        6       11       12       15       13       13       18       22       21
       22       20       24       29       22       39       30       38       29       29       50       55       43       71       58       66       70       70       81      107
       99       97      125      123      122      139      149      134      110      165      158      137      136      153      160      141      145      128      134      107
       98       89       71       70       62       58       65       59       38       37       52       36       34       24       33       27       25       17       30       24
       18       22       22       10       15       18       10       10       12        7       12        7        8        4        5        7        8        4        7        7
       10        4        5        9        9        7        7        6        7       14        7       14        8       13       12       14       27       18       23       27
       31       29       23       24       26       26       28       40       29       42       39       50       53       36       55       66       73       79       88       81
       97      104      104      130      131      133      125      131      127      120      122      144      131      120      131      104      107      102       88       85
       78       69       82       73       46       68       53       47       34       42       44       38       33       35       25       21       22       19       22       13
        9       15       17       23       12       15        9        8        9       10        4       11       14        5        7        7        7        5       10       11
        6        9        4       14       12        4       11        7       14        7       13       13       14       16       13       15       10       16       18       19
       20       26       17       26       29       29       25       24       31       38       46       48       55       55       57       53       55       67       77       69
       93       81       92       85       94       80      126      101       98      109      104      128      114      115      113      100       93       88      102       73
       74       72       56       62       75       68       48       47       46       38       36       36       41       28       30       43       29       26       25       18
       26       18       15        9       11       13        9       11        8       12        9        8       14        8        9       11        3        5        9        6
        6        6        4       11        9       12        4       13        6        8        7       15       17       18       15        9       14       15       11       22
       22       23       35       29       24       26       24       31       37       42       48       51       39       53       35       63       70       63       72       64
       95       87       76       94      117       72       87      105      110      117      101      118       93       91       99       83       74       74       94       75
       67       71       67       64       53       44       47       44       61       52       42       40       34       43       32       24       22       25       27       16
       23       22       19       20       13       15       10       14        5       10        8       16       12        6       11        6        7        3        6        7
        6        6        6        6        4       10        8       10        5       11       10       16       13       15       15        9        8       20       16       30
       22       10       29       29       32       31       29       33       34       47       28       40       47       50       41       52       49       66       77       63
       83       62       87       87       66       71       99       94       97       91       82       84       95       87       95       74       81       74       75       60
       75       67       67       60       54       49       57       41       49       45       29       34       33       28       23       23       21       22       28       17
       12       15       19       10       12       14       11       17        7       11        9        4       14       17       10       15       10        8       11       12
        2        8        7       10       10        6        9        3       11        5        8        9       12        9       19       15       13       17       20       20
       25       28       23       17       25       28       25       26       29       36       49       29       48       45       40       53       65       60       54       57
       79       78       71       80       88       85       68       66       88       89       85       87       77       84       93       86       71       64       49       77
       54       60       53       51       47       40       43       37       38       36       36       28       36       24       23       19       25       19       25       14
       27       21       21       19       15       14       10        8       14       11       14       11        3       14        7       12        8        4       12        7
        8        2        5        5        3       10       15        8       11        6       16       10        5       15        5       12       10       12       15       24
       20       20       13       13       18       31       21       20       28       29       49       34       27       42       49       34       56       52       39       53
       57       57       49       63       71       50       66       82       77       83       79       82       76       74       57       59       65       69       65       50
       56       60       51       49       37       45       46       39       46       42       41       40       34       30       30       18       18       26       17       15
       15       26       10        9       15        7       19        2       13       12       12        9        8       14        9        6        2        3        1        7
        5       12        8        2        6        7        6       11       12        8       15       12       10        8       13       10       15       17       12       10
       19       17       15       21       23       29       18       28       27       18       40       29       32       34       33       44       45       42       47       55
       39       74       56       57       67       62       69       67       75       67       74       82       79       72       69       64       57       53       60       42
       42       59       53       54       48       41       35       35       49       36       28       26       38       35       27       26       18       28       17       19
       17        9       14       14       13       13        9       12        9       10        6       12        8        7        6        9        6       10        6        6
        9       10        6        8        5        5        9        5        4       12       13        9       10        9       19       12       19       12       17       13
       20       14       23       26       28       30       32       18       38       28       26       28       29       29       32       36       38       53       56       56
       50       49       48       56       57       50       56       66       61       46       60       61       65       74       66       58       69       51       53       55
       42       50       44       38       53       35       25       34       32       22       19       29       25       20       17       28       11       14       18       13
       13       18       11        4       16       15       21        9       10        8        9       10        6        6        7       11        9        8       10        6
        8        9        6       11        4       11        4       12        3       11       10       14       14       13       10       13       14        8       13       14
       18       16       26       19       28       25       27       31       39       36       27       35       28       29       37       17       30       41       29       43
       51       41       60       38       52       56       55       58       45       52       51       62       61       48       44       63       58       52       39       48
       38       41       41       35       41       32       33       31       30       28       14       22       13       18       19       25       20       16       19       11
       10       17       16       10        8       11       16        6       16        7       12        8        2       11       13        9        2        5        6        3
        7        3        8        3        5        8        6        9        3        9        7        7        8       11       12       12       16        6       12       13
       18       15       12       19       18       17       14       21       18       21       21       26       32       47       36       35       32       34       45       42
       39       51       37       46       49       53       47       53       42       45       61       55       46       44       64       43       36       43       44       42
       40       42       37       45       41       31       29       28       36       26       21       22       24       24       19       18       21       17       11       18
       16       12        8       13        9        9        9        9       13       20       11        9        5       10        2        5        3        4        4        4
        7       12        7        3        9        4        7        7        7       12        6        9       13        7       10       16       17       14       16       12
        8       14       22       22       19       26       19       19       22       26       19       29       34       21       43       30       39       41       31       36
       33       41       37       49       33       46       35       44       48       54       54       61       41       62       45       38       40       36       41       43
       41       31       37       42       32       29       43       33       37       29       25       26       22       14       13       27       21        9       22       21
       12       16       15        5       16       15       15        5        7        9        6        9        8        9        9        9        4        8        0        2
        8        8        6        7        9        6       11        6        6        9       10        6       16        9       13       12       16       13        6       12
       15       13       22       21       16       18       19       19       17       24       26       30       28       40       28       41       38       36       38       45
       25       33       30       32       45       32       40       40       58       49       42       45       47       53       36       44       48       38       24       44
       41       28       33       26       30       30       38       32       20       26       17       22       21       16       21       14       13       18       15       14
       13       12       17       15       14       12        8       10        9       11        7        7        5        3       12        8       16        5        4        3
        2        8        9        9        6        7       10        9        4        8       13       13       13       10       12       19        9       12       14       13
        8        9       16       11       12        8       17       21       18       16       18       25       25       22       28       22       33       33       35       43
       33       34       46       43       58       30       34       38       45       41       39       47       32       40       43       42       32       25       39       44
       32       30       20       36       31       28       32       21       28       22       17       16       19       22       23       13       17       17       15       10
        9       13       12        8       12        9        8        8        7       12       12        9        5        7       15        3        7        5        4        7
        6        4        6        6        6        6        9        1        7        4        6        6       14        4        9       10        6        9        7       12
       18       12       15       18       20       21       19       13       21       36       21       19       26       21       19       25       31       26       24       23
       37       34       31       25       42       48       42       31       34       30       49       40       34       28       38       33       42       45       38       46
       34       32       29       30       23       25       29       19       21       18       20       17       14       15       17       12       17       13       13       16
        7       16       11        9       14       11        7        7       11        3        8        8        5        8        9        3        6        4        7       10
        4        4        4        7        8        7        7        8       10        8        7        4        7        5        5        8       11       11       11       11
       11       18       22       14       12       10       22       15       15       17       17       25       25       22       28       26       18       27       27       41
       24       31       32       33       26       36       27       35       34       34       31       33       27       38       35       34       37       30       35       31
       20       22       22       30       22       24       25       23       18       22       15       31       19       22       15       10       21       14       23        7
       13        7        7        8       16        5        7       10        2        6       12        7        5        7        7       10        7        5        9        8
        8        4        4        5        8        7        5        7        5        8        4        9       12        8       11       10       13       16       12        9
       14        7       11        9       13       20       17       18       19       25       19       15       24       25       17       17       26       22       24       19
       23       32       31       34       38       27       27       32       30       33       39       40       31       16       32       36       30       28       24       32
       20       20       19       21       25       28       27       26       22       30       15       17       24       19       14       19       13       12       15       12
        7       11       13        2       15        9        6        9        8       10        5        5        7        4        5        6        1        3        4        6
        8        3        5        8        8        6        5        6        6        9        5       13       10        7        7       13        4       14       11        4
       10       16       13       12       11       18       14        9       18       17       21       24       21       15       14       19       19       19       20       16
       25       26       27       26       34       35       45       29       34       27       24       20       29       37       27       33       26       34       24       19
       23       28       25       16       27       17       28       22        8       13       25       17       18       16       14       11       18       13        6       10
        6       12        5       15        8       14       11       10        9        8        7        5        5        7        4        7        9        5       11        3
        0        3        7        9        6        8        6       10        4       11        9       17        3       11       10        9        6       18        9        3
        7        9        9       13       21        5       17       21       15       13       14       19       23       17       26       12       17       24       28       21
       25       20       29       31       29       28       25       21       37       27       23       19       21       23       27       25       22       21       24       23
       17       21       17       18       18       14       24       14       21       14       15        8       23       10       12       14       12       13       13       12
        9        7       12        7       12       14        8        5        6        5        6        8        5        6        5        3        6        4        7        4
        2        5        4        5        7        9        7        9        5        6        7        8        9        5        9       11        6        9        7        7
       11       11       14       17       14        7       11       19       19       13       11       12       15       23       16       18       14       18       24       32
       21       17       21       21       28       22       34       33       26       28       21       17       25       22       25       20       20       22       26       24
       15       20       23       21       17       17       14       22       16       13       12       13       16       12       13       12       14        9        3       14
        8        7       12        6        3        9        8       11        7        9        7        9       10        6        3        3        4        4        5        3
        4        6        5        8        2        4        7        4        6        7        5        5       10        9        5       10        8        6       12        8
       15        8       11       12        8       17       13        9       16       13       16       19       17       17       21       19       19       11       22       21
       20       12       19       23       33       20       28       13       17       17       25       21       22       26       29       17       22       26       23       16
       16       19       23       13       21       28       23       12       19        8       11       13       15       12        9       15       15       11       12       13
       11        8        9       12       11        8       11       11        7        6        6        9        5        5        5        7        3        6        5        5
       10        1        4        2        6        3        5        7        4        3        5        6        2       11        6        6        5       13        5        5
       12       10        9       15       13       10       13       19       14       11        9       10       16       23        8       17       18       15       22       18
       18       18       18       19       15       18       21       30       16       10       24       27       15       21       22       26       23       17       17       14
       23       23       23       20       12       26       13       14       11       11       16        3        6       20        6       12       15        7       13        8
        7        8       13        6        5        5       12        4        7        4        6        5        3        5        7        3        6        9        4        4
        3        8        4        9        8        7        8        7        6        4        4        5        9        3        7        7        5        9       13       10
       11        9        9       16       10       15       10        8       17       16       10       10       13       13       17       14       13       17       25       11
       15       23       20       22       21       17       21       20       24       13       26       19       19       15       23       21       14       17       14       18
       18       21       20       24       12       15       15       17       14       15       10       10       16        8        7       14       10       12        7       10
       10       14        8        8       10        8        6        6        5       10        3        7        9        8        4        8        6        7        3        6
        3        6        5        5        8        3        5        5        3        5        4        1        4        4        7        8       11        7       11       10
       11        4        9        4        9       10        8       16       13       18       13       14       11       12       16       17       21       27       19       17
       23       19       17       13       24       20       26       18       25        7       21        9       26       16       25       19       13       17        9       20
       12       18       12       21       10       20       13       12       11       13       15       13       10       12       18        9        8        8        9        7
        9        9       10       11       14        8        5        8        9        6        5        8        3        6        3        3        4       10        7        6
        6        6        2        2        2        4        5        6        6        5        5        5        3       10        3       12       10        8        6        8
        9       13        5       15       11        6        9       11        6       10       13       17        9       17       10       12       13       18       17       17
       15       21       15        6       20       22       21       26       11       11       17       23       18       15       10       19       11       16       17       22
       14       14       18       15       17       14       15       10       14       11       18       11       13       10       14       12        6        6        7        6
       10        3       11        5       11        5        9        6        4       12        3        3        9        6        1        5        6        2        5        0
        3        3        4        5        5        4        4        6        2        5        4        5        5        8       10        5        7        8        7        9
       10        7        6        7       11       13       10       11       10        7       11        9       11       16       12        8        9       16       15       12
       22       11        8       19       17       13       18       15       17       21       13       19       14       13       13        8       15       15       12       18
       17       15       19       18       21       10       13        7       17        7       11        7        6       15       12       12        5        9       13        5
       10        3        9        4        6       12        3        8        3        5        4        6        5        7        1        3        8        7        5        6
        3        7        5        3        7        6        5        1        3        5        5        5        5        7       11        5        6        6        6        5
        8        7       12        6       11       10       10        7        9       11       16       10        7       15       13       13       12       20       15       16
       11       10        8       14       11       16       14       14       17       12       15       11       17       17       20       19        9       18       11       13
       14       13       13       12       16        9       15       21       16       11       15        4       12        7        8        8       11        8       12        3
       11        6        6       11        3        2        8        8        4        6        5        8        4        2        4        3        5        4        4        4
        3        5        5        8        4        4        7        3       11        4        4        7        6       10        7        8        3        7        2        6
        6       10       11       11        8       15        7        7       13       10        7       10       10       14       10       10       18       14       19       16
        8       10       15       10       10        9        8       10       15       17       15       15       20       13       10       11       17       16       17       18
       12       16       13       10       15       16       18       12        7        9        9        3       14       13       13       12       10        5        7        7
        2        7       10        8       11        5        5        7        3        1        6        9        5        4        5        3        3        5        7        4
        3        6        4        9        4        1        5        1        9        5        6        2        4        6       10        4        5        4        1        8
       11       15        5        7        6        7        7        6        4        7       11        8        7       12        5       12       14       11        7       14
       11       10       12       17       14       13       12       15       13        8        9       13       15       10       16       14       15        9       15       13
       12        6       11        4       14       10        7        6       18       11       10       11       11       11        9        9        3        8       10        5
        5        8        7        6        6        5        2        3        3        4        4       10        4        2        1        3        7        3       11        7
        4        3        1        5        3        3        3        7        5        6        4        2        6        5        6        5        9        4        7        6
        9        3        7       14        2        6        7        9        7        5       11       12        6        8       11       12        9       13       16       12
        9       17        8       11       15        7        9       15       15       13       18       13       14       16       18        8       13       22       11       24
        7        7       17        9       16       14       10       10        7        6        5       12       13       13        9        7        5       10        5       12
        6        5        7        6        6        2        6        6        2        6        4        6        5        7        4        5        3        4        3        4
        1        5        2        5        2        7        3        5        3       11        3        6        5        6        9        2        3       13        7        8
       11        7        8        5        7        3        5       10        8       13        8        2        9        7        6        4        9        4        8        8
       12       12       14        7       17       14       14       15       10       14       10       15       17       13       13        8       10       13        6       12
       11       17       12       12       15        7        9        9       10        9       10        8        8       12        6        5        2       10        8        5
       10        5        9        8        9        8        5        2        5        6        4        6        3        2        6        9        2        3        4        3
        2        6        5        7        6        2        1        2        3        3        7        5        4        1        5        7        5        8        2        5
        9        4       11        4       11        7        7        3        8       14       10       11        8       11        9        9       12       10       14       10
       12       11       17        7        8       12        9       10        5       14        9       13       14       15       12        7       16       16       13        8
       15       11       13        9        8        6       12       15       12        6       17        8        8        9        5        8        7        3        5        4
        5        4        4        5        8        7        7        7        5        6        6        8        4        9        2        9        5        5        1        3
        0        1        3        4        1        3        3        3        8        4        3        3        9        5        4        7        9        6        7       12
        5        8        3        9        7        7        8        8        9        8        8        8        7        9       11       13       11       10        6        6
        9       10        7        8       12       11       10       11       14       14       16       11        9        6       16       12       12       13        7        9
       10        8        5       12        9        9       12       11        6        6        9       12        2        7       11       11        6        5       13       10
        6        5        7        7       11        5        6        5        2        6        3        4        2        2        7        4        4        7        5        2
        4        2        9        3        0        3        5        2        7        3        2        6        4        4        6        4        3        6        2        5
        2        5        8        9        3       11       10        5        8        3        8        2        4        5        4       11       16        9        8        9
       11        5        9       13       12        8       14       15        8       11       13        6       10       15       11        8        7        4        9       11
        8        9       13        4        6       11       10       15        8       10        8        9        6        2       11        7        7        6       10        8
        4        4        4        7        3        5        2        4        3        7        7        6        6        7        1        3        2        4        0        3
        4        2        2        5        3       11        4        2        3        2        3        6        4        6        7        2        4        4        8        9
       12        8        4        7        7        5        5        9        8        6        5        6        7        8       15       12        9       10        7       13
       11        7        9       11       11        8       11        8       14        5        8        6        8        8        8       11        8        3       11        5
        9        5       14        9       13       10        7       12        4        4        6        4        3        6        6        2       12        8        7        6
        4        6        6        4        4        5        3        4        5        6        3        3        1        3        6        6        4        1        4        5
        1        2        3        4        4        1        2        3        8        1        2        6        6        5        1        3        1        3        2        5
        5        4        5        1        8       10        4       11        2        6        8       13        9        6       11        6       10       12        9        4
        4       10       13       14       10        7       11        5        6        7        3        7        6        9       12        4        9        6        9        9
        6       11       13        4       10       11        7       14       13        6        3        6        4       11        6        7        5        3        5        5
        8        5        4        6        4        4        1        1        2        3        3        1        5        2        3        2        2        5        3        1
        1        2        4        2        4        3        0        2        7        6        4        6        2        6        4        8        2        2        4        3
        2        3        3        5        6        4       10        7       10        4        8       13        7        6        9        6       10        8        7        8
        4       10        8       10        5       11       12        3       13       10        5        7        9        5       12        8        7        8        9        8
        5        5        7        6        9        9       10        2        5        8        8        7        8        7       10        7        9        4        2       11
        7        0        7        7        4        8        7        8        4        4        5        2        1        2        0        2        7        2        5        1
        2        1        2        4        4        2        2        4        3        0        4        2        4        4        3       10        2        6        4        5
        3        3        5        7        9       10        3        2        5        3        4       10        5        9        6        6        8        9       11        4
        7        5        4        3        7        8        2        9        9        4        8        6        9       14        9        7        5        4        9       11
       10        5        3        4       11       12       15        2       11        3       11        3        7        6        4        5        7        2        5        5
        7        6        6        4        3        6        4        2        1        4        2        4        3        4        0        2        4        4        2        3
