        2        1        6        5        4        0        5        5        2        3       11        5        4        3        3        4        6        1        3        7
        9        4        5        6        2        4        6        8        4        4        7        4        9        5       10       13        6        6        2        9
        8       10        3       10        4        6       10        6        8        9       12       10        3        6        4        6        9        6        8        4
        9        3       14        6        8       10       11        6        6        4        7        5        3        3        8        6        5        3        3        7
        5        5        5        5        2        4        6        5        3        5        3        3        5        5        3        2        5        4        1        5
        6        2        3        5        1        2        1        3        5        2        0        3        2        3        3        2        3        4        9        7
        9        8        6       11        5        7        4        9        6        7        5        8        8        4       10        4        7        8        9       10
        8        6       11        5        5        6        8        4        9       16        9        8        7       17        5       11        8        9       10        4
        9        8        7        7        3        5        7        5        8       11        8       13        6        6        3        4        4        3        1        4
        5        4       10        2       10       11        2        5        3        4        3        5        4        4        3        2        2        1        8        5
        6        4        6        1        6        2        2        3        2        4        6        8        4        1        6       10        7        3        8        4
       11        9        5        8        5        2        5        4        3        6       12        4       11        3        3        7       12        8        8        8
        7        9       11        5       10       10        6       10       10        9        5       12        9        7       12        9       10        7        8        7
       16        6        8       11       11       13        5       14        6        9        5        8        2        2        4        9        8        5        5        5
        6        5        4        7        4        9        8        8        7        2        5        3        4        2        3        3        3        1        4        2
        2        0        2        3        1        2        5        6        3        6        5        1        4        3        1        9        9        4        9       14
        7        4        5        7        4        8       11       12        7       14       11       10        3        9        5       11        9        4        6       13
        5        5       12        9        9       17        6       12        6       13        6       10        6       11        7        9       11       13        8        8
       15       10       11       15        5        6       14        4        4        2       11        5        7        7        6        5        3        3        8        4
        7        3        6        6        3        5        2        1        7       10        6        5        6        5        4        4        4        4        6        2
        7        2        2        3        4       10        5        3       10        6        4        8        2        4        9        7        7        7       12        8
        3        5        5       10        7        5        9        8        6        7        7        9        8       11        9       13       14        9        7       12
        4        7       10       15        6       13       14        7        8       11       12        6       18        9        8        9       14       12       20        7
       12       10       11       15       10        5       11        6       10        7        5        8        5        7       10        7        5       16        5        3
        6        5       12        6        4        6        3        2        2        8        6        4        1       10        5        3        5        1        4        6
        4        3        5        3        4        3        1        4        2        7        3        5        4        7        6        5        6       10        7        9
        5        5       11        6        8        9        9        5        9        5       10       14        5        8        9       11       10       11       10       13
       10       11        9       14        7       16       16        9       13       11       12       15       13       10        8       15       10       10       14        5
       13        9       13        8        4        5       10        6       10        8       10       10       11        9        7        7        7        2        4       10
        5        5        5        9        2        9        5        2        5        6        2        5        2        6        4        2        3        8        1        2
        4        4        2        1        7        5        5        2        3        0        4        1        6        3        5        1        6       10        8        9
        3        9        9       10        2        8       14        3       11        8       12       15        9        7        8        7        5       15       17        9
       12        7       10       18        6       16       15       12       15       10       12       20       11       10       14       14        6        9       16       14
       12       14        9        9       15       14        9        9        9       11       12        9        5        5        9        8        4       11        6        8
        4        3        5       16        9        3        3        5        3        6        5        4        4        3        4        3        4        4        2        7
        2        4        5        3        3        4        3        0        6        7        7        2        8        4        8        9        7        5        9        5
        4       12       11       10       14        6        8       12        8        6       11        9        5       10       13       15        6       18       10        8
       17        7       17        1       12       18        9        9       14        9       16       13       12       15       20        7       17       14       17       12
        8        9       13       12        6       18       12       10        7       15        4       13        8       10        6        4        7        8        6        5
        8        3        2        8        7        9        8        8        3        4       10        3        8        2        1        5        1        0        4        3
        2        1        5        4        7        6        9        8        3        5        5        2        4        5        6        7        5       10        5        3
        6        9        9        7       10        7        5        7       16        8        7       15       10       11        6       13       10       11        6        6
       14        7       10       16       12       14       10       15       10       20        5       14       11       21       10       13        6       19        9       20
       11       10       10       12       13       20       19       10       10        8       11       13        7        4        4        5       10        4        5        5
       14        6        6        5        4        4        4        4        5       10        2        3        4        4        3        4        4        9        4        2
        3        8        4        3        9        7        6        3        3        7        6        6        2        4       11        9        7        6        9        5
        8        8        8        4        2        5        7       10        7        6        6       10       13       13       13       12       13       16       10       15
       14        9       11       22       15       13       17       14       12       10        8       13        9        8       17       14       23        9       19       13
       15       14       16       11        8       11        9       11       13        7       10        9        7        7       16       11        5       10       11        8
        9        6        2        6        5        6        7        6        5        6        6        4        5        3        5        9        4        2        2        8
        9        6        7        3        2        4        5        3        4        5        6        8        5        8        4        7        8        5       13        5
        5       11       12       13        8       11        7       13        9       11        9       11       15       12       14       15       10       12       11       16
       14       11       11       12       29       10       13       12       13       16       10       12       12       11        9       14       15       15       10       11
       15       17       13        9        6       12        8       13       11       16       18       11        6       11        6        6        5       10        6        7
       11        3        5        5       10       13        7       11        4       10        2       10        4        6        3        6        7        7        6        5
        3        7        6        2        5        3        0        7        1        8        5        4        3        5        4        8        6        8       14        8
       11        7        8        8        7       10       10       10        8        8       12       13       13       17       10       11       13        8       19       22
       14       12       16       14       14       16       12       16       21       12       16       14       15       17       16       15       12       13       21       11
       12       17       18       11       13        8       21       14       14        9        8       10       14        5        8       14        7       12        6        8
        9        6        7        7        5        6        8       11        7        6        2        6        5        2        0        5        4        1       13        3
        2        5        6        4        3        3        5        2        6        8        7        7        7        2        2        6       16        8       11        6
       12       11        9        5        9       11       12        9        7       11       13        9       14       11       13       20       13       10       20       20
       17       13       12       13       21       14       16       11       14       17       21       10       13       19       17       15       11       14       16       11
       11       14       15       17       13       13        7       11       14       10       12       12        8        9        9       11        5        4        8        8
       12       11        7        8        7        7       11        8        6        2        4        4        4        3        8        4        2        6        3        3
        6        7        5        7        3        4        7        4        6        7        5        5        5        4        6        6        7        9       10        5
        5        7       19        7        8       11       15        8       11       10       15       10       13       11       18       11       20       18        8       16
        9       13       22       21       22       19       25       13       15       13       16       18       18       16       17       24       15       20       14       13
       18       17       16       16       18       12       14       13       10        9       16       15       18        7        8       10        6        7        7        4
       15        9        3        6        8        7        7        3        5        4        8        8        7        5        7        7        9        6        3        6
        3        7        2        5        5        5        3        3       10        6        7        8       14        7        3        9        5        8        8        9
        6       10       11        8       16       15       14       11       14       12       17       12       14       23       19       12       11       17       23       16
       18       18       21       21       18       22       16       31       17       23       19       16       21       21       18       20       16       18       20       13
       20       18       14       21       20       23       11       17       15       17       10       13       14       13        8        9        5        5        5        9
        9        8        5       10        7        6        3        5        5       11        6        6        4        7        1        8        4       10        6        3
        6        6        3        3        2        5        5        7        5        2        8        5        7        9        2       10       14        7        9        6
       11        7        8       13       12       15       11       14        9       14       14        9       13       12       12       10       22       14       16       12
       20       31       15       16       14       24       21       26       17       10       20       26       21       13       18       26       23       22       13       16
       16       21       13       21       14       13       16       13       19        7       11        9       11       12       12        9        9       10       10        9
        9        4        9       11        7        5        6        6        7        4        1        5       10        4        8        4        3        3        8        1
        4        5        3        1        5        1        1        4        6        6        5        8       13        7        3       11       12       11       11       10
        8        4       11        8       13       13       21       15        6       12        9       15       13       15       17       18       20       19       17       27
       24       19       22       23       23       28       21       25       23       15       25       27       17       18       24       15       11       17       19       21
       17       21       22       23       17       10       10       22       19       11        9       13       11       16       14       15       12       12       12        8
       10       10       11        6        6        8       10        4       10        6        8        4        8        2        8        7        5        4        8        3
       10        7        7        5        8        4        6       10        1        9        7        5        4        5        4        7        9        9       12       10
       10       13       18       19        9        9       11       13        8       12       17       11       16       25       11       28       12       29       26       28
       27       24       18       20       22       39       18       22       28       20       15       25       23       24       26       16       17       19       17       22
       15       26       20        8       17       22       19       10       20       21       13       12        9       14        9       13       16       23       15       13
       16       10       10        8        7        7        5        7        7        7        2        3       12        4        3        4        1        6        8        7
        5        6        3        6        7        3        8        3        3        8        4        6        8        7       12        7        9       10        7        8
       11       16        7       14       14       17       10       22       14        9       13       15       16       13       22       21       23       21       31       18
       28       18       20       28       24       30       27       20       23       30       11       21       33       24       26       23       29       23       17       20
       13       21       19       21       17       22       20       22       18       22       21       11       13       15       12       19       14       15       19        6
       14        6        9        7       13        9        8        3        4        9        2        9        3        0        3        6        5        6        7        3
        5        2        5        5        5        5        9        7        5        5        4        5        7       10        7        9       12        9       13       10
       18       12       11       13       16        8       12       16        8       10       20       27       19       14       17       23       19       30       25       28
       31       25       22       32       26       22       31       19       29       26       23       33       35       31       31       17       25       19       18       23
       23       24       19       19       20       24       19       13       14       18       14       21       11       24       21       17        7       10       13       11
       13       15       12        8        9        4       12        8        4        4        6       10        3        8        1        4        3        9        7        6
        6        2        6        8        7        4        9        9        6        1        4        2       12        6       10       13       14       10        9       13
       12        9        9        9       10       11       18       19       16       17       19       21       16       21       20       22       27       20       28       25
       26       26       19       30       39       32       31       45       23       32       34       20       28       25       20       27       38       25       24       22
       35       27       27       28       18       28       26       18       18       17       19       28       12       22       19        9       13       11        9       16
       11       10       12        9       19       11        7        6        5        6        6        8       10        7       10       10        7        4        3        3
        4        5        6        6        6        4        2        7        9        9        6        7        8       12       10       10       12       12        6       13
       15       11       15       15       11       18       16       19       18       12       19       22       21       19       18       24       23       33       32       29
       29       25       37       33       45       35       30       30       40       28       35       24       32       30       26       30       27       37       34       31
       30       23       20       19       15       24       15       21       21       22       22       20       24       19       16       16       13       20       14       17
       17       10       18       16       16        6       10        5        7        6       10        7        8        5        6        4        3        7       10        4
        5       11        5        6       10        8       15        8        5        9        3        8       11       19       12       12        8        9       22       16
       12       17       10       16       16       14       17       20       21       15       23       18       23       26       29       19       22       23       32       36
       23       20       25       42       33       23       38       43       36       48       31       42       35       43       28       35       29       35       33       19
       28       25       17       28       29       21       29       24       19       23       11       12       12       23       17       13       23       11       10        9
       17        9       13        4       13       15        8       10       10        8        4       11        6        9        6        8        8        3        4        6
        3        9        3        6        4        3        4        5        7        2        6        6        9        7       11       11        7       11       14       19
       11       20       17       15       22       12       15       19       25       20       34       24       23       18       35       27       31       30       24       30
       36       25       31       33       34       37       44       32       31       40       27       43       50       35       25       36       26       35       26       30
       32       31       35       31       32       28       27       18        9       21       30       26       13       23       18        9       10       12       10        9
       17       10        6        9        6       13        7        3        8        6       13       14        5        4        8        8        6        6        5        5
        7        2        3        8        7        9        5        7        6        8       11        9        9       13       13       10        9       12       18       14
       11       12       14       21       21       17       16       21       22       18       25       25       29       20       30       32       31       25       31       35
       34       32       35       38       44       37       36       42       39       40       42       51       33       54       43       37       51       37       37       34
       40       34       29       32       31       28       25       20       33       18       24        9       13       17       15       15       22        9       14       16
       10       13        6        7       12       11       14        8        7        8       13       10       13       11        5        6        5        6        3        6
        2        5        7        6        2       10        5        4        1       12        2        4        5        5       11        8       12        9       13       24
        9       18       11       24       20       13       22       18       27       19       26       21       27       23       26       37       40       36       37       40
       38       31       43       34       39       43       47       46       36       38       30       48       58       39       44       59       47       37       31       40
       33       25       35       44       21       32       29       19       36       31       29       19       17       25       13       26       22       15       14       14
       16       14       18       19       12       13       15       12       17        4        8        4        8        7        5        3        5        5        0        5
        2        6        6        2        9        7        4        7        9        8       14        6       10        7        8        9       11       15       10       15
       12       27       19       16       21       22       21       18       18       17       26       40       25       38       30       32       37       36       33       41
       37       41       35       37       40       58       45       60       55       42       35       54       46       61       50       55       53       30       34       44
       39       47       42       34       38       31       23       22       26       29       30       27       17       24       23       23       22        9       17       21
       17       11       18       16       12       10        5        6        5        8       13        7        6        5        7        9        7        7        4        2
        5        8        4        4       11       11        5       12        6       12        9        8        7       16        9       17       14       17       13       15
       16       18       21       17       13       18       23       25       24       37       31       31       26       34       33       24       39       44       39       36
       36       48       60       45       54       55       54       57       54       64       45       39       47       41       51       51       43       48       48       31
       57       44       43       32       31       38       26       36       20       38       24       20       27       17       26       18       11       20       17       18
       11       18       16       13       13       10       10        9       13       11        3        2        6        3        3        7        6        9        5        4
        8        4        7       10        8        7        3        7        6        7       16        6       13       12       14        8       17       11       20        9
       13       14       13       24       19       23       30       31       25       31       35       25       39       24       33       40       44       37       42       46
       44       45       55       52       43       49       56       53       57       64       48       62       52       51       55       57       49       48       47       47
       45       39       44       39       33       49       29       35       37       14       30       26       24       28       20       24       21       24       18       19
       18       13       12       22       12       16        7       10        8       10        4        8        3       11        6        5        7        5       10       11
        3        5        9        2        6        4        5        9       14        8       10        4       11        9       14       14        8       18       17       20
       15       16       15       19       23       28       24       24       32       29       38       31       41       36       44       52       33       37       43       48
       44       57       59       54       57       65       64       70       69       70       54       68       60       52       76       58       55       53       57       49
       47       48       29       36       42       34       33       37       34       28       32       30       18       23       27       23       13       16       16       13
       17       16       23       12       16       12       12       13       19       14       11       12        9       11       10        6        8        6        5        8
        5        3        2        6        5        9        9       14       20        9       10       12       14       10       15       22       19       11       22       14
       15       20       20       24       18       24       24       30       35       29       29       39       41       38       37       58       36       54       46       46
       41       55       57       71       71       78       69       67       69       79       52       65       57       66       65       65       52       61       58       44
       55       47       52       41       42       45       36       23       38       36       26       25       29       13       19       24       19       23       19       20
       13        8       10        9       15       14       10       12       15        1       12        8        6        5        7        4        9        9        6        6
        7        4        2        5        6        8       11        4       11       14       11        9        6        9       12       14       16       12       13       13
       16       12       15       20       30       28       22       23       22       22       32       39       35       44       46       50       42       48       63       71
       57       71       46       62       70       75       80       65       63       78       65       77       58       66       75       78       82       78       48       56
       51       44       51       53       42       49       46       29       32       28       29       31       35       19       17       23       22       23       15       20
       19       10       25       21       13       21        8       11       13        6        8       10        8        5        7        7        5       11        4        6
        6        6        5        8        2        6        5       13       14        6        8       13       10       10       13        8       15        8       16       20
       20       25       17       20       20       33       27       35       36       47       35       51       29       28       38       52       56       39       62       81
       71       83       70       76       78       83      102      105       88       89       94       79       79       89       90       71       82       67       72       61
       60       76       64       57       52       47       41       42       41       28       43       28       23       28       28       30       34       16       25       13
       12       18       13       19       16       11       20       11       17       10       19       16       15       10        7        7       10        8        5       12
        7        6        9        9       10       16       11       13       10       13        9       13       10       12       13       17        9       11       22       18
       16       24       18       27       29       27       34       37       43       32       38       51       43       54       41       43       45       50       67       74
       71       75       86       86       71       84       88       98       90       87       84      101      113       92       74       98       79       74       90       72
       82       59       62       69       54       52       63       42       39       32       40       34       28       42       30       27       21       21       26       18
       17       19       10       11       15       11       14        6       11       13        8        8        8        6        6        5        3        9        4        9
       11        4       12       15        7       17        1       10        8        9       12       11       19        7       14       10       16       21       18       20
       16       21       12       30       16       32       34       35       38       36       32       31       59       68       62       68       60       52       71       91
       91       92      100       90       98       93       99      107      105      102       99       95      106      117      102       91      104       70       77       84
       94       76       62       43       46       50       49       45       45       38       31       37       43       32       36       26       28       19       22       24
       20       24       13       23       15        7       18       11       11       10       14       10        6        9        9        5        8        7       10       10
       10        5        5        9        8        9        9        8        6       20        9       19       10       17       20       18       24        9       23       18
       25       27       26       25       19       23       29       39       42       42       39       45       44       57       59       58       75       79       64       83
       77       92       98       92       85      114      121      119      106      123      111      123      117      118      122      116      105      100       88       89
       76       81       68       67       84       50       51       47       47       48       45       34       32       34       35       22       19       15       23       20
       24       17       22       27       18       15        9       15       10       16       13        7       11        6        9        4       14        4        6        7
        4        9        2        8        7       11       10       13        5       12       13       18       10       10       18       11       19       30       24       27
       16       23       32       33       26       35       24       40       39       43       47       49       46       66       53       83       75       67       78       77
      114      101      107      109      117      119      111      120      112      130      133      142      140      122      123      119      111       90       98       92
       87       79       43       69       69       63       48       51       42       32       37       36       24       34       32       34       20       18       25       29
       24       18       18       22       17       18       12       13       11       17        8       13       14        7        8       12       10        6       10        4
        5        5       10       12        6       15       10        8        8       10       11        6       15       11       16       21       18       22       18       19
       33       30       24       24       40       35       28       31       39       41       39       65       56       61       69       71       84       87      104       86
       99      108      111      101      125      123      130      131      158      173      157      135      147      139      144      121      117      117      110      122
       98       92       80       83       60       61       51       58       53       47       54       33       33       41       27       36       33       26       22       12
       12       23       16       14       18       11       16        8       18       17       10       17       11        8        9       11        7        7        8        8
       10        9        8        8       15        8        8       10        9       12       15       11       13       18       17       17       12       22       19       24
       24       29       35       32       25       27       32       50       42       46       60       66       72       60       74       89       68       82      111      102
      118      122      127      139      167      149      161      188      185      187      150      177      145      147      140      144      129      139      107      108
      116      107       99       89       66       75       49       76       56       54       57       46       42       39       31       29       32       27       24       25
       33       21       23       16       17       17       16        9       13       19       13       11        8        9        7       10       10        7        1        2
        6        6        8        5        7        9       12        9       13       13       18       11       20       14       15       12       20       16       24       18
       18       21       26       28       38       33       44       51       40       30       51       49       59       58       72       88       86      104      115       97
      110      139      168      158      170      198      201      207      204      197      202      206      196      211      168      186      156      109      132      132
      106      100       91      102       81       78       67       56       56       47       61       44       32       37       31       33       36       20       12       29
       27       22       21       19       15       14       13        8       16       10       10        5        5       10        7        4        9        2        9        6
        7        6        8        7       11       11        6        9       16       12       11       18       14       14       22       19       20       20       17       18
       28       18       23       27       24       33       36       44       43       40       55       56       68       50       76       88      101       97      120      115
      146      145      159      174      171      194      202      217      228      254      233      255      238      221      196      187      177      147      148      137
      139      111      107      105      103       70       78       62       51       56       60       41       43       41       34       44       25       24       24       35
       21       28       13       24       19       14        9       18       13       12       14        9       11       10       10        5        3        8        5        6
        7        5       16        7        4       10       12       11        8       10        9        9       18       11       27       22       17       20       15       19
       21       23       31       32       26       35       41       52       53       49       35       54       73       92       84       96       87      114      118      131
      146      141      176      209      190      226      225      264      287      276      291      312      292      236      217      220      201      184      176      146
      133      111      120      117       99       77       75       80       61       45       50       45       30       48       36       27       30       35       29       20
       14       17       24       21       14       17       12       14       11       14       16       11       13       11        7        7        6        8        5        8
        8        6       16        8        5       14       13       12        9       11       16        8       16       17       20       22       17       12       18       21
       17       27       39       29       44       38       36       57       47       62       62       69       79       81      102       93      120      104      118      139
      168      182      183      213      250      274      296      302      351      347      359      343      315      269      247      238      203      176      130      144
      139      124      113      108      113       88       61       75       67       65       48       42       36       33       40       37       38       25       27       24
       22       25       24       29       28       15       15       14        9       13       17       10        7        6        6       13        6       10        6        8
        4        6        9        6        8       14       15       15       13       14       11       17       10       15       15       23       20       24       29       22
       27       30       31       34       36       41       42       40       48       63       51       65       78       95       93      101       96      133      137      176
      165      188      244      265      257      289      396      390      411      425      419      393      380      359      284      240      260      213      188      182
      156      148      122      112       99       98       81       71       65       52       56       44       58       43       30       37       18       35       24       20
       21       27       31       21       21       20       12       12       17       10        9       10       14       16       11        8        9        7        7        9
        7        9       11        8        8        8       18        6        8       12        8       20       19       15       20       19       19       26       21       17
       20       30       33       28       34       31       42       44       58       55       56       80       63       88       90       93      120      123      138      172
      182      245      202      271      303      325      366      432      507      526      478      480      478      405      356      302      260      230      221      181
      160      126      146      104       87       96       87       83       72       74       54       58       46       36       34       38       46       35       28       36
       21       25       20       10       11       18       18       15       17       14       14       10        4       13        8       12       10        9       10        7
       10       11        6        8       12        9       11        9       13        9       20       16        7       17       19       18       31       23       27       24
       26       20       31       35       39       37       44       52       66       61       77       72      106       88       91      112      123      126      157      183
      177      236      263      298      311      399      511      562      595      674      627      576      551      493      365      320      312      258      221      217
      173      170      132      138      120      107      105       89       68       57       60       52       42       43       40       25       31       31       35       31
       28       28       18       16       22       18       20       22       13       10       12        7       10        7        6       11        7        3        2       11
        9        9       14       12        8        8       15       13       12       12       15       13       16       10       15       21       15       16       35       19
       32       38       29       27       29       40       54       41       48       59       56       73       84       83      117      107      137      132      150      171
      197      247      290      345      391      476      557      673      798      857      855      762      728      551      447      370      359      273      241      221
      180      149      143      138      106      109       85       79       65       41       73       51       51       53       35       45       35       26       25       25
       34       17       18       14       22       14       23       19        9       13       12       15       17       10        4        8        7        7        7        5
        5        8        8        4        9       16       14       11       15       13       15       16       14       21       12        7       19       18       20       24
       21       39       30       29       34       42       50       50       57       49       56       74       85      106      106      110      132      134      160      186
      227      285      303      354      414      518      652      823     1006     1170     1145     1069      833      672      549      396      363      306      221      238
      208      172      144      123      121       92       87       76       98       58       62       47       49       42       38       33       31       33       18       13
       25       20       15       16       22       24       21       13       12        9       19       11       14        5        9        5        4       11        6        5
        9        5        3        7       15       10        9       11       11        7       12       14       25       22       32       21       28       18       34       23
       25       29       32       37       29       41       38       56       72       56       64       93       86       88      116      118      141      131      158      183
      178      312      324      415      486      607      832     1055     1479     1857     1855     1424     1026      850      579      474      374      279      264      224
      178      175      180      120      147      120       89       65       68       66       50       55       44       47       33       31       28       26       26       29
       26       19       21       10       23       12       16       12       16       16       15       10       15        6       11       10        8        9        8        5
        9        7        6        9       11        8       15        7        8       13       14       10        9       21       22       23       24       24       23       29
       20       32       28       27       50       56       37       46       56       70       67       96       77      102       80      109      128      145      161      203
      211      303      312      391      539      683      870     1142     1719     3555     3841     1931     1167      816      626      435      408      359      300      237
      186      154      166      152      106      101       91       85       55       67       48       46       39       47       43       38       36       24       23       20
       30       19       14       17       13       21       18        6       22       13        8       15       12        9        5        9        9        9        9        5
        8        7        9       11        7        6       13        9       13        7       10       18       13       13       10       22       21       26       26       35
       23       23       47       29       28       46       62       49       58       56       68       87       95       80      106       99      142      133      208      185
      247      303      321      421      489      652      869     1199     1791     3359     3835     1854     1251      868      619      526      359      327      244      220
      180      177      159      132      114      113       93       70       70       75       54       46       48       49       43       38       33       32       26       23
       17       27       26       12       21       21       17       12       17       11       14       11       16        8       13        9        5       10        7       10
        4        4        6       11        9       15       13       13       12       14       12       16       15       16       13       13       22       27       20       23
       23       41       29       31       50       38       50       56       58       69       67       68       75       89      112       98      133      156      155      187
      224      304      295      355      485      621      776     1005     1478     1883     1802     1344     1050      814      658      450      421      327      278      241
      180      189      153       99       93      107      101       92       89       61       65       60       51       33       38       38       37       26       25       24
       23       18       25       16       15       19       15       14       21       15       11        9        6        8       11        6       13        4        8       10
        5        6        5        8       14        9        9       19        8       12       13       13       20       15       18       16       17       25       22       36
       25       38       35       48       47       47       43       60       58       67       57       81       66      102       84      102      152      166      182      218
      216      254      301      349      464      519      687      873     1073     1276     1256     1060      918      681      551      470      331      311      237      229
      204      152      164      114       99      104       83      103       61       56       59       42       48       57       39       28       30       34       17       24
       16       17       21       12       23       25       24       16       13       14       13       10        9        5        8        8        5       11        7       12
        7        7        4        9        7        6       12        8       16        7       12       12       11       23       15       20       17       13       20       24
       25       29       41       29       44       35       44       44       63       62       63       72       75       86       88      111      117      135      168      172
      202      251      289      328      387      456      552      654      789      917      910      803      741      618      500      381      344      284      240      203
      198      179      156      123      134      118       81       86       66       60       64       68       46       47       43       45       34       24       30       26
       25       31       27       15       11       13       16        9        9       16       15       15       12       11        8       15       13        7       17       10
        8        7        5        7        9        9        8        7       12       14       11       17       17       13       20       21       23       27       24       26
       24       40       26       44       38       32       35       54       51       67       86       67       87       93       84       94      145      142      145      196
      222      244      280      377      363      446      527      556      652      680      640      612      538      539      429      337      299      281      218      177
      169      151      131      117      103       82       96       92       70       63       50       42       47       42       42       40       28       37       40       25
       24       27       28       18       16       17       15       20       14        9        8       16        9        9       11        8       14        6       14        5
        7        9       11        8       13        4        7       14       13       11       17       15       13       11       19       16       19       18       25       27
       28       23       32       35       41       39       29       48       41       50       75       71       73       92      104      123      111      133      144      168
      179      241      246      293      301      365      401      404      510      536      495      521      446      444      340      310      275      253      228      214
      177      145      138      126      118      101       84       72       66       61       59       51       40       38       33       34       28       37       28       21
       23       19       15       13       22       15       20       12       12       10       16       12       11        5        9       15        8        5        4        6
        4        4        6       15        7        9       11       12       10       10       19       15       16       15       20       17       19       27       18       27
       29       26       34       31       49       32       46       55       68       53       65       59       89       96       98       95      121      138      158      147
      176      177      220      239      278      324      327      375      372      444      415      435      356      362      321      308      251      248      208      200
      155      145      129      117      104      102       83       66       63       53       61       57       39       37       45       38       25       26       27       23
       25       26       18       23       17       15       15       13       18       18        9        8       12        6       13        4       12        8        6        9
        5        6       10        8       15       10       12        8       13       15       13       15       18        9       19       24       16       15       20       25
       27       30       27       33       31       33       52       45       60       45       66       74       75       74      111      115      108      132      140      139
      173      181      242      232      238      279      303      297      349      350      337      327      348      354      247      264      222      201      179      181
      127      140      132       93       82       85       70       58       71       76       54       44       40       57       47       26       36       28       25       24
       33       20       21       17       13       15       15        6       12        9        5        8       12        9       10       10       15        7        9        7
        7        2        7       14       10       11       11       11       14       12       11        6        7       10       16       18       13       24       31       20
       25       39       30       29       32       49       56       53       41       56       58       64       67       79       86       88      109      116      131      147
      156      167      200      190      220      237      259      263      324      291      281      269      271      257      257      221      196      190      199      157
      138      102      107       97       82       90       76       59       42       58       51       58       42       40       40       36       33       25       21       15
       23       18       12       18       23       16       16       19        9       13       16        9        7       16        9       10        2       11        8        6
        6       10       15       12       11        7       12        9        8        6       17       13       10       18       18       24       13       23       28       29
       25       21       21       32       35       36       42       37       54       65       53       62       66       70       67       95       92      114      122      105
      138      153      156      194      169      214      239      229      261      234      276      233      244      218      236      173      185      152      158      127
      155      122      109      105       92       83       68       54       47       37       71       34       40       47       24       30       29       29       24       28
       22       32       24       14       12       20       17       14       11       12        9        8        6        9        5        9       12        5        5        3
        5        7        8        7        8        8       13        8       13       11       14       16       21       18       22       18       22       16       22       17
       14       21       24       30       36       40       37       39       53       47       63       60       75       68       67       70       90       93      116      115
      124      136      160      172      174      165      190      250      213      223      234      199      193      192      184      157      156      144      137      128
      125       99       85       93       72       62       75       76       65       62       54       45       43       34       42       48       37       28       18       19
       23       30       20       19       21       18        9       21       12       10        7       12        6       13       11        3        7       12       10        6
       10        6        2        7       10       12       10        6        9        8       14        9       12       11       10       15       13       18       20       19
       22       21       24       30       27       38       43       32       38       35       42       52       63       82       66       70       92       87       96      119
       96      122      122      144      133      164      168      180      181      166      170      205      178      187      162      160      166      123      121      111
      109       97       89       89       77       72       70       66       52       49       54       45       39       41       46       42       44       27       33       31
       25       22       24       15        9       14       13       13       18       16       14       14        6       11       11        7       14        7        8        4
        6        8        9        2        9        4       12        9       10       17       19       11       12       10       13       15       20       17       18       21
       31       25       24       33       25       24       39       40       41       55       40       55       72       67       63       73       79      105       81       99
      101      122      124      132      140      134      143      135      159      174      154      159      148      149      156      155      141      120      116      107
       99       75       73       70       74       71       63       49       73       53       42       46       33       25       22       25       23       27       17       14
       27       15       19       18       16       15       17       17       17        6       11       16       13        7        7        7        5       11       10        9
        5        8        7        7        7        4       11        9        8       13       11       18       13       21       20       13       19       12       22       16
       19       18       25       33       33       31       23       41       37       35       47       69       67       45       88       78       74       74       88       79
       96      111      114      110      130      142      133      138      142      153      155      122      146      134      151      116      134      110      111       87
      107       80       73       88       56       87       65       52       47       41       44       32       31       35       29       32       25       28       27       21
       23       18       20       22       14       11       17       13       16       10        8       10       11       11        7        5        9        7        8        4
        5       13        7       11        6        5        8        3        8        8        9        9       10       10       15       12       22       30       20       19
       17       21       31       26       20       30       27       42       40       47       34       49       56       59       58       65       76       71       75       87
       79       98      119      104       90      113      110      139      112      140      109      135      127      130      109      107       98       99      103       93
       77       80       74       73       48       46       72       49       42       40       47       30       27       30       24       19       38       29       20       15
       23       32       24        8       23        8       12       11       13       17        8        8        4        8        7       18        8       10        2        8
        3        3        8       10       10        6       11        8        5       12        8       10       11        7       20       14       16       21       14       18
       24       15       22       23       24       27       27       38       47       36       36       38       40       33       60       63       76       75       71       81
       62      102       85      109      101      115       89      117      128      102      132      105      108      109      105      106      105       98       99       73
       76       64       76       47       53       45       37       49       50       36       38       27       36       39       23       30       19       27       20       15
       15       14       20       22       15       17       16       11       11        7        5       10       15       11       10        9        7        6        6        6
        3        7        4        9       11        9       13        7        9        9       14        8       12        7       18       13       20       19       22       12
       13       24       24       29       21       26       29       34       33       40       45       48       23       48       44       56       59       75       76       83
       71       76      101       95       70       99      102      111      119      106      105      101      115      118       97       83      104       86       94       65
       77       83       59       49       49       36       44       51       46       50       35       42       24       27       28       16       26       17       32       15
       20       19       16       21       13       15       17       11       14       11        6       12       10       14       10        8       12        6        7        7
       10        6        8        8        5        7       11        9       12        6       14       17       10        7       13       20       15       19       22       18
       26       16       24       22       24       31       29       34       31       30       33       35       40       41       48       50       56       48       53       67
       49       83       91       85       84       87       94       94       82      111       81       85       84       93       96       80       78       89       66       72
       71       71       55       67       55       37       72       41       43       37       40       30       34       31       30       22       20       31       29       34
       12       19       18       20       12       11       15       14       16       19        9       10       10       13       15       12        4        8       10        8
        8        5        8        9        8       11        7       14        9        8       19       12        6       11       12       12       18        9       18       13
       18       18       23       19       34       32       35       21       35       32       26       33       51       35       41       59       57       57       71       87
       70       62       64       61       80       63       73       99       82       96       74       91      101       73       81       70       65       76       71       52
       60       53       65       53       48       41       42       35       37       30       36       29       31       26       30       31       25       14       24       18
       18       18       17       15       17       14        7       20       11       13        8        6        8        5       10        9        9        9        8        3
        7        2        1        9        5        8       13       10       11       13        9       12       13       16        5       11       20       21       20       24
       14       27       10       27       24       34       32       32       35       39       28       31       40       35       37       53       45       49       74       58
       39       58       67       67       64       74       76       78       71       75       68       80       90       76       58       67       74       67       70       67
       47       54       48       65       46       45       37       40       28       35       31       29       28       26       21       18       25       24       17       23
       15       14       20       18        8       10       10        7       17        8       13       14       12        6        8        3        5        5        3        6
        7        9        6        8       12        5        7        7        8       11       10        6       10       13       13       14       15       12       19       16
       15       24       26       25       16       28       24       27       37       27       34       29       33       33       47       37       49       34       41       43
       54       76       62       60       52       54       65       64       72       69       70       60       63       72       67       64       72       47       63       64
       53       46       46       45       36       30       35       30       39       28       23       26       25       34       22       20       24       16       21       20
       22       14       13       17       17       13       14        9        9       13        8        8       12        5        8        9       15        6       10       10
        9        4        8        4        6        2        6       10        8        6        3       13       11        8       12       19       16       16       13       12
       13       15       16       34       24       23       23       29       24       29       41       26       38       39       37       38       47       52       43       40
       38       57       51       58       57       49       48       63       82       61       61       55       57       67       58       51       58       60       62       55
       46       31       39       43       39       37       35       35       36       29       26       37       26       18       21       15       15       13       20       20
       17       18       16       16       16       13       10       13       10        8       11       10       12       12        5       12        3        4        2        7
        6        8       11       14        6        5       15       10        6       10        4        8        9        5        9       10       10       18        8       14
       12       20       30       20       20       20       17       17       27       34       27       32       29       26       39       39       36       42       44       32
       57       41       45       48       61       45       62       43       57       53       55       50       65       53       53       64       52       54       56       50
       44       41       44       44       35       42       46       32       22       30       32       27       18       28       19       21       16       17       17       21
       21       14       15       17       14       12        8        8       15       11        9        7        9        5        4       10        6        4        8        8
        7        6        3        8        9       10       13       13        7        8        7       13        9        9       10       11       10       10       16        9
       17       21       17       14       24       24       18       30       17       27       21       28       30       32       26       28       32       42       30       44
       47       43       42       47       52       48       66       51       62       50       52       50       50       49       43       55       49       58       41       41
       39       40       30       33       36       38       40       36       30       30       18       17       19       24       24       21       16       17       18       20
       14       14       19       12       11        4       10        5        9        7       18        8        6       12        4        9        7        7        9        3
        1        7        4        6        6       12        3        7        7        8        7        6        6       14        7        9       13       12       11       24
       19       15       11       22       17       27       24       15       16       26       32       28       29       38       34       33       43       40       34       37
       54       36       53       47       45       51       46       65       58       44       50       49       48       53       52       44       40       48       45       32
       41       45       33       23       28       22       39       30       26       32       19       24       24       21       19       14       16       13       15       15
       12        7       12        6        8       10       14        9        1        9        6       12        9        9        5        6        5        7        3        4
        5        7        5        3        6        6        6        4        6       12        9       13       13        9       10       17       11        6       15       13
       10       13       17       19       16       26       24       22       30       26       14       21       32       27       37       32       34       32       24       35
       32       41       57       44       45       28       37       33       48       42       38       45       37       49       41       50       43       36       28       32
       33       35       36       24       43       24       29       28       27       22       31       26       23       20       20       20       17       22       17       14
       16        7        8        7       10       11        8       11        9        6       11        9        5       10        9        3        3        7        5        2
        8        6        9        5        7        4        6        4        4        6        6       11       12       10       13       16       14        8       16       21
       14       11       20       18       23       17       18       22       13       23       25       15       19       24       24       32       31       25       30       33
       34       35       30       35       39       36       46       30       45       41       40       32       29       34       32       42       31       32       29       44
       32       39       28       26       26       35       20       37       29       17       17       18       22       22       19       15       18       11       13       19
       16       12        8       20        9       17        6        5        5       11       10        8        9        7        8        5        3        4        3        5
        2        4        8        9        8        6       15        6        2       11        6       15       14        7        9       13        9       16        9        8
       18       13       17       22       16       17       15       19       21       25       22       21       22       26       30       30       31       27       32       30
       24       24       41       37       39       44       36       43       30       27       34       25       37       28       31       35       37       33       40       34
       22       28       25       29       30       29       33       14       15       17       25       20       11       22       15       20       20       14       12        7
       11        9       12        9       10       12       14        8        4        3        7        4        4       11        8        6        5        6        5        3
        3        5        8        4        7        5        3        8       11       12       11        8       17        6       10        7        6       10        8       17
       10       21       10       11       16       11       11       19       23       33       27       16       20       17       24       19       27       31       32       25
       25       31       35       29       42       33       42       34       34       32       19       49       39       29       25       35       26       34       25       19
       37       21       34       29       26       18       26       19       26       23       16       26       13       13       18       13       19       19       17       10
       15       15        6       12        7        8       11        3        8        7        6        4        5        9        9        6        1        2        3        4
        8        6        8        3        2        6        4        6       11        9        9        3        9       11        8        5       10       12       10       12
       14       14       16       14        8       15       14       18       18       15       25       24       17       15       31       23       22       24       35       19
       29       13       39       33       30       28       31       38       23       33       28       32       37       34       22       31       27       45       23       30
       25       30       29       26       24       37       25       27       21       23       17       18       15       12       15       16       12        6       13       12
       10        9        6       11       13        7        8       10       11       10        4        8        8        5        5        9        3        8       11        6
        3        2        5        4        6        3        4       13        4        3        6        8        6        8        8        6        9        8        7       13
       10       15        6        9       12       12       13       19       25       24       22       17       25       21       22       32       11       23       34       23
       17       24       19       27       26       33       29       29       35       32       26       28       31       36       33       42       25       29       24       16
       24       23       24       18       21       19       15       27       17       18       24       13       15       24       20       13        6       14        7       14
        8        7        9       22        9        9        6        8       12       11        3        6       10        1        6        8        5        5        5        5
        4        4        6        6        6        7        5        8        7        3        6       10       12        6       13        8       13        6        4        7
       12       16        9       11       18       13       10       11        9       12       17       10       13       15       16       21       25       27       17       31
       27       28       19       23       22       19       22       33       25       21       30       21       19       33       28       28       23       15       22       28
       21       17       20       29       27       22       18        9       10       12       17       14       13       12       11       13       11        8       12       12
       11       11        4       14        7        7       13        9        5        8       12        3        6        2        6        8        5        2        2        4
        2        5        4        4        4        5       11        4        6       10        7        9        6       10        9       11       16       12        3       13
        3       15        8        9       12        9       18       13       13       22       11       17       19       23       15       11       14       20       19       18
       20       20       18       18       23       22       22       25       25       26       29       23       30       20       33       23       28       18       35       31
       19       26       24       28       24       21       24       28       12       16       14       21       16       12       11       11       11       11       15       10
        9       10       11        5       10        6        5       15        3        7        4        8        8        6        7        4        4        4        5        4
        7        1        1        2       10        4        3        8        9        8       10        8        9        5        3        8       11       11        8        7
        2       13       10       15       12       13       13       11       15       12       20       16       10       17        9       18       16       25       13       16
       13       27       28       32       22       24       22       15       23       20       21       14       21       27       19       29       18       23       34       27
       20       25       22       17       21       16        9       22       19        8       11       12       17       12       11       11       12       18        9       10
        9        8       11        8        6       10        8        7        4        8       11        8        7        5        6        7        9        7        3        2
        3        5        6        7        3        8        4        3        8        5       10        6        9        7        2        5        7       10       11       13
       12       13        8       12       13       14       10       15       12       15       10       10       16        9       10       17       18       19       24       23
       12       17       23       18       22       21       23       26       23       27       17       19       21       14       21       13       23       21       24       18
       26       23       16       13       17       25       17       13        6        9        8       17        7       16       10       10        6       15        8       11
        7        7       12        8        8       15        7        7        8       11        5        3        2        6        2        3        8        5        5        2
        2        4        5        1        7        8        9        8        8        6       10        5        3       13        7        9        6        8       12        4
        7       13        9        8       11        9       13       13        5        4       12        8       10       13       19       26       16        6       18       18
       23       22       20       16       24       15       25       21       12       14       29       21       23       19       20       27       16       15       12       20
       24       25       13       20       16       11       18       16       15       16       16       11       11       12       10       15       10       17       11       13
        9       13        7        5        6        5        5        6        7        7        7        3        2        2        3        9        2        4        5        6
        0        2        5        4       11        7        7        2        7        5        5        3        6        6        5        5        6       12       10       11
       10       12        3       12       10        5       14        9       10       12       17       16       10       13       21       18       11       23       15       16
       23       17       32       15       24       21       31       21       34       20       21       18       16       20       23       26       15       20       12       15
       11       16       12       14       15        9        9       17        9       15        8        7        5        9       14       12       11        9        5        7
       12        3        5        6        5        8        8        7       15        4        9        6        1        5        3        4        3        8        3        2
        1        3        4        7        5       10        6        2        6        7        4       10        4        7       10        8        7        5        3        6
       10       13       11       11       10       10       15       11       10       11       11       10       15       12       11       15       16        8       11       19
       18       16       16       17       21       22       20       16       12       10        8       21       18       15       19       21       22       10       16       18
       11       20       24       18       18       12       10       10       14        7        7       12       14       11        9        5        8       11        7        6
       11        6        8        6        5        7        4        9        9        5       11        4        4        3        5        9        3        2        2        3
        6        3        7        2        1        4        5        3        6        9        7        7        3        6        4       10       10        8        6        9
       10       13        3        7       12       13       13       10        9        8        7        7        7       10        7       18       17       17       16       13
       12       15       17       21       15       21       30       18       24       14       17       22       10       27       19       13        9       17       15       11
       14       16       14       13       11       10       15       16       14        7       13       14       12       14       10        8        3        8        7        9
        5        6        8        7        5        6        4        7        4        6        4        8       12        3        3        3        6        8        5        3
        2        7        1        3        3        7        5        6        6        9        6        4        3        1        8        4        7        7        7        6
       10        8       11       11       13       12        6        7       12       13        6       17        9       13        7       10       13        6       19       12
       11        9       13       17       23       15       13       14       19       10       18       18       20       13       10       16       15       23        6       12
       18       11       12       23       10       12        9       15       14       12       11       10        5       12       11        8       14       12        8        5
       14       12       10        8       12       11        4        8       13        2        2        4        4        5        6        4        3        5        1        3
        4        6        4        4        5        2        4        3        4        6        5        8        4        5        5        6        2       11        6        7
        3        6        5       11       17        9       10        9       18        8        7       13       12       12       12        9       21       21        6       12
       21       11       10        8        6       19       12       14       15       21       18       12       10       18       15        9       17       10       12       14
       14       10        9       10       10       13        9        7        8       12        8        8        4        6       10        9        4        5        5        8
        8        7        9        5       10        5        6        5        5        9        5        7        4        1        9        5        3        2        4        3
        7        6        4        3        2        4        8        6        5       10        3        6        4        4        8        7        3       10       12       12
       10        5       11        4       13        5        5       11       11        5       11       12        8        5        9       10        6       10       18       11
        6       13       14        4       13       14       17       13       19       11       18        9       19       18       11       17       11       20       10       12
        8       13       17       10       15       17       12       10        7       16       12       10        9        7        6        6        6        6       11        8
        5        4        4        7        7        2        7        5        2        8        6        3        7        6        5        1        2        2        3        5
        4        3        1        5        3        9        6        8        5        2        6        1        7        7        7        8        6        8       11       11
        8        5       12        5        5        9       11        9       12       12       12       17        5        9        9        8       13       11       12       11
       16       13        6        6       11        8       13        9       11       11        8       10       14       14       16       12       16       12       10       11
        8       14        9       19        7        7       15        5        9        9       13       13        5        6        6        4        6        7        4        6
       11        5       10        7        6        4        3        3        4        8        6        2        5        3        1        1        7        0        3        3
        0        4        5        6        6        3        3        6       10        8        2        4        3        3        9        5        4        6        8        4
        8        5        7        9        8       10        3       12        7        7        7       12       14        4       12        9       11       10       10        7
        6       11       13       10       14       12       13       14       12        9       10       14        8       15        6       19        9        8        7       12
       11        9       11       14       11        8       14        8        6       17        7        9       13        8        7        3       10        5        6        5
        5        2        3       10        7        6        5        3        6        1        3        4        5        2        4        2        7        3        2        3
        6        2        2        4        4        9        4        6        2        6        3        4        3        7        4        4        5        6        5        3
        9       14        2        4        9        7        8        8        6       14        5        3       11       14        9        1        5       12        6       11
       10        9       12       11        8       16        9       15       12       12        7       12        8       13       11       13        6       13        8        5
       10        9       10        7       11       10       10       11       11        8        7       10        7        7        4        5        4        6        6        7
        5        4        7        8        4        4        7        5        9        6        4        1        5        1        6        7        3        3        7        7
        4        2        7        6        2        5        4        7        5        5        3        6        4        3        5        3        6        4        6        8
        6        7        7        5       20        8        6        8        5        7        4        7        3       12        8       10        7       10        9        8
       10        5       14       15       15        7        8        5        6        7       11        9        6       23       18       18        9       13       11        5
        8       10       13       12       10        8        8       11       12        8        7        7       13        5        7        4        6        3        6        6
        6        6        5        6        4        5        6        3        5        6        3        5        3        5        3        8        7        5        4        4
        2        1        3        5        5        2        5        5        5        4        0        3        3        4        6        6        4       10        4        8
       10       12        7        8        3       16        4        9       10        7        9       10        8        5       10        6       10        9        7       10
       15        6        9       12       14        9       18       17        7        9        5       12       15       10        7        9       10        3       10       11
       10       12        6        9       11       11        7        5        8       11       10        9        9        6        9        5        9        5        8        4
        4        8        5        7        9        4        7        7        6        5        4        7        3        5        4        3        4       10        3        4
        5        5        3        3        2        2        6        7        5        3        3        4        5        8        2        3        6        6        5        6
        5        0        5        8        5       10        5        8        7        7        6       12        6       10       11        9       13        8        7        5
       13       12        4       11        4        5        8        5       12       15       11        7       10        6       10       15        6       10        9       11
       10       16        9        2       12       13        5       10        6        6        6        9        7       13        5        3        8        4        5        4
        3        6        4        2        6        2        3        3        6        4        3        4        2        9        4        2        1        2        4        1
        5        4        5        2        3        3        2        4        2        6        5        3        2        9        4        2        5       10        3        5
        9        6        8        6       11        9        5        3        5        6        4        5        7       10        4       11        7        5        9       10
        6       14       12        9        8       12       12       15        2        8        8       17       11        8        5       12       15        2       11       10
        6        6       12        6       11       10        5        9        7       13        4        5        4        5        7        8        6        5        3        1
        5        6        3        9        6        7        5        2        5        4        4        4        0        1        3        3        2        3        3        2
        0        1        4        2        3        3        0        1        7        2        9       10        4        3        5        7        2        6        7        6
        6        3        5        7        3        6        7        8        6        9        3       10       10       10        5        7        4        4        7        7
        9        6        8       12        7        5       10       16        5        6        9       16       15       10        9       11        6       10        8        7
       12        5        7       12        7        7       11        8        7        8       10        4       11        9        0        6        5        8        2        2
        7        8        5        7        1        4        4        4        8        4        2        6        1        4        2        3        4        5        6        4
