        1        1        2        3        1        6        1        3        1        2        0        0        1        2        1        2        3        4        7        0
        2        4        2        3        4        3        5        4        1        4        1        5        4        3        3        2        5        5        3        5
        2        4        7        3        4       10        8        8        7        7        7        2        6       12        9        3        5        6        7        4
        4        8        5        5        7        7        7        6        4        5        7        6        3        3        2        1        2        5        5        1
        3        1        2        1        3        4        2        3        1        0        8        3        0        1        3        1        0        1        2        3
        1        3        1        1        1        3        3        0        2        2        3        1        0        0        5        2        5        1        4        3
        1        2        5        3        5        4        4        2        6        0        5        3        4        3        5        6        6        5        9        8
        7        5        4       10        5        3        5        6        8       10        4        4        7       12        5        4        7        7        5        3
        4        7        8        4        3        3        5        5        3        1        2        1        4        2        1        2        7        3        2        2
        4        4        3        8        2        6        0        2        4        0        0        1        3        1        2        1        1        4        2        1
        3        4        3        1        1        3        0        3        4        0        0        1        4        1        0        4        4        3        6        4
        3        3        3        4        4        6        5        7        5        3        5        4        4        5        3        7        6        3        2        4
        6        7        6        6        5        4        5        6        4        7        3       10        2        5        7        9        5        2        6        3
        2        5        5        2        3        6        3        7        4        8        3        8        3        4        3        2        4        3        6        3
        3        5        2        5        7        1        1        2        2        2        2        2        1        1        1        2        3        0        2        2
        0        3        1        3        3        4        3        1        2        1        5        1        2        1        1        4        0        0        2        6
        4        3        2        3        1        2        7        1        9        3        5        9        5       12        6        3        2        4        6       11
        9        9        5        4        4        5        4       13        5        7        7        2        9        3        8        5        8        6        7        3
        8        1        7        5        7        5        4        4       12        3        5        8        4        3        4        5        5        5        5        6
        2        6        3        3        4        1        0        3        4        2        3        2        4        3        7        3        0        2        0        1
        2        0        5        1        2        1        1        3        3        2        4        3        3        3        4        3        6        1        7        2
        3        3        4        6        2        7        2        6        4        6        4        6        9        8        8        3        3        5       11       12
        6        7        4        2        6        6        8       12        6       11        6        9       11        5        5        7        6        6        7        6
        7        7       10        4        3        4        8        5        9        3        3        5        5        4        7        6        3        3        4        6
        2        3       10        3        4        3        4        5        4        3        7        4        2        7        2        2        1        0        1        3
        1        2        4        3        2        1        2        1        4        1        1        2        4        6        1        5        4        3        0        5
        4        3        4        5        5        3        5        6        4        3        2        2        2        3        7        3        4       10       11        7
        3        5        3        4        1        6        4       12       10        9        7        6        3        7        4        4        7        7        4        3
        3       10        9        4        6        9        1        7        6        2        5        3        4        7        4        3        3        1        8        6
        5        4        5        2        2        6        3        3        4        3        3        4        3        2        2        4        2        0        1        1
        2        0        3        2        0        3        3        2        3        3        4        5        1        7        1        0        3        2        2        6
        6        4        3        5        5        7        5        8        4       10        8        7        7        4        4        6        1        8       12        6
        6        7        5       10       10        4        8       13        8       10        8        7        6        6       10       10        9        9       11        6
        3        4        7        3        5        8        0       10        0        8        4        8        2        5       11        1        3        2        3        2
        8        3        4       11        3        1        2        1        1        2        5        4        3        5        1        4        4        1        2        0
        1        3        2        2        7        2        2        2        3        3        3        3        1        7        1        2        1        5        6        2
        5        7        1        0        6        5        6       10        4        8        4        5        8       10        8        8       10        8        9        7
       10       12       12        7       12       11       10        7        8       15        9        7        8       10        6        9       14        5        6        9
       13        9        9        7        2        7        3        4        3        5        5        8        3        2        5       10        6        3        9        4
        4        1        7        5        7        3        5        3        1        6        4        0        6        3        1        0        2        2        2        2
        3        4        5        7        5        1        2        3        6        3        0        5        2        2        5        1        6        3        8        1
        2        3        6        5        3        5        6        8        5        7        3        9       10        1        1        4        9        4        5        3
       10        7        9       11       11       11        4       10        8        8       17        9        9       10        9        8       10       12        4       12
        8        8        8        5        8       10        7       15        4        8        6        8        7        8        9        5        9        1        4        3
        6        4        3        6        1        5        1        2        2        4        1        3        4        2        2        1        2        1        1        1
        1        6        3        5        5        6        3        4        4        1        3        4        2        3        3        4        5        3        2        5
        6        4        5        6        4        3        4        5        5        6        5        4        8        8        5       14        6        5        7        8
        8        5        5       10        8        9        6       11       10        3       11        9       12        8       11        5       14       12       12       10
       10        4        7        8        2       11        8        7       10        8        7        7       17        4        4        1        7        7        2        4
        7       10        0        3        5        7        2        3        7        2        3        3        5        1        2        2        1        2        2        2
        2        1        3        4        3        0        6        5        4        4        5        2        2        7        6        4        3        2        5       10
       10        5        0        4        7        6        5       10        7        5        7        4        4       11       10        9       12       13       11        8
       12       12       13       11        9        9        9        8       12        8       12       11       11       13       13        8        7        8        8       13
        7       13       11        6        5       16        6        4        9        7        3        8        3        5        7        7        1        7        7        4
        4        5       13        8        2        4        4        4        3        3        5        4        3        4        2        1        1        0        0        4
        2        1        1        3        1        2        6        7        7        5        3        3        4        3        5        3        8        5        6        5
        3        5        5        2        6        4        6        4        7        6        8        8        6       13        5        1        8       12        5        7
       11        9       10       14       10        9       12       14        9       13        8        8       15       11        5       17       11       13        9        8
        7       16        9        6       10       15        6       13       10       12        6        1       11        4        6        5        8       11        8        7
        3        6        3        6        7        7        4        2        4        2        1        3        5        2        2        4        4        3        1        0
        2        5        4        5        3        2        4        4        5        2        4        5        4        3        5        6        8        8        5        4
        4        3        9        8        5        4       11       10        8        7       10       10        6       14        9        9       15       13       10        6
       14       12        3       13       16        6        6        9       15        6       17       23       11       15       12        9       21       10       11        8
        8        4        8       13       10        6        7       10        5       18        4       12        5        6        8        7        3        6        9        3
        4       10        5        4        4        6        2        4        5        5        1        3        2        5        3        2        3        1        2        1
        6        3        1        3        3        5        8        6        3        5        7        4        6        8        3        2       10        3        5        5
        7        4        7        4       14        5       11        2        4       10       10       14       11       11       12       13       16        2        9       12
       15        7       10        9       10        7        5       13       13       13       12       13       16       13       21       14       14       16       16        9
       11        9        8        9       12        8        8        8       10        7        8        5        8       10       10        6       12        3        7        9
        9        4        4        2        5        3        4        4        2        3        2        4        1        2        2        3        2        2        4        3
        6        1        6        0        8        0        2        3        2        6        4        1        5        3        4        0        7        8        9        6
        5        7        6        9        3        5       12        9        9       10        5       18        8        9       13       13       15       18       14        6
       12       21       13       18        5       10       11       17       18       18       19       19       12       16       15       19       12        6       13       15
       11       15       13       12       16       11        7        5       11        5        7        5        2        8        4        9        4        8        5        4
        6       13        7        5        6        3        5       10        5        6        3        5        3        5        1        4        3        3        2        2
        1        5        6        2        3        2        5        7        7        5        6        6        2        5        4        4        7       13        9        5
        4        7        8        9       12        6       13        7        9       11       13       16        6        9        9       11       11       11       10       14
       15       10        9       19       20       19       12       20       13        5       15       11       10       13       15       11       10       13        6       15
       17       14       11        8        6       13        6       11       11        6       13        7        3        7        9        7        5        4        3        4
        7        8        8       11        6        9        5        9        5        4        3        2        2        1        5        2        2        6        3        1
        3        3        7        5        4        3        4        4        3        6        3        8        5        5        4        7        3        7        5        4
        8        7        6        7       10        3       12        9       10        7       13        6       18       16       12        5        8       12        8        9
       12       14       12       14       13       18       15        9        7       16       28       20        9       20       14       18       14       17       21       13
       12       15       10       16       16       10       11        9       14        8        5       12       15        9       13        8        7        7        5        4
        6        5        6        9        7        5        7        1        3        2        2        5        0        2        4        2        2        3        1        2
        1        7        6        4        5        5        3        2        4        8        6        8        4        6        1        9        8        7        8        4
        6        9        8        4       10        6        8        8       10       10       11       15       13        9       14       12       11       12       13       14
       14       17       16       10       21       12       18       14       20       13       15       14       15       16       21       16       17       15       22       29
       13       16       15       13       19        9        8       11       10       13       18       10       11        8       11        8        9       10       10        7
        4        4        1        9        5        4        7        6        6        0        5        1        6        2        4        3        3        2        1        1
        5        6        2        3        4        3        2        6        3        7        4        6        5        4        4       11        5        5       10        9
        9       11        9       10        7        9       10        8        5       10       14        5        8        9       10       13       13       14        9       16
       19       18       22       16       19       21       24       13       20       17        9       19       20       24       26       17       20       18       15       17
       14        8       19       18       19       15       11        6       13        7        4       11        3       10       11        9       10        8        3        7
        7        9        3        9       13        2        5        2       12        6        2        4        2        0        1        4        3        1        3        2
        5        3        2        3        2        3        4        5        4        3        4        6        7        4        5        6        4        8        9        6
       12        8        6       10        3        9       10       10       11       12       17       25       11       15       14       20       16       26       18       16
       19       20       20       25       22       15       22       22       27       26       21       26       26       24       22       19       20       23       19       21
       20       10       18       14       14       15       11       16       13       14       15       11        8       15        7        7        9        7        9       11
        4        8        6        2        8        3        4        5        2        2        3        1        2        4        7        4        2        5        4        3
        3        4        6        5        7        6        8        4        5        4        7        2        4       10        6       11       11        8        5        3
        6        6        9        7        9        5        8        9       12       11       20       17       16       16       11       21       19       20       20       27
       24       25       23       17       18       16       16       20       18       21       24       26       18       29       26       28       24       27       20       19
       23       14       18       12       20       13       13       14       12        9       20       10        8        7       14        9       14        9        9        8
        6        4        6        3        4        8        4        5        6        4       14        6        4        3        6        3        1        5        7        3
        4        3        4        1        3        0        5        2        1        5        7        1        7        9        9        5        6       10       11       12
       12       11        6        9       10       12       11       13        8       13        8       11       22       23        9       15       24       18       14       17
       24       20       24       18       28       27       24       25       19       26       26       19       33       20       30       30       29       30       21       11
       22       14       22       19       17       18       19       13        9       13        9       15       11       12       12        6       12        5        8       10
        5       10        0       11       10        9        4        5        8        6        9        3        8        4        5        3        3        3        5        2
        3        6        4        3        4        7        4        7        6        6       11       10       12        6        1        7        2        5        6        5
        7        4        7        9       11       14       12       10       18       15       13        6       14       15       13       18       16       21       20       23
       20       28       21       26       31       30       30       23       22       21       24       25       29       26       22       26       31       29       29       24
       14       24       13       18       13       20       23        9       18       13       22       14       17       10       10       15       12       11       11        4
        8        7        8        3       10        3        4        4        3        8        9        5        5        5        1        3        7        6        3        2
        5        4        2        5        9        2        4        4        4        2        4        9       14        6        9       11        7       10        5        7
       10       13        9        9       10       10       16       12       18       17       12       19       13       25       16       20       23       33       23       26
       23       25       24       22       30       33       43       32       26       24       33       28       28       35       23       24       26       39       20       17
       22       17       19       18       24       24       21       18       16       17       15       17        9       10       12       19       14       17        8        9
        6        6        5        9        9        4        4        7        2        7        9        4        2        7        5        4        1        2        3        2
        8        3        4        3        2        5        3        7        7        7        7        6        7        7        8        9        9        4        9       15
        9       11       12       16       17       12       16       11        9       13       11       17       23       24       25       19       13       21       32       31
       27       28       25       35       37       32       37       37       31       27       40       35       27       28       26       38       26       25       30       17
       31       19       28       31       27       16       30       20       18       15       10       25       11       17       13       13       19       10       10       11
       10       11        7        9        3        3        6        3        8        7        1        4        2       12        6        1        4        2        3        2
        5        1        4        3        3        5        6       10        6       14        4        5        4       11       10       15        6       13       12       18
       12        8        8       14       10       26       23       10       11       22       16       10       18       23       22       28       21       23       26       22
       27       29       29       34       33       29       27       42       34       29       31       41       38       26       39       41       23       30       41       28
       24       19       24       29       21       20       26       13       24       25       15       10       16       13       13       12       11       11       13       10
       11       16       12        8       16        9        5        9        4        5        4       10        7        6        5        2        3        3        4        4
        4        2        3        2        7        5        6        2        9        8        4        4        4        7        9       13        5       14       10        6
       14       18       18       11       13       14       21       12       16       14       20       22       21       29       41       18       30       31       25       35
       28       22       43       52       36       30       35       42       42       41       34       35       45       27       38       38       45       49       34       34
       24       27       19       27       20       22       23       29       20       20       16       16       17       13       17       15       11       14        4       12
       14       10        6       12       13        8        9        8        9        6        6       10        4        3        5        3        7        3        5        5
        3        3        7        5        5        6        5        5       11        3        6        6        8        8        8       12       10       11       10        5
        6       11       11       15       16       14       24       17       14       16       13       30       25       32       25       29       36       17       51       34
       48       16       30       40       63       38       52       64       47       43       38       47       24       44       38       40       28       35       38       31
       40       23       27       37       24       30       31       29       19       16       11       13       16       12        7       12       15       17       10        9
       14       10        5       12       10       18        7        7       11        9        2        3        8        9        7        6        2        5        3        2
        7        9        4       10       10        7        6        6        6        3        8        5        5       14        7        7        8        4        6       15
       15       12       12       23        9       21       12       10       21       25       23       20       24       27       26       24       33       22       30       42
       37       39       45       44       45       44       46       53       45       49       40       39       45       38       38       43       40       33       35       34
       38       43       39       31       33       37       16       31       25       20       21       20       24       19       13        9       15       13       11       14
        7       11        7       11        9       12       10        6        8        5        8        5        5        5        7        3        1        3        4        2
        2        4        2        8        3        4        4        8        8        5        8       10        8        5        7       13        7        4       11       10
       13        9       14       13       14       18       16       15       24       21       23       28       39       20       27       25       38       33       31       49
       56       62       44       47       47       44       53       55       41       56       59       49       52       55       49       58       49       46       42       39
       38       37       39       30       26       33       28       25       30       26       25       22       23       18       14       14       17        9       12       11
        7       13        8       15       11        8        8        4        8        4        8        6       10        5        9        5        4        4        2        2
        2        1        3        6        2        4        6        8        5        5        8        5       10        9       12       15        3       15       13        9
       11       17       12       15       16       16       27       24       17       25       33       22       35       33       33       35       28       37       51       45
       58       53       47       47       54       58       51       53       52       50       61       54       55       60       56       58       81       42       59       58
       45       41       40       45       32       31       42       34       22       28       22       30       28       17       14       16       13        9       10       26
       15       12       12       15        7       13        9        6       13        5        9        9        8        9        6        8        4        1        1        2
        3        3        2        4        8        5        9        5        9        7        3        8        8        5       14        6       12        8        6       19
       19       11       17       24       19       19       23       27       25       17       17       33       21       26       40       39       31       46       37       36
       68       52       44       75       69       65       62       67       77       54       76       73       67       67       60       56       49       55       49       62
       44       48       31       49       40       39       33       27       25       21       26       23       22       17       16       23       23       14       14       11
       13       15        9       12       11       12        6       10       12        5        4       10       10        4        6        4       11        3        1        7
        3        3        3        2        4        3        8        7       10        5        7       10        9        9       11       10        9       10       16       10
       20       16       19       12       16       11       23       17       36       27       27       23       46       43       39       46       36       56       52       64
       49       64       59       57       83       68       83       69       75       81       69       89       68       66       68       56       74       55       69       50
       52       57       48       36       31       39       35       24       32       36       35       22       20       20       11       11       13       19       13       19
       17       14       13       12        8        3        5        9        5        8        3       13        4        5        6        6        8        1        3        3
        2        4        6        7        7        6        4       10        4        5        4       12       11       14       12       11       13       12       16       17
       14       20       12       16       20       20       19       22       26       28       35       27       30       28       40       46       52       34       51       69
       78       72       67       73       97       71       78       97       88       86       71       78       70       94       68       76       86       74       68       60
       61       53       53       52       39       36       43       32       34       35       22       22       24       24       16       29       20       18       10       13
       10       15       13       15        9        1       10       10        7        8        5        8       14        5        4        6        6        3        7        4
        6        7        5        4        4       11        4        9        5        6        7        7       11        7        9       11       10       14        8       10
       10       15       15       14       19       26       19       30       31       28       34       36       44       48       45       51       66       56       65       65
       62       72       66       73       99       99       99      100      110       94      103       80      121      103       99       79       71       77       79       72
       47       53       56       53       57       47       38       53       27       32       33       29       26       24       23       22       17       23       23       17
       14       14        9       14       13        7        7       12        6       14        8       11       13        2        3        1        3        3        3        6
        4        5        2        7        2        4        5        6       11        8        4        8       21        8        8       11       15       14       21       22
       16       15       16       16       18       28       21       25       26       37       46       34       26       41       56       43       74       61       74       86
       67      100       95       81      104       93       97       92      101       98      129       91      117      110      114       90       73       83       74       66
       77       67       65       44       60       49       38       46       45       32       20       33       33       32       24       17       23       17       14        6
       16       13        9       11       12        9       11       10        9        8        6       20        4        5        3        5        3        9        2        8
        1        1       14       10        6        6        7        4        7        9        8        9       13       10       13       10        5       20       11       18
       11       10       19       14       22       24       29       36       34       30       32       37       53       46       46       54       45       74       59       89
       85      111      109      127       97      141      122      129      121      143      140      132      110      116      108      109       88       83       70       89
       82       68       63       65       43       53       44       52       38       30       29       23       20       21       22       17       19       19        8       17
       20       10       13       15       14       12        9        9        8        6       10        5       11        4        6        5        2        4        5        0
        8        9        8        8        5        4        8        4        9        9        9       11        8        4        9       10       11       19       12       12
       11       12       16       26       27       21       30       32       24       42       41       49       46       38       56       66       65       67       65       86
       89       98      114      128      141      145      161      156      157      138      148      143      142      105      114      114      111      122       95       92
       79       71       59       78       62       62       40       51       35       40       31       37       26       31       34       24       20       12       19       13
       17       23       13       11        5        6       19        7       13        8        6        9        4        6        4        6       10        4        8        4
        6       12        3        7        6        4        8        8       11        3       11       14        8        8       12        8        7       16        6        8
       16       15       21       25       32       24       28       31       32       42       46       39       53       65       76       77       75       69       91       88
       92      119      127      132      160      152      156      143      173      204      166      170      165      158      142      157      121      117      111       86
      107       81       63       75       78       59       47       51       42       36       30       31       36       30       25       27       21       21       16       19
       17       12       18       14        3       10       13        7       17       10       11        5        5        8        6        7        4        4        1        6
        1        4        6        4        4        5        7        3        9       15       13       13       10       15        9       12       15       14       14       16
       21       22       24       24       24       21       28       29       37       37       41       48       51       79       68       53       80       79       84       98
      114      126      124      127      147      175      190      223      202      184      221      171      181      216      179      170      167      125      130      102
      102       94       81       79       82       62       64       59       58       35       37       33       33       20       24       24       19       20       28       11
       13       20       12        8       10        4        9       10        7       12        5       10        3        8        5        3        8        3        4        5
        6        8        6        1        4        6        7        8        8        7        7       10        5       11       14       17       18       17       20       14
       28        8       33       23       17       28       32       43       38       29       50       60       55       59       62       82       68       95       85      110
      119      152      126      170      181      214      225      251      233      258      266      237      228      214      191      169      187      162      156       99
      117      102       95       84       70       73       66       49       42       44       45       34       21       34       23       21       22       22       14       20
       20       13       16        8       11       11       11       12       13        8        9       10        8       10        8        8        4        6        4        6
        4        5        2        5        3        4        4        5        6        8        7       14       10       13       18       13       18       13       22       15
       16       16       35       20       27       28       36       31       37       42       39       57       52       66       68       83       96       96       96      109
      129      153      197      190      208      236      268      264      297      303      267      273      269      271      253      211      187      184      152      153
      124      106      116      107       60       70       45       47       51       41       52       33       31       26       33       22       18       19       15       21
       12       15       15       13        9       10       13       12        6       15       10        6        9        5        8        5        4        5        4        1
        6        4        4        1        9       10        3        8        7        9        3       10       17       16       12       15       12        9       26       13
       21       18       15       31       34       27       45       43       30       51       48       54       77       60       76       82       94       95      136      121
      147      164      179      233      298      290      308      380      357      365      345      349      350      326      296      262      218      221      165      145
      141      132      116       95       78       78       76       46       58       59       40       37       23       35       38       26       26       19       20       15
       25       18       13       10        9        8        9       11       10       10        6        6        7        9        5        4        4        2        6        2
        4        8        2        7        6        3        5        7        7        7        7        4       18       14        4       18       10       24       19       16
       16       28       29       23       18       25       27       38       30       39       38       64       69       48       69       98       96      117      121      168
      155      208      227      271      301      306      410      408      461      454      469      419      457      365      347      299      273      231      188      174
      160      124      136      106       78       76       78       47       51       37       42       45       32       49       32       19       24       18       21       19
       14       15       14       17       18       13       12        7        7        5        5        5       11        1        7        6        5        8        5        5
        2        2        5        2        7        4        6        5       10       11       10       10        9       13        8        8       20       13       11       15
       18       22       19       20       34       27       33       31       44       39       49       47       59       61       85       90      107      129      118      139
      180      223      253      299      337      381      511      498      570      594      631      562      522      464      395      358      269      239      225      174
      168      135      113       98       96       62       67       47       50       44       47       45       37       28       27       32       25       21       22       16
       22       19       11       12       13       12       13       15       13        7        5        2        2        4        6        4        5        4       14        7
        5        3        8        2        5        3        4        2        5        5       10       15       16       16       15       15       16       18       16       13
       16       34       33       20       34       47       30       31       48       49       48       40       71       78       83      111      107      119      131      157
      180      268      254      322      362      452      529      625      728      778      813      771      686      511      488      395      292      256      221      200
      190      126      120      110       99       92       80       68       50       50       52       54       33       31       28       29       21       19       30       15
       11       26       11       23       14       14        4       12       13       13       10        7        5       12       12        2        6        5       10        2
        4        4        0        8        7        4       10        8        9       16        9       11       11       10       15       11       16       17       13       18
       16       27       20       33       36       21       30       46       37       42       66       75       68       78       92      103      110      133      152      186
      219      259      310      352      434      507      689      817     1034     1164     1121     1041      850      658      540      423      369      316      234      198
      172      144      110      112       91      102       77       67       71       44       50       43       37       30       45       41       24       21       23       24
       18       19       12       11       21       11       13       13       16       11        7       10        5       13        8        9        1        4        6        6
        5        7        8        2        6        7        7        9       10        8       11        5       12       11       18       15       16       28       15       28
       16       24       18       20       37       28       27       48       48       44       57       50       61       89       87      119      115      129      142      185
      224      278      309      372      483      614      836     1051     1412     1673     1780     1425     1055      798      597      458      408      336      274      198
      177      170      128      116       86      108       69       80       70       52       47       43       41       38       26       32       25       32       21       31
       19       11       18       19       15       16       16       13        7       13       13        6        5        3       10        5        3        4        7        7
        4        9        4        2        5        7        8        8       12       11        5       13       14       10       15       15       12       17       17       17
       26       23       31       34       32       29       46       36       55       48       39       66       63       94       87      106      135      148      176      211
      237      284      312      413      540      671      939     1399     2152     3227     3180     2226     1402      960      711      526      372      355      309      225
      201      154      136      109       91       98       78       64       58       56       45       44       34       34       39       25       23       20       26       22
       18       25       12       14        8       12       16       20       13       10        8        9        5       15        6        7        6        5        4        6
        3        6        5        3        3        3       10       16        7        8       10       10        7       16       16       11       14       18       14       23
       20       19       25       29       33       28       35       38       44       50       56       56       48       74      104       97      123      122      159      197
      240      271      341      414      576      751     1051     1664     2979     8294     8955     3146     1655     1084      757      552      435      353      282      227
      211      168      134      125       97       87       93       77       68       46       49       35       38       38       31       27       36       31       24       15
       25       17       13       10       13       13       13        6       14        7        9        6        7       10        8        2        3        7        7        6
        5        7        6        8        6       13        8        7        6       13       11        9       14       10       15       10       13       18       17       22
       13       17       25       32       23       38       37       50       45       53       56       76       71       68      104      117      102      145      154      210
      249      266      381      431      593      735     1061     1587     2725     7449     8580     2934     1616     1069      761      603      450      333      317      245
      214      179      138      128      106       98       93       69       62       45       60       35       39       37       41       30       16       37       22       23
       18       19        8       12       12       17       11        7        8        9        5        6        6        3        6        5        4        8        5        4
        2        6        7       12        5        6        7       13       12       11       10        7        9       16        9       11       14       19       10       11
       19       26       24       28       39       34       45       39       52       39       64       70       67       84       86       99      119      133      174      189
      206      232      358      413      581      684      981     1382     2040     2926     2933     2123     1361      903      738      577      438      398      319      242
      186      162      136      109      125       72       89       65       66       63       50       41       45       36       38       34       25       17       22       29
       21       14       21       16       14       14       13        8       15        9        5       11       10        6        4        7        2        5        5        3
        3        8        6        8        9        6        6        4       11       10        4        9        6       13       11       10       15       24       25       16
       24       27       31       32       32       37       33       35       40       46       49       50       50       79       78      116      134      147      174      173
      206      233      312      446      479      689      878     1066     1423     1709     1746     1402     1025      756      613      482      425      317      268      240
      165      170      128      107      104       95       83       71       45       63       55       45       34       37       38       32       16       32       21       12
       19       24       23       12        8       11       12        8       10        8       15        9        6        9        3        8        9        4        2        9
        5        5        7        6       14        9        3       11        8       13       11        7        8       10       14       15       19       21       18       36
       30       18       29       36       39       42       43       41       41       61       57       58       69       78       93      101       88      137      162      193
      197      232      327      343      422      540      670      852      981     1129     1071      977      812      689      539      459      394      343      272      201
      167      148      140      108       81      106       83       76       57       46       52       34       35       29       31       29       37       22       20       15
       12       22       15       11        9       11       16       16       10       10        6        8        9        5        1        7       14        6        4        8
        2        5        5        6        3        4        7        6        9       14       10        7       13        7       19       15       12       16       20       20
       16       20       21       28       28       33       32       53       45       56       60       68       72       75       87      103      108      119      143      153
      197      222      247      325      413      462      582      717      713      796      777      703      632      540      439      415      294      280      234      222
      200      151      125      113      106       87       82       74       55       47       45       45       36       39       27       30       28       11       29       17
       20       18       18       19       16        7       17       14        9        5        8        7        6        5        6        3        5        5        3        3
        3        5        4        3        7        5       10        7       11       12        9       16        7       15       10       11       21       15       25        9
       22       28       25       25       35       34       37       56       37       50       57       54       77       60       74       99      118      125      148      158
      169      219      238      313      343      364      475      518      569      540      599      524      449      520      375      328      311      248      210      169
      170      128      130      114      105       79       71       67       57       61       49       40       31       50       37       26       32       29       25       16
        6       20       22       17       18        8       10       11        9       10       10        9        8        7        9        4        8        5        7        4
        9        3        6        6        5        5        6        7        7       14       10       12        7       11       11       11       21        7       21       20
       26       28       32       36       35       37       34       51       46       49       48       44       41       70       75       97       91      123      130      149
      159      191      206      238      263      342      388      393      439      466      434      441      388      370      351      290      248      199      184      170
      167      139      130      100       86       73       76       67       45       59       55       43       43       47       31       24       29       22       23       18
       13       20        9        8       19        8        7       10        8       13        9        2        2        5       11        4        6        5        4        5
        3        5        6        8        5       10        5        6       10       12       11       10       10       13       17        4       17       14       22       19
       16       21       25       23       24       31       37       32       41       44       49       56       54       63       60       88       91      123      117      113
      140      161      171      199      243      265      307      321      353      399      382      335      345      321      308      237      245      181      153      156
      132      126      108      104       75       78       58       72       49       50       46       40       34       39       25       30       25       26       21       18
       15       19       15       10       17        9        5       10        4        7        7        8        4       10        6        6        6        4        3        5
        4        7        4        2        5        4        3        6       14        9        8       12       15        6       12        9       18       15       19       24
       22       23       20       23       40       32       30       32       43       34       44       57       59       65       87       76       83      109      129      145
      154      149      171      180      214      245      246      289      266      275      328      261      304      300      245      243      203      176      194      128
      131      111       93      112       91       73       84       51       56       53       42       28       38       29       29       19       22       22       24       17
       14       18       13       10       11       10        5        6        5        7       11       10        4        5       10        7        3        1        6        5
        4        7        3        5        4        8        3        9        4        5        6        7       10        8        8       11       12       17       17       19
       14       25       25       30       26       20       33       28       36       58       47       41       56       64       73       78      100       99       99      141
      102      150      131      150      196      210      188      249      230      254      254      247      240      221      220      217      163      156      146      139
      125      106       90       89       81       78       60       58       48       32       37       41       33       33       24       23       21       26       16       17
       17       18       14        7       14        8       10        9       16        7        6        5        7        3        7        9        8        3       11        4
        5        4        8        5        7        7        6        6        6        8       10       10        8       14       15       12       16       21       13       20
       19       20       16       25       29       30       22       41       45       44       34       48       54       54       74       68       60       88      108      124
      133      121      126      138      175      204      180      192      216      188      218      204      188      198      193      168      157      150      140      113
      121       88       89       89       63       78       57       52       47       31       37       34       31       27       22       21       25       27       21       20
       25       10       12       12        6       15        7        8       10       11        6        5        3       10       11        7        7        6        7        5
        3        7        5        5        1        6       12        6        6        6        6       12       10       11       15       10       15       11       17       24
       17       25       18       28       22       29       34       39       33       36       40       47       57       59       55       64       77       86       74       83
      102      118      123      148      155      162      167      186      175      140      170      175      177      166      161      137      152      123      118      120
      104       89       72       75       60       54       58       67       45       46       26       28       30       23       37       28       22       17       19       22
       23       11       12       17       17       15        8        7        6        7        7        4        3        6        6        5        5        2        4        0
        5        2        4        5        5        6        6       11        5        6        4       11        7       13       12        9       18       18       16       11
       19       24       29       32       30       30       26       28       39       47       38       42       51       43       65       76       64       66       95       88
       79       84      121      130      148      125      146      134      155      176      167      162      139      156      139      140      136      108      116       92
       95       82       72       61       62       54       51       46       46       35       41       41       37       19       29       21       19       22       17       12
       21       11        9       10       12       14       12        8        4       13        4        7        3       10       13        7        4        1        0        1
        2        7        9        4        6        5        2        5        5        9        7        8        8       10       12       17       13       19       13       12
       17       23       21       19       31       34       28       27       31       34       41       51       46       59       58       53       76       64       64       80
       87       97      109      107       96      109      130      122      122      142      129      139      121      108      118      134      123       89       94      105
       81       85       60       57       62       60       34       48       47       49       39       31       19       25       26       29       25       16       16       15
       20       15       10        8        8       15       10       11       11        5        8        6        5        7        9        5        7        6        2        4
        6        2        3        5        5        5        9       13        8        9        7        5       12       12        8        8        9       13       13       16
       15       13       28       27       25       19       29       28       29       25       38       48       38       45       50       48       66       57       56       67
       78       94       86       82       80       90       92      105      124      145      124      103      121      101      114      116       98      103       89       69
       79       69       61       54       50       65       39       42       49       37       38       33       24       27       32       20       20       22       28       22
       13       14       17       11       12       14       17       10        6        7        7        4        5       10        3       10        4        6        4        6
        5        7        5        4        5        7        6       10        3       10        8        9        8        7       11       12       10       11       16       18
       17       19       16       25       19       18       30       22       30       27       39       32       50       37       44       42       46       50       71       70
       71       73       74       98      114       82       92      100       94       91      126      110       78       94       89       75       92       71       76       78
       54       61       59       42       41       37       41       36       39       35       34       32       27       26       23       22       21       19       15       16
       12       17        6       11       10       11        9       10        8        4        7       10        8        5        8        5        5        8        1        6
        4        1        2        2       12        9       12        8       12       10        8       13       10        7        8        8        5        8       11       18
       15        6       12       21       21       22       18       22       30       30       43       41       34       59       40       38       44       49       60       53
       72       68       53       50       66       93       80       91       75      100       68       85       92       84       70       79       80       69       65       76
       57       55       48       43       43       45       33       29       21       35       22       27       19       28       27       16       26       17       14       13
       13       12        6       10       14        9       11        6        6       10        4        9        7        5        3        1        3        2        7        8
        6        4        9        7        5        3        7        5       11        3        1       10        8        6       13        6       12       13        9        8
       15       16       15       23       21       21       28       21       27       28       21       32       35       35       37       53       58       36       55       52
       52       62       56       64       78       85       53       63       64       69       80       65       81       68       75       60       58       64       50       68
       70       48       48       37       42       37       30       31       32       40       32       29       26       24       22       20       15       13       10       10
       16        7       13        7        6        4        3        4        7        8       11        3        5        3        6       10       10        5        8        6
        6        6        4        8        5        7        8        8       14        7       10        9       10       11        8        6       13       17       12       18
       14       20       22       23       19       25       19       12       24       27       24       34       24       24       44       33       41       47       36       62
       55       56       55       54       63       52       61       86       72       49       65       54       71       62       66       59       65       52       62       63
       65       34       42       41       42       25       31       27       29       24       25       16       25       21       23       16       18       16       19       10
       13       12       16       13       13        4       10        5        8        5        4        4        5        1       12        6        7        5        5        4
        5        7        2        5        4        4        2        6        7        5        3        8       13       10       10       11       11       13       11       13
       16       24       14       14       17       14       24       20       20       22       33       31       23       29       30       36       25       40       38       47
       61       59       59       51       45       55       65       74       70       44       72       62       55       54       51       49       50       36       58       58
       52       44       37       31       36       27       31       18       25       26       24       26       20       21       24       14       10       11       15       15
       12        5        9        3       10        7       16        7       10        8        5        4        9        5        5        4        1       10        4        5
        3        7        8        2        5        7        5       11       12        7        9        8        5        7       18       15       12       11       13       17
       12       18       14       11       13       13       27       23       23       20       25       24       34       37       23       37       31       39       45       37
       51       44       45       39       58       52       35       46       56       46       40       48       52       51       53       50       44       46       54       39
       44       52       47       25       33       31       27       26       30       19       21       20       18       18       15       22       17       13       15       22
       10       12       13       11       15        6       11        5        4        9        8        7        2        2        3        7        3        6        3        4
        5        4        6        5        3        4        2        7        2        5        6       11        7        8       11        5       10       15       12       14
        5       13       13       18       15       17       17       26       17       24       31       23       26       36       25       21       27       20       36       35
       41       39       39       35       42       56       47       43       46       36       45       52       53       46       32       32       38       38       34       47
       40       37       34       28       42       32       26       31       25       22       24       23       18       16       27       15       17        7       14       15
       18       11        9        6        4        7        7       11        7        6        8       10       10        6        6       10        1        2        3        1
        6        7        5       12        9        2        6        2        8        6       10        8        9       11        9       13       12        8       18       10
        7        4       19       13       10       19       16       13       17       17       18       17       13       25       18       32       34       41       23       36
       35       31       46       36       41       35       41       38       51       37       43       33       45       43       43       42       47       39       43       50
       30       40       31       32       27       33       23       26       26       19       16       21       16       17       16       13       12        5        9       11
       12       12       12       13        7       10        8        5        6        2        8        4        8        3        7        3        3        4        3        0
        2        5        3        3        8       11        7        9        5        8        5        3        4       10        2       12        7       11        8       13
        7       11        8       13       10       21       20       15       18       16       21       18       24       24       18       21       35       34       27       21
       34       31       40       31       37       47       53       42       48       41       47       32       38       34       41       30       34       38       28       27
       25       31       36       35       28       26       24       19       19       19       11       17       15       16       15        8       18       17       12       12
        8       14        9       14        6       11       12        4        5        5        6        5        2        3        5        3        5        5        4        4
        4        2        3        8        7        3        9        4        7        3        7       10       11        8       10        5        8        9       12        9
        7        8       12       14       11       15       13       15       21       21       24       22       20       27       25       22       28       28       25       38
       36       31       39       30       41       32       39       42       32       29       37       29       28       29       31       40       38       35       34       37
       34       24       34       21       23       27       20       26       21       16        9       21       13       14       11        9       11        7        4        6
       10        6       10       10        7        6        9        4        4       10        5        7        8        6        7        4        9        5        3        2
        1        3        6        4        4        7        6        6        6        6        3       10        5        9        5        8       10        6        9       12
       16       10       11       13       12       19        8       23       13       19       12       24       19       18       18       27       16       19       24       39
       23       18       21       21       34       35       36       28       23       27       29       33       28       34       36       38       23       31       32       28
       20       29       29       17       34       26       15       17       18       28       33       14       15       14       15       11       12       12        8       12
        3       13        6       12        2       14        7        5        6        7        5        8       10        7        2        5        9        4        2        2
        5        3        2        2        5        2        2        6        1        5        9        6        4        7        8        9        6       10       11        9
        9       13       13        8       20        7       17        7       17       17       17       15       20       18       17       22       18       19       21       34
       25       37       27       29       24       37       28       35       35       38       25       35       24       16       31       31       29       28       21       29
       27       29       22       21       14       20       17       16       16       15        8       13       16       18       18       19       12        9       14       14
       11       10       14        9        6        3        6        3        6        4        3        3       10        6        1        4        2        1        1        4
        2        2        4        3        8        3       10        4       11        7        1        8        9       11        7       10        6        8        6       12
        8       17       12       12       10       10        8       13       15       12       18       20       20       20       18       17       22       20       24       26
       26       22       29       30       26       34       26       28       24       24       27       36       31       20       26       35       26       30       26       20
       24       21       24       19       22       18       14       26       20       19       22       11       17       19       10       18       15       13       15        8
        4       13        7        9        8        4        9        3        5       14        5        9        6        7        3        5        7        3        6        0
        8        2        5        3        6        8        5        5        8        4        7        2        7        9        6        7        3        6        4       10
       14        4        4        6        7       11       13        8       10       19       21       17       18       17       20       13       16       25       28       20
       15       17       28       22       25       22       23       27       29       16       25       30       25       25       24       20       15       29       25       21
       22       18       22       15       17       20       15       15       14       13       10       13       14       10       13        3       10        9       11       16
        8        9        7        8       10        3        3        7        5        6        3       10        5        3        5        2        3        2        1        3
        3        3        6        6        0        3        5        5        6        6        3        4        8        5        5        4        5       10        4       11
       14        7        8        8        9        7       13       15       16        8       12       15       14       12       12       18       14       14       25       24
       20       18       26       24       22       23       25       26       16       31       20       31       21       20       26       22       15       29       18       17
       22       24       26       19       17       10       14       15        5       18       16       14       20       21       16       11        9       19       15       10
       11       11        6        6       11        3        8        8        5        4        7        2        4        7        2        2        8        1        5        7
        4        6        2        7        2        0        3        2        4        7        3        5        8        5        5        5        7        7        8       10
       10       11        7       15        8        9       14       17        7       13       19       16        8       12       21       14       22       17       18       19
       27       26       14       16       23       22       18       22       28       28       15       17       12       15       17       15       13       22       21       19
       18       13       21       11       17       17       15       15        7       13       14       12        7       17        9       10        5        5        9        8
        5        6        8        5        4        5        8        6        6        4        5       11        4        1        5        2        2        2        7        2
        3        5        6        0        2        2        4        2        5        4        4        2        1        6        6        7        9        6        6        8
        9       10        8        4       11       14       12        9       15       17       12       12        9       14       14       17       10        7       13        9
       10       20       14       16       19       19       19       21       18       18       15       21       20       16       16       22       17       12       12       14
       19       22       14        7       14       15       17       16       12       20       13       11       13        9        8        8        7        4        5        5
       11        7        8        6        5        7        4        4        2        5        3        2        5        3        5        5        2        6        2        3
        2        4        4        1        7        5        3        5        1        7        2        7        8        4        3        3       10        2       13       10
        5       14        8       10        9        9       14        7       10       15        7       20        8       17       17       15       12       12        8       12
       19       20       11       15       16       15       16       17       14       22       13       19       14       24       23       12       13       14       23       12
       20       18       16       18       11       11        9       15       11       11       11       11       15        7       12       13        6       11        9        6
       13        6        7        9       10        8       13        7        6        1        3        5        3        5        2        6        5        3        2        4
        4        2        4        4       10        7        5        6        5        2        3        2        4        5        5        4        7        4        6        5
        5        4       12       10       15        4       13        7       13        8        6       12       14       10       10       15       10        9        6       11
       10       16       12       19       23       16        9       15       12        9       14       12       24       17       12       10       19       19       18       17
       23       19       15       14       12       14       10        6       20       15       12        8        8        8        3       12        8        6        8        8
       10        5        4        2        5        5        6        9        3       10        3        3        8        6        0        2        5        1        2        4
        3        2        5        4        6        3        5        4        3        7        0        4        4        5        6        5        8        9        6       11
        7        5        9       13        5       16        7        9       13       12       10       12       10       10        7       11        9       12        6       14
       17       15       15        9       22       19       19       15        9       18       13       16       17       27       17       15        9       18       13       21
       16       15       15       13       16       19       11        9        8        6       11        9        5        4       10        6        3        4       13        7
        8        9        6        6        2        4        6        4        4        1        5        3        1        3        8        2        7        0        5        2
        5        7        1        2        2        1        3        6        1        2        3        6        7        5        4        2        4        6        9       15
        8       11        8        6       15        4        8       12       15        8       11       13       10        8       14        8       15       20       13       14
       13       15       14       19       17       10       21       14        9       19       13       13       15       13        8       21       14       17       12       13
       12       15       12       12       13       14        9       15        6        9        8        5        3        3        5       11       10        5        8        4
        5        8        5       12        6        9        5        4        3        7        4        4        4        4        3        6        4        5        6        2
        1        2        5        4        5        5        3        1        1        4        2        4        6        6        4        5        3        4        9        8
        3       12       10       14        8       10        7        7       10       18        7       17        6        5       10       13        5        9       17       11
       10       15       13       12       17       11       13       12       17       10       12       11       10       17       17       10       10       13       21       13
       12       11       13        9       12       10        9       10        3        8       11        7       10        1        8        9        5       11        6        3
        5        2       13        9        3        4        8        1        2        5        4        3        3        2        1        1        1        3        5        1
        4        3        5        0        6        2        2        0        1        5        4        4        1        9        5        3       10        6       11        8
        9        8        6        6        4       12        6        6        3       13        8       12       10        9       13        5        7       13       10       16
        8       13        6       17       12       15        9       10       12       18       14        8       12       13       12       12       10        9       10       11
       13       18       10        9       10       10       10        8        3        2       10        8        4        6       10       12        4       12        1        7
        6        7        4        9        3        7        3        4        5        3        2        5        2        6        3        5        1        5        3        4
        2        1        3        4        4        6        7        2        2        2        2        2        2        1        1        3        4        4        3        7
        7        6        2        6        8        8        6        6       13        7       13       11        7        7        9        4        7        7        8       11
        8       12       11        9        9       10       11       16       11        9        5       10        9       13       14       12       11       15       14        8
       11       11       13       10       10       10        8        5        6        6        7        5       11        9        6        9        8        8        9        4
        3        4        3        4        2        1        6        2        3        6        3        4        2        1        2        3        0        4        1        3
        2        2        1        2        4        4        4        4        8        0        2        3        4        4        2        2        4        7        4        7
        4        6        6       11        7        7        6        5        9        8        9        8        5        8       12        5       11        1       13       10
       10       12        5       10       10        9       18       18       12        7       17       19       12        9       13       16       13        6        8       12
       12        6        7        6       10        7        9        7        6        6       13       10       10        8        4        3        4        5        2        4
        3        6        3        5        5        2        3        2        4        5        1        3        3        0        4        3        2        5        1        3
        2        2        5        3        3        4        2        5        3        3        4        4        4        5        4        4        5        3        4        6
        5        7        5        5       12        1        4        3        6        7        8        8        6        9        9        8       10        7        7       13
        9        5        8       12       12       19        8        7        4        6        9        7       10       12        5       13       10       14       11       11
        7       11        5       11       12        8        6        9        5        5       10        4        6        3        7        4        3        9        3        4
        0        6        5        3        3        4        4        3        6        1        1        1        2        2        3        3        5        5        3        2
        2        0        1        4        3        4        3        3        4        2        2        5        2        2        1        0        3        3        3        3
        5        3        5        6        7        8        4        6        4        7        7        4       11        6       11        5       18        9       10        8
        8        9       13       11        9       16        9       11       10        7       10        8        8        9       11        4       12       11        8        8
        8        9       11        3       10        4        9        8        8        5        2        9        3        4        3        2        5        3        4        4
        2        4        5        1        2        0        1        2        5        4        2        4        1        1        3        2        1        5        1        0
        2        3        4        4        2        2        7        0        1        2        3        3        2        5        2        3        6        2        1        2
        5        6        3        5        7        4        5        8        2        5        8        6       10        8       12        6        8       13        8       11
        2        6        9        9       10       16        9        3        4        7       10        5        9       10       14        7        7        5        7       11
        9        7        9        8        5        9        6       13        3        8        8        5        4        9        6        8        2        2        4        5
        7        3        5        3        4        6        2        2        3        0        1        3        3        1       10        2        3        7        8        1
        0        2        1        3        2        2        1        3        4        3        1        3        3        6        2        2        8        1        4        6
        7        3        6        3        6        4        7        4        5        5        8        6        5        6        7        8       11        4        7        3
        4        4        6       10        7       13        8        8        6        9        4       11        4       11        5        9       10       10       10        5
        2        4        5        4        6        8        5        8        5        3        4        1        6        2        2        6        3        4        5        2
        8        6        3        5        1        3        0        2        4       11        1        6        2        2        1        3        2        6        4        0
        1        2        0        3        3        5        4        5        4        4        3        2        2        3        7        4        2        2       13        2
        3        1        5        3        5        3        4        4       12        9        5        7        2        6       11        7        6       10        3        6
        8        5       14        8        6        4       11        9       12        9        3        3        1        8        7       10        3        5        8        6
        9       10        5        7        7        5        5        3        7        5        6        7        5        4        4        3        4        4        2        6
        1        4        2        3        4        3        4        1        2        1        6        3        3        3        1        3        2        1        1        0
        1        5        3        1        5        0        2        6        2        0        1        2        9        3        2        1        3        4        5        5
        5        2        3        6        6        9        7        6        4        2        3        8        3        4        2        6        7        5        8        7
       11        7       12        6        4       10        5        9        4       13        7        7        7       12        8        7        4        8        3       10
        6        7        6        5        4        7        6        7        7        4        4        5        3        4        5        2        4        5        3        1
        3        1        6        5        1        2        0        4        7        3        5        7        2        3        2        4        0        4        4        3
        1        2        4        2        3        3        2        6        2        5        3        4        1        2        1        1        2        5        6        5
        5        6        5        6        4        3        9        3        5        0        5        4        7        5        4        8        3       10        3        6
       16        7        6        9        8       13        3       14       11        9       10        4        9        5        8        8        2        3       10        3
        6       10        6        4        3        6        6        7        8        5        4        6        5        0        4        9        5        1        4        3
        0        2        6        7        2        4        3        4        2        1        3        1        4        2        4        5        2        2        0        0
        1        2        4        3        1        1        3        2        0        3        4        1        5        3        4        1        3        5        5        5
        3        6        4        4        6        5        3        4        6        2        3        4        3        6        3        5        2       10        5        7
        6        9        8        7        6        6        1        7        8        8        9        5        3       10       11        9        4        7        6       11
        4        8        8        5        6        2        2        4        5        3        8        7        2        3        6        2        2        7        5        3
        5        3        5        3        4        5        2        4        5        1        0        3        2        6        1        0        4        1        3        5
        3        0        2        1        3        2        4        3        1        8        1        4        5        3        6        3        5        6        3        2
        2        6        0        4        4        5        5        7       10        4        3        6        5        3        5        2        3        8        9        5
        2        7        7        7        2        2        4        6        2        1        4        4        3       11        4        7        1        7        9        2
        6        4        5        1        6        4        5        6        6        9        3        4        3        5        3        7        2        5        2        3
        6        3        5        3        2        3        1        5        5        3        6        1        2        1        2        3        2        1        4        5
        1        1        1        1        2        4        2        0        1        8        2        3        1        1        3        1        4        1        5        1
        3        3        6        3        5        4        6        5        5        5        3        7        6        7        5        4        7        4        6        5
        7        1       13        8        5       10        4        2        7        4        7        6        6        4        2        9        2        5        8        3
        4        9        5        4        7        5        2        3        3        3        5       10        6        6        4        5        5        2        1        3
        6        4        1        8        3        4        1        4        5        1        1        3        1        2        0        8        0        1        1        1
