        1        4        5        5        4        2        7        3        3        5        4       10        6        6        7        2        4        4        2        4
        6        4        1        9        1        8        5        5        5        9        6        7        8        6        5        6        7        9        9        8
        6       11        5        6       10        7        4       11        3        8       15       10        6       12        6        7        8        9        7        6
        3        7        7        3        4        4        8        8        3        7        7        6        7        4        6        6        3        7        1        7
        3        4        4        9        2        2        3        4        8        8        3        4        5        3        1        2        4        3        2        2
        2        5        3        2        6        3        0        0        1        1        2        1        1        3        2       10        7        6        4        3
        4        6        5        2       15        5        2        6        9        3        5       11        7        5        5        7        7        6        5       10
       10        6        8        6       10        5       13        6        7        2        9       12        9        8       11        5        4        8        5       12
        8        9        7        3       11        7       13        6       10        3        5        7        2        3        3        6        8        1        3        7
        7        3        6        8        9       11        4        8        8        3        4        0        3        1        3        2        6        2        6        5
        1        1        1        5        3        2        5        4        4        4        2        4        3        7        6        3        3        3        7        3
        4        4        4        6        7        5        6        7        8        2        6        6       13        5        6        6        3       11        7        7
       11        6        9       14        9        9       11        7        9        8        7        8        6       11        7        6       15        5        5        9
       15        7        6        6        8        9        6       15        6        7        2        5        6        7        6        4        9        5        5        4
        5        6       10        4        5        4        4        6        1        7        3        6        3        5        1        3        4        5        4        3
        4        2        2        4        6        7        4        2        3        3        2        5        8        6        4        8        7        6        4        4
        3        2        7        6        8        6       13        1        7        7        6        6        7        7        9        3       13       14        6       10
        6       12       12       11       11       10       13        7        9        6        7       14       12       11       10        4        9       11        8        6
        4        9       12        5        6        9        7        9        3        8        8        5        6        5       11        5        4        4       10        6
        3        6        5        3        5        0        3        7        3        5        6        8        3        2        1        6        1        3        4        2
        4        3        3        5        1        7        4        5        9        6        7        5        3        3        8        4        2        4        8       10
       10        6        4        5        6        8        2        9        7        2        6        6        4        4       10        4        8       13       10       11
       13        8        8       11        7       11       11       13        8       13       10        9        7       11       10        4        6        8        7        7
        7       11        7        7        7        3        7        7       12        9        6        7       11        4        7       13        8        7       10        7
        9        5        6        3        6        2        5        2        6        5        3        3        2        5        2        3        3        2        4        1
        2        3        1        2        3        7        7        4        1        5        5        0        9        7       13        3        6        6        6        6
        9        9        8        9        6        3       12       11       14        8        8        9        8       11       12        6        7       13        9        4
        7       12        5       12        9       12        8       11       10       10       13        8       10        4       11        8       10       13        8       14
       14       10       13        6       13       13        6        8       13        8       10       10        7        6       10        6        4       10        5        2
        7        4        7       10        4        7        2        2        3        1        2        3        5        3       10        3        2        3        2        3
        6        3        3        2        3        3        3        8        6        6        3        5        5        4        4        7       11       10        9        6
        5        3       10        7        4        5       12        6        4       12       12        8        8       10       15       10       19       14       10       17
       13        6        2       10       13        4       12       11       14        8       13        9        4       11       10       15        7       12       11       14
       15       12       13       11        5       11       10       13       10        9       12       15        8        6        8        9        5        5        4        4
        4        2        6        4        5        6        1        6        3        1        5        7        6        8        5        2        3        4        3        3
        5        3        3        4        5        1        9        6        2        6        8        6        2        6        6        2        5        9       14       13
        6        4        6        3        3        8       10        8        9        8       10       10        9       11       15       11       12        7        9       11
       10        6        8        8       13        6       21       13       19       13       11       13       20        9       19       17       12       10       12       13
        9       11        9       13       11        7       15        7       14       11       14        7        8       10       10        4        5        4        6        8
        7        6        7        6       13        4        5        9        4        4       14        9        3        1        2        5        6        4        5        5
        5        7        5        5        2        1        4        6        7        4        4        4        7        4        6        6        8        6        4       11
        3        4        7        7       13        6        8       10        6       12        6       12       10        6        7        8        6       10       12       18
       15        8       15        7       12       16       11       10       10       13       13        7       12        9       11       10       18        8        8       13
       14       21       12       13       13       12       12       11       14        8        5       11        8        6       10       12       10       10        7       11
       11        4        6        4        5        7        4        4       11        5        8        2        4        8        1        4        1        5        1        2
        1        3        0        6        0        4        5        2        2        2        4        3        7        6        5        6        8        6        7       11
        2        8        6        9       12        9        7       14        9        9       13       15       10       11        9        7       16       11       12       13
       11       11       15        8       11       23       13        9       13       13        9       15       19       12       11       17       10        7       14       18
       11        9        8       12        8        5        8        9       12       12       17        6        9       12        7       10       11       16        8       12
       10        9        8        4        2        7       10        5        3        5        7        5        5        4        1        4        3        4        3        3
        3        3        2        4        2        7        7        3        6       13        8        5        5        4        5        1        7        9        9        7
        7        3       10        4        8        5       12       11       12       18       15       13       13       24       12       14       12       10       12       11
        5       19        8       15       14       14       12       13       16       11       13       11       15        8        8       11       12       14       13        8
       19       14        3       10       15       15       13       14       13       15        9       11        7        9        8       12        6        6       12        5
        6        7        4        2       11        6        4        7        3       11        9        6        6        9        9        5        3        6        3        3
        3        6        9        3        3        8        4        4        3        4        7        3       13        4        4       11        5        7       10        7
        8       11       10        8        9       14       14        5       10       14       16       18       15       18       16       15       10       11       13        8
       13       13        9        9       18       15       15       13       17       15       17       14       12       16       16       15       16       16       14       11
       13       16       11       21       14       12       13       17        9       10       11       12        6        9        4       13        6        9        8        6
        4        9        7        3        4       10       12        4       13        4        6        4        5        3        0        4        5        2        1        2
        4        8        6        5        6        3        3        3        6        7        4        6        4        5        6       14        3        6       15        6
        7        8       12        8       10       12       12       10        9       16       12       14       10       10        8       13       17       10        9       18
        7       13       13       15       14       19       13       11       12       16       17       11       19       25       23       18       22       10       11       17
       15       15        8       14       11       13        7       20       13       12        8       18       11       14       18       10        9        9        3       10
       10        9        6        8        3        8       12        2        8        6        2        3        2        5        7        9        2        9        5        5
        2        3        2        9        3        6        5        7       10        6        3        4        6        6        7        8        7        8       13        9
        9        8        7        6       10        9       18       16        9        8       14       12        9       10       10       21       18       20        7       17
       20       16       17       11       14       20       21       17       15       17       18       14       17       13       20       36       15       12       19       19
        8       23        8       16       22       16       14       13       12       12       15       10       14        9        8        6        6        9        9       11
       10        8        9        8        6        4        8       11        6        4        3        7        4        5        8        6        6        6        9        7
        6        9        3        8        3        9        2        5       10        5        9        6        7        7        9       10        7        9        8       11
       15        8        8       11       11       10        8       14       10       16       11       13       22       19       15       19       18       13       16       13
       24       18       21       13       33       23       30       22       17       16       15       32       17       19       17       11       20       12       19       12
       14       18       24       18       12       25       15        9       11        8       10       14       15       14       11        7       12       19       11        8
        6       14       13        9        7        8        6        4        6        5        5        4        2        5        7        8        3        4        9        5
       10        1        6       11        5        3        6        7        9       10        3        9        9       10        3        7        7        9       15        9
       11       10        7        8       14       12        8        6       17        9       12       13       16       11       12        8       15       20       16       21
       20       24       20       22       16       20       16       23       24       25       26       22       20       19       19       24       19       21       15       19
       20       17       20       12       15       13       21       23       22       13       14       25       21       12       10        7       10       13        7       12
       12        6        9       13        9       13        4        7        8       14        2        6        3        4        4        6        5        7        8        4
        7        5        1        7        1        8       10        1        5       10        6        7        9        6        7        6        9        5        9       13
        8       14       11       10       14       21       14       15       13       14       17       19       15       15       17       24       11       15       14       17
       20       23       22       15       24       23       28       21       20       22       22        9       24       19       16       18       15       18       19       15
        9       22       18       12       12        9        9        8       12       12       14       14       17       16       17        8       11       16       14       13
       14       14       11        6       10        4       10        3        9        9        7        6       17       13        7        5        4        4        7        6
        6        4        6        4        2        7        8        5       10        6        5        9        6        7        4        8        9       10       10       17
       12       10       15        7       15       10       13       10       14       16       18       14       19       14       16       19       17       23       23       20
       21       23       17       20       27       13       29       22       23       20       29       30       21       22       23       20       26       17       25       27
       17       16       20       20       16       13       17       27       12       16       15        7       22       17        9       14        7        8       12       12
       10       13       10        3       12        8        7       10        6        8       13        9        9        2        3        3        4        6        0        5
        4        7        6        5        4        2        2        9       12       14        9        5       13        8       11       10       11       10        9       19
       13       13        9       14       16        7       11       27       13       22       18       12       15       15       19       15       19       22       20       22
       29       25       24       21       34       27       23       24       24       25       29       23       27       22       31       29       22       25       28       30
       30       25       24       22       20       18       15       30       22       21       16       18       10       12       14        9       15        8        9       11
        8        8       11        5        8        6        7        4       10        7        9       10        5       11        6        5       12        9        7        7
        4        3        9        5        4        6        4       15        4        6        8        7        4        5        4       10       14        5       14       11
       13       14        9       13        9       12        9       16       14       15       16       19       29       20       20       28       15       18       21       17
       17       32       25       26       39       25       30       22       32       31       29       30       27       30       26       27       32       31       27       18
       16       16       25       18       14       23       17       20       16       17       21       18       16       16       10       19        9       16       10        7
       14        8       12       22        9       11        7       10        7       13       11        9        6        5       11        7        9        4        2        2
        5        3        8        2        3        1       11        8        6        2        9        9        7        9        6       12        9        7       18       14
       14       10       12       15       19       12       14       11       17       23       12       22       26       22       17       16       28       14       27       30
       31       32       39       25       36       37       33       40       31       27       23       19       36       23       29       35       36       33       23       18
       24       28       33       27       15       24       20       23       11       31       15       12       21       17       15       17       11       24       10        5
       15       11       13       13       10       12        3        9       10       12        6        3        8        6        6        5        3        7        4        5
        3        3        6        4        6        9       10        7        8       12        5        7        9        9        8       12       15       10       14        8
        8       13       14       14       10       12       20       11       23       15       19       15       18       13       19       25       26       26       22       23
       25       29       23       36       33       26       35       30       27       22       41       25       37       33       29       33       31       30       36       24
       28       31       19       29       23       23       15       24       32       22       19       13       27       12       10       15       20       16       10       17
       15        7       12       11       16        2        8        9       12        4       10        6        9        6        3        6        7        8        2        3
        8        2        1        5        7        5        6        3        6        3        9        6        7       15        7       19       11        9       11       14
       15       10       17       14       14       21       18       13       25       19       21       25       18       20       21       17       21       30       32       43
       30       23       37       53       30       24       37       25       26       43       31       33       32       39       28       30       26       32       33       31
       32       29       29       23       29       24       21       25       25       26       22       21       13       22       34       15       18       18       14       10
        9       12        7       16        3       16       10        7       10        5        7        8        9        4        3        7        1        6        3        6
        5        3        7        8        4        9        7        3        7        8        6        7       12        8       11        7        5       13       10        9
        8        5       13       19       19       11       19       18       13       13       17       31       17       24       32       28       27       42       35       36
       31       25       27       38       35       28       42       38       30       42       30       32       26       34       35       31       37       25       38       40
       35       30       41       42       36       24       29       30       28       18       22       12       10       21       17       19       20       14       12       13
       12       12       16        6        3       15       11       11       14        7        5       10        6        5        8        6        4        7        4        6
        4        6        5        5        6        6        4        8        7       11        5       12        9       12       12        7       11       15        9       17
       17       21       24       22       20       21       27       25       15       22       27       25       24       27       25       34       34       40       39       30
       31       37       31       35       37       40       36       39       39       44       52       28       42       41       40       48       37       32       42       44
       38       43       33       34       40       29       35       44       28       24       20       18       14       25       18       13       21       17       20       20
       15       14       13       15        6       15       13        7        5       10        4        6       14       10        7        2        9        8        6        6
        5        5        6        4        4        9        4        8       10        6        5        6        6       12       10       12       10       11        9       17
       12       16       15       19       19       13       15       23       12       22       29       29       27       19       29       31       28       43       33       44
       27       59       43       49       46       45       29       43       51       50       41       41       32       34       44       46       43       32       45       44
       32       36       38       36       20       27       26       26       29       21       26       20       23       14       23       21       18       19       23       12
       14       13       11       19       10        9        5       10       12       10        5        8       12        2       11        4        6        7        7        5
        4        7        4        7        5        9        5        5        5        8        9        9       12        9       10        9       12       15       13       22
       22       15       17       16       16       19       29       27       27       24       26       25       30       45       25       36       31       46       36       27
       36       36       32       39       39       41       40       44       68       59       34       43       38       47       42       39       54       47       50       37
       41       50       35       37       31       25       37       34       33       30       30       18       23       30       18       22       23       18       17       18
       17       10       14       14       11       10        7        6        3       12        5        9        9        5        4        7        6        9        3        9
        4        6        6        6        9        5        9        6        8        9       14        9       15        9        7       15        9       12       14       15
       20       12       24       22       24       22       16       22       30       28       27       19       29       34       30       49       38       41       40       44
       44       50       50       54       52       46       55       48       63       64       58       46       55       63       50       55       68       49       51       48
       43       52       52       37       40       34       25       31       23       38       26       26       27       24       23       21       19       26       21       15
       10       11       27       10        9        7       14        8       10       10        5       11        7       16        9        5        6        3        5        4
        4        9        3        5        8        7        8       11        9        7        8        8        7        9       12       15       12       14       16       15
       14       19       17       14       16       29       22       28       29       25       33       36       31       34       41       29       40       52       41       46
       60       54       55       56       51       49       57       64       53       58       62       59       57       63       43       71       63       51       56       43
       47       47       36       34       35       30       27       42       29       20       28       26       16       33       35       29       19       26       23       17
       15       16       17       13       13       16        6       10       11       10        6        9        9        8        6        9        3        2        5        6
        8        7        5        8        6       10        8        8       11       11       12       11        8       10       20       10       13        7       20       12
       19       20       16       19       17       26       16       38       34       35       39       32       43       36       38       41       49       44       43       56
       43       49       58       64       61       63       53       62       55       73       66       68       80       56       73       57       60       80       54       60
       51       38       48       49       38       30       36       38       32       30       29       28       29       24       17       19       21       25       14       21
       18       15       21       11        6       11        9        5        9        2        4       12       11        8        7        8        5       10        7        7
        0        7        4        6        9        8        4        2        4        6       10        6       10       11       10       11       12       12       13       13
       15       24       16       22       25       29       29       22       22       33       38       37       48       45       38       43       40       53       47       64
       52       53       62       72       56       64       74       58       65       81       71       66       75       61       78       69       52       64       57       61
       49       54       60       53       50       43       46       38       40       29       31       32       23       28       36       27       30       20       15       15
       16       10       13       19       15       17        6        9       17       10       12        8       11        8        8        7        5        3       12        4
        8       10        8        5        6        6       13       10        7       12       17       16        8       12        9       20       16       12       21       24
       13       16       31       22       18       29       33       29       28       32       35       27       32       43       60       47       47       55       54       67
       65       68       74       71       63       78       81       64       77       72       78       72       83       77       93       65       54       64       68       65
       37       44       44       54       49       47       30       37       40       27       37       27       39       27       20       29       25       29       15       22
       17       10       17       15       10       14        9        8       10       17       16        6       10        5        9        4        5        6        3       10
       10        5        6        2       14        7       12       15       13       18       15       15       12       17       20        8       14       14       12       15
       18       21       27       27       23       20       25       21       35       30       31       43       47       46       51       59       54       62       64       67
       59       57       73       68       80       64       71       71       92       91       93       92       83       76      103       75       77       68       60       60
       70       60       50       54       34       50       39       44       31       41       26       40       21       28       31       19       21       24       23       26
       16       12       16       20       14       11       11        8       17       12        7        8        7        8        6       10       11        2        5        8
       12        7        9        3        8        7        9        7        6       12       13        7       13       12       18       17       13       22       15       21
       28       24       26       18       23       28       21       43       31       35       43       47       47       43       44       48       67       67       57       56
       81       72       77       86       73      100      119      107       92       79       95      100       87       97       90       96       80       82       83       71
       68       62       62       54       47       67       52       40       36       33       46       29       36       40       21       26       30       19       19       22
       16       15       11       16       21       19        8       12        6        8        8       10        6        6        9        6        8        7        8       11
        6        6        5        3       10        3        6       10       13        4        6        9       12       10       14        8       21       12       20       18
       27       24       25       23       24       21       30       45       30       37       40       61       64       47       57       52       58       59       79       74
       69       87       86      106      104       97      100      108      119       91      103      112      121      106      109      101       96      103       89      100
       91       82       59       73       49       46       64       39       39       52       41       39       28       21       25       26       25       22       24       15
       19       16       10       17       18       17       11       19       10       16       13       10        7        5        5        8        5        6        9        5
       13        3       11       10       10       10       10        8        4       11        6       17       12       12       17       14       26       23       19       18
       26       22       23       22       30       48       32       45       37       30       47       46       64       80       72       69       48       70       73       88
       83       80       84      117      107       92      112      125      115      131      136      121      132      110      134      117       97      102      100       80
       91       74       64       65       60       60       50       40       56       36       44       50       21       28       32       29       19       35       22       20
       23       17       21       11       17        7       10        9       18        6       12       15        8        4       10       10        8        7        8        4
        4        5        9        8        9        6        6        7        8       14       12        9       15       19       18       14       18       15       20       12
       24       25       28       23       32       24       35       32       39       49       30       52       61       61       55       60       67       76       69       96
       89      105       94       95      118      113      160      158      120      134      164      146      125      129      127      113      120      116       98       84
      106       87       72       78       68       61       66       40       43       44       34       40       33       35       34       23       20       33       39       31
       15       24       19       15       17       15       17       15       15        9       13        7        6       10        5        8       10       12        3        7
        9        4        8        4       15        6        7        8       15       14       11       16       14       12       12       21       15       15       25       20
       18       19       33       17       33       29       37       43       43       42       50       55       65       58       69       80       70       64       81      106
       97      111      122      142      132      130      168      148      175      158      187      166      161      155      157      127      136      104      106      123
      120       84       81       86       78       68       60       58       64       48       47       35       53       38       46       20       28       32       25       20
       21       14       10       16       10        9       12       13        6       11       15       13       12       10        7       15       12        7        5        7
        9        7        6        7        6       10        6        9        9        5        7       12       18        9       20       20       13       18       25       29
       30       21       31       26       23       31       32       34       22       44       41       42       50       65       71       71       82       87      111       97
      112      120      126      154      176      173      189      175      159      201      182      202      217      171      180      147      170      147      109      113
      107      114       81       86       55       57       61       51       61       46       51       49       33       30       32       35       31       24       27       21
       14       19       16       15       17       21       19       16       14       12       10       13       13       14       12       10        4        8        6       13
        6        9        9       12        5       13       10       10        7       14       11       12        8       18       18       18       16       24       18       23
       22       32       24       33       24       38       49       44       42       44       51       58       65       59       52       67       73      104      114      125
      105      124      178      169      191      181      185      207      212      237      197      212      201      223      181      174      158      141      121      111
      100      120      101       90       77       65       67       50       65       42       54       47       47       32       31       26       38       34       21       23
       17       27       13       16       19       19       13       10       15       12       10       13        9        8        8       10       11       12       13        6
        5        3        7        7        4        9        9        9       10       10       11       16        8       16       17       20       21       18       23       20
       40       32       32       40       34       53       41       55       38       51       53       59       76       76       63      102       88      103      118      131
      123      157      169      183      189      210      235      265      243      243      248      256      245      239      198      217      192      149      148      124
      126      103      124       79       86       70       73       77       53       50       55       56       33       38       35       37       32       20       19       24
       18       23       21       16       14       23       16       14       19       10       14       11       11       11        8       13        5        9        2        6
        6       12       13        9        7        8       11       12       16       15        8        7       16        9       14       16       19       27       21       21
       30       29       29       31       28       39       45       43       43       45       59       68       74       74      100       92      110      104      116      155
      162      167      205      218      243      255      264      293      305      321      319      297      285      279      251      224      236      207      181      156
      136      126      115      110       90       94       63       50       62       53       42       41       37       51       39       31       39       24       32       22
       22       19       18       13       16       13       21       16       13       10       10       12       12        4        8        7       12        5       12       10
        4        6       11       14        6       13        8       12        7       16       16       12       15       15       16       15       14       13       24       25
       24       28       26       38       49       35       50       56       47       66       64       71       75       88       90       91      109      125      130      149
      179      197      228      240      270      293      262      360      335      387      349      305      346      310      311      223      222      216      169      167
      140      143      126      119      109       86       88       73       77       63       58       53       42       38       40       39       33       28       38       25
       20       17       23       14       18       17       16       13       10       13       11       12       17        9        9        9        9        6        1        5
        3        6        9       13        6       16       12       15       14        5       15       14       12       18       13       27       16       15       21       27
       26       22       34       39       36       45       34       41       50       58       67       68       89       89      104      116      109      119      149      161
      186      211      217      273      323      335      341      396      372      446      430      487      432      381      345      301      259      257      187      171
      155      137      117      108      121       84       70       60       57       63       40       52       38       33       30       36       35       29       28       32
       21       23       25       22       31       22       15       10       17       16       18       17        8       11        7        6        3       11        7        5
        8        8        8        6        8        9       14       15        6       16       14       20        9       16       12       20       19       28       27       19
       20       37       34       32       30       43       39       53       62       37       67       61       71       95       83      113      119      141      125      190
      186      228      261      289      338      407      465      475      511      541      572      546      503      459      397      346      313      252      204      192
      163      153      143      138       92       90       75       80       69       69       51       39       45       40       45       34       40       36       33       16
       26       20       16       22       28       18       15       12       19       15        8        8       14       12       13        6        3       16        6        6
        6       20        5        7        7        4        9       11        8       16       16       13       15       12       23       22       21       21       25       30
       29       32       31       42       41       50       53       56       59       50       61       65       75      103      116      116      142      142      156      193
      216      228      270      305      366      469      558      569      624      678      673      649      586      542      473      337      344      244      203      202
      166      161      143      115      126       86       85       76       61       63       68       51       40       47       39       35       37       27       31       30
       23       18       20       23       17       16       11       15       13       12        9       14        6        7       11        6       10        8        6        7
        9        9       10        5        2       10       12       11       10        5       10       16       22       18       20       14       18       28       21       28
       42       32       23       46       42       38       41       56       47       58       68       62       82       96       90      126      108      155      166      199
      230      254      317      380      436      513      573      788      861      961      906      926      727      581      539      432      409      311      253      190
      194      164      148      130      117      112      109       73       71       77       69       52       54       42       47       28       28       45       25       20
       18       25       22       17       19       18       15       14       19       19       11       10       14        8       11        8        6        8        4        4
        4        6        8       10        7        9        9       11       13       17       18       11       14       13       19       18       22       26       39       22
       26       29       35       32       43       41       60       55       57       61       73       87       88       96      108      126      149      162      171      148
      243      261      323      447      484      568      763     1008     1192     1303     1307     1146      920      683      568      477      374      344      262      228
      196      136      146      120      124      102       81       93       63       72       58       55       45       53       32       28       33       41       26       28
       20       29       27       20       16       20       19       14       16       13       15       14       13       12        6        2        4       11        4       12
       16        4        5       10       13       10        8       13       18       15       13       16        8       22       20       16       27       29       28       33
       35       46       26       31       35       53       54       51       57       68       73       79       91       93       97      113      165      156      192      199
      227      272      320      388      495      659      870     1266     1565     2209     2149     1565     1121      858      642      563      443      354      250      243
      215      191      168      121      114       93       92       81       56       71       62       54       57       40       48       48       37       31       40       16
       21       24       25       27       19       12       11       10       11       11       12       11       11        8       12        4       16        9        9        5
        7        8        8        6        6       10       13       23       11        6       14       23       23       17       12       19       17       16       18       22
       22       29       34       33       43       42       45       52       50       53       75       67       85      108       77      135      109      128      181      182
      237      296      314      446      553      679      913     1333     2126     4629     4578     2082     1195      928      674      527      462      391      282      247
      210      190      169      141      118       94       91       82      104       66       52       63       64       50       40       39       29       30       26       20
       19       36       23       19       25       20       16       12       11       18        8       13       13       11        6        4        9        6        6       10
        7        8       10        8       11       13       18        7       12       14       16       10       19       21       21       22       21       23       34       32
       33       28       25       36       36       48       43       62       59       64       65       71       72      110      102      119      139      148      191      220
      247      297      361      472      537      703      888     1363     2189     4701     4499     2218     1391      943      621      534      389      336      273      230
      212      200      154      128      121       96       92       75       85       74       67       51       44       48       39       43       29       24       27       26
       21       20       21       17       21       15       18       15       14       13       10       20       11       11        9        5        3        5        8        4
        8        5       10        9       11       11       14       13       20       12       17       16       12       16       23       18       24       22       27       36
       34       28       39       32       51       46       38       41       41       65       96      104       83      107      109      142      138      156      160      194
      249      301      337      418      560      691      865     1075     1622     2295     2346     1761     1181      824      604      527      394      357      280      215
      206      180      133      137      127      106       84       73       79       77       53       60       42       44       42       39       36       32       30       30
       27       24       26       10       20       25       11       13       12       11       15       11       10        9       10        5        7        7        9        2
        8       10        9       15        7       15       11       12       18       11       11       13       11       20       19       19       14       21       24       28
       35       29       36       30       45       52       43       53       60       60       61       67       83      108      110      111      124      146      143      200
      233      275      319      395      487      647      725      946     1235     1513     1486     1234      927      730      623      518      402      295      273      210
      203      173      152      161      116      114       82       76       83       56       61       40       48       46       36       33       39       34       29       22
       28       14       20       19       29       27       18       18       13       10       10        8       13       10        9       13        9        5        7        3
        8        4        4       11       10        9        8       11        9       10       15       11       22       10       11       17       21       21       30       20
       16       25       40       16       31       52       43       55       64       65       74       68       83      110      111      115      130      162      169      202
      206      252      314      377      490      521      667      739      816     1028     1047      930      779      643      527      419      345      290      245      223
      204      162      151      134      128      108       87       90       74       81       64       49       51       51       40       29       29       30       19       31
       22       18       22       19       21       11       22       16       18       15       16       14       16       10        9       11       10        8        3        7
        5        4       13        1       10        3       13       11       11       15       16       16       22       18       20       19       18       29       23       28
       24       39       20       30       50       50       38       53       62       70       60       69       78       99      118       92      128      156      174      189
      224      241      287      330      409      455      529      663      703      778      726      680      624      586      479      358      318      272      269      215
      178      170      150      130      123      101       85       68       63       76       57       52       47       55       29       36       37       43       24       27
       25       23       23       15       21       23       14       17       18       15       16       14       15       10       11       11        7       14        6       11
        6       10        6        9       11       19       12       12       11       16       10       12       18       17       20       12       24       19       22       31
       27       26       44       36       41       33       39       45       51       64       66       59       85      101      108      105      127      148      164      170
      227      224      217      302      326      347      471      526      580      617      553      539      455      430      423      304      335      280      215      213
      212      173      138      126      116       86       77       80       52       63       60       51       47       39       38       40       36       32       32       29
       21       21       19       25       28       11       16       16        8       14       12       18       10        8        7        8       10        7        7        5
        5        7        7       10       11        8        9       10       10       11       17       16       17       18       16       17       27       19       19       22
       22       31       34       22       28       34       35       57       48       64       53       59       82       96      103      113      110      112      125      164
      199      209      249      259      297      317      437      445      435      467      487      462      399      400      354      300      270      251      218      196
      152      152      145      121      111       97       75       80       53       63       50       55       50       40       50       33       41       23       27       27
       29       22       22       16       20       18       21       22       17        9       13       10       14        7       14       17       10        9        7        7
        8        8        8       10        9        9       12       14        6        9       12       16       20       17       26       20       17       23       24       16
       25       32       37       32       28       36       46       35       38       38       61       80       82       78       92       93      108      102      144      139
      185      187      216      234      272      338      337      370      392      391      399      352      305      349      291      260      253      208      187      178
      185      143      111      123       91       94       87       71       68       59       49       41       43       52       32       37       40       28       31       26
       20       25       22       12       15       13       13       15       18        6       12       16       15       13        7        6        4        7        8        7
        8        5        7        6       10        8       16       11       15        7       14       17       16       11       15       17       14       14       19       24
       28       25       30       13       37       34       44       40       45       46       64       60       71       86       95       94       96      126      137      154
      141      187      187      241      241      274      262      304      327      288      326      317      285      259      240      251      214      205      161      139
      127      132      112      122      110       76       68       65       55       60       57       31       45       42       38       39       37       26       24       19
       21       17       25       21       14       17       19       12       11       19       13       14        8        8       13       12        8        7        9        4
        7        9        4       13        6       15       13       12        8       14        9       12       16       14       12       13       18       21       27       33
       25       22       40       26       22       38       36       35       51       39       55       83       64       89       97      102      101       97      125      144
      147      151      172      199      210      227      214      257      244      263      295      280      233      238      219      202      157      172      162      118
      122      124       99       98       80       74       73       66       55       64       42       40       47       21       32       31       28       30       29       10
       19       24       18       14       17       10       17       19       18        4       14        7       12        8       12        8        8       11        3        4
        3       10       13        5        8       10       10       11       14       19       18       12       11       11       16       12       19       23       21       26
       24       29       32       28       42       38       41       39       58       41       54       67       73       59       73      108      104      104      104      135
      133      151      147      179      209      199      196      204      221      245      207      229      197      206      191      171      188      136      144      144
      111      129       99       82       97       94       65       68       63       40       46       44       39       53       40       40       28       37       20       22
       21       21       18       21       17       16       17       14        9       16        8        8       10        5        9        6        4        6        4        8
        8        3        5       11       12        6       12        9       14       11        7       15       18       19       14       12       20       19       16       16
       15       28       27       40       28       36       33       25       40       44       69       53       71       62       73       75       96       72      109      113
      116      121      144      146      170      182      163      179      195      210      202      194      170      183      154      180      133      145      138       97
      108       98       92       73       88       49       67       67       58       41       46       43       35       36       32       26       37       35       27       23
       17       27       18       17       20       15       18       17        7        8       10        9       11        1        7        8        4       10        6        5
       12        4       15        5       10       10       11        7        8       10       13        5        9       17       15       14       14       22        8       20
       21       19       25       33       27       30       35       31       40       43       41       56       66       58       61       72       68       93       92       88
      133      123      110      140      166      159      143      194      168      146      163      165      173      159      170      147      125      129      108      106
      119       98       68       96       65       65       67       60       55       47       49       49       39       37       39       31       36       23       19       22
       22       18       19       23       25       16       10       15       15       12        4        8       12       14       16       10        8        5        7        6
       14       12        9        5       12       12       13       14       11        9       10        8       10       19       12       12       17       19       22       27
       24       28       28       23       32       29       27       38       38       36       44       57       47       53       66       79       70       88       72       96
      104      107      137      137      139      140      119      151      138      159      147      134      159      145      143      146      109      140       90       99
       92       86       85       81       57       61       51       71       61       34       40       37       33       28       36       27       30       27       19       21
       22       22       16        9       10       10       15       25       11       13       10       15       13       10        6        9        5        5        5       13
       12        7        7       16        6       11        2        5       13        7       11       20       12       12       13       11       20       19       16       15
       26       25       28       29       34       33       27       40       49       49       38       41       64       52       60       61       68       61       88      109
       93      114       98      117      112      125      110      118      143      130      132      128      113      117      120      136      107      104       75       95
       79       64       64       67       64       65       61       34       50       46       40       29       26       39       34       37       28       30       25       17
       12       18       20       10       15       14       12       10        4       15       13       10       11       10        6        8        7        6        9        4
        4        5        5        5        5        6       11        2       11        7        8        6       11       15       15       13       23       19       15       25
       20       20       24       29       30       33       38       37       35       35       42       54       52       48       51       70       72       73       79       83
       77       84       86      116      107      114      104      108      112      124      121      104      121      113      107       97      101       88       84       83
       60       67       67       56       55       61       53       47       41       34       41       32       39       29       26       33       22       24       19       31
       13       17       14        7        6       12       12       14       12       17       10       11        5        9        8        6        7        8        9        9
       11        3        1        3        9       11        6        8        4       10       12        9       17       15       12       19       24       18       26       17
       25       21       17       27       26       47       28       36       37       28       53       49       46       56       59       67       66       71       75       81
       81       82       97      105       92      107       93      104      107      111      111      100      103       86       88      105       88       81       80       78
       66       68       66       71       51       54       55       48       33       42       46       37       40       41       25       27       27       26       18       18
       18       10       14       14       12       11       15       11        7       15       12        8       11        6       10       10        5        5        5        6
        2        8        4        5        7        7        4        7       10       10       13        8        9       12       22       12       10       17       21       17
       28       12       27       23       26       22       39       35       33       38       37       38       40       36       62       48       62       62       75       59
       60       74       73       73       94      103       89       87       99       89      112      105       92       89      103       89       78       82       72       79
       62       57       54       54       51       50       55       35       48       35       31       36       31       21       22       29       20       27       16       19
       16       20       10       12       14       11        9        7       11        9        7       13       11        7       10       15       10        4        9        2
       13        5        7        8       10        8       16       10       11       12       12       13        9       17       15       11       15       25       16       20
       12       14       28       20       17       23       33       26       32       35       38       47       46       42       40       52       53       62       43       68
       71       69       73       83       87       72       75       73       73       61      112       91       81       93       75       79       74       84       71       67
       71       61       62       55       55       35       42       48       36       27       29       29       27       25       29       19       24       25       24       13
       11       22       14       16        9        4        7       12       10        9       12       14       11        6       16        9        9        1        6        4
        3        5        6        6       17        9       18        9        9        6        8       14        4       20       16       15       21       20       18       18
       14       24       23       17       27       20       23       24       29       33       37       34       38       44       47       47       47       51       45       56
       52       54       78       72       82       75       93       70       75       85       62       73       90       69       67       54       75       59       66       62
       68       61       40       49       44       43       30       40       38       29       25       28       25       21       18       26       28       22       24       20
       14       13       15       17       12       13       11       12       15       13       16        9        6        5        6        7        2        7       10        7
        8        9        6        7        6        6        8       13        8       11       16       18       11       17       26       17       12       19       20       21
       25       14       25       26       24       32       28       24       24       27       21       26       38       36       40       57       44       62       57       44
       67       58       81       62       59       51       63       70       68       62       82       76       83       70       64       66       62       63       57       84
       52       54       48       38       45       41       33       29       33       31       28       20       26       30       26       18       23       20       17       19
       18       12       18       12        7       19       10       15       15        7        6       10        5        9        9        5        6        2        8        9
        8        6        8        7        7        8       11        8       11        8       11       13       12        5       15       11       12       16       22       20
       14       18       17       15       18       23       25       27       26       14       30       26       37       39       41       35       44       57       47       39
       52       49       66       63       46       56       55       48       54       72       44       59       57       63       66       51       57       50       53       42
       41       29       42       34       46       39       37       34       32       31       25       26       20       21       26       19       15       16       23       16
       24       10       18       15       17       20       15       11       13       16       12       10        6       11        4        4        7        8        9        3
        4        4        7        6       10        8        7        5        4        8       11       15       19        5       12        9        9       21       18       20
       16       25       18       20       16       27       21       20       31       28       26       34       28       38       36       38       31       38       35       46
       48       51       55       44       45       50       56       41       62       57       56       65       72       61       54       46       45       51       40       54
       41       43       45       36       37       27       41       30       21       24       23       23       25       20       25       20       21       17       22       16
       15       13       13       11       13       12       10       11        6        9        8        8        7        5       10        7        6        1        4        6
        8       12        6        9        7       11       15        6        9       13       11        8       13       13        8       18       12       14       21       16
       13       11       18       18       17       26       23       26       20       27       28       29       43       29       40       39       38       42       44       37
       50       45       48       51       56       42       43       51       54       63       51       38       50       46       40       57       41       47       56       41
       48       39       35       34       31       30       51       39       32       30       25       24       21       19       22       18       17       16       14        9
       13       17       21       10       12       11       13        9       10        9        8       10        9        9        4       11        8        7        7       11
        4        6        9        7       10       11        9        9        8       17        6       12       10       12       13       13       17       12       11       19
       16       21       21       16       16       14       21       21       24       20       32       23       34       31       25       30       37       34       35       33
       46       42       45       45       46       58       48       55       51       41       55       52       44       48       38       39       46       49       36       45
       33       35       39       28       41       22       24       22       34       28       26       17       25       24       16       21       14       19       12       13
       13       11       15       21       14       11       14       14        5        9        8        7        8        9        8        7        9        4        6        7
        7        2        9        4        6       17        8       13        3       13        8        9        8        8       13        5       13       16        9       19
       14       14       18       17       20       24       11       19       20       19       26       20       35       21       33       33       36       35       40       40
       36       37       45       37       28       41       53       47       48       38       47       36       42       55       44       43       37       43       33       28
       32       33       37       17       32       26       30       31       35       24       31       21       16       16       17       18        8       18       17       14
       19        8       21       13       10       13        8        9       11        6        9        5       15        3        7       11        3        7        7        5
        9        3        8        7        5        8        4        3        6        9        9        8        8       12       11       11        6        6       14       23
       10       13       18       16       19       20       15       22       23       13       26       20       16       28       33       37       28       27       23       40
       44       38       39       40       33       40       36       47       36       46       48       45       38       43       54       42       31       38       28       35
       39       37       34       37       22       26       17       22       33       32       24       28       23       15       16       16        9       15       22       20
       11       12       12        8        7       12       17        6       14        9        8        8        7       11        7       10        8        4        3        2
        6        3        6        7        6        4        2        4       13        6        9        9       16       10        6        9        7       11        4       16
       12       12        5       20       14       14       16       28       20       16       19       22       31       28       25       21       30       30       23       25
       30       30       33       37       28       30       36       34       36       38       40       34       35       28       38       28       33       42       42       28
       30       30       21       22       34       30       20       28       23       19       13       19       18       16       19        9       17       17       16       12
       12        9       21        3        7       13        9       18        9        6       10        4        6        6        3        6        9        4        9        4
        4        4        7        9        9        4        4        9       11        2        8        9        7       11        6       11        8        5        7       12
       22        8       11        9       21       24       15       18       19       18       22       20       30       29       26       22       22       22       32       23
       35       30       39       22       30       28       36       31       28       43       37       38       44       28       36       28       36       35       37       30
       23       23       19       18       24       27       28       20       18       21       27       16       17       13       16       21       10       18       12        9
       15        9       10        9       12       12       12        4        7        3        5        9        5        5        7        4        5        4        2        4
        4        6        4        3        7        8        7        7       10        9       10       11        9        5       14       14       11        8       10       12
       15       14       15       13       14       13       15        9       25       20       27       28       21       20       21       21       19       23       29       25
       21       33       37       33       27       31       34       36       30       38       30       29       32       25       36       27       27       26       30       32
       27       22       20       21       26       22       15       22       26       17       22       17       16       10       15       19       14       11       18       13
       11       11       16       15        6       10       10       15        6        9        7        7        7        7        4        4        4        5        5        3
        7        3        8        6       11        7        7       10        5        9        6       14       11       13       13       10        9       14        4       10
       15       10       13        9       11       16       19       11       29       16       20       16       21       25       15       26       21       27       21       24
       27       19       21       28       23       32       21       28       21       30       33       28       29       17       33       34       26       19       28       26
       23       31       23       16       20       19       23       24       24       13       15       26       24       21       12       19        6       15       11       13
       15       11       15       13       10        9       13       12       13       14       10       10        6        9        8        6        6        6       10        3
        4        4        7        7        6        4        6        5       10        4        4        7        5        9        8       12       13        5        8        9
        7       14        9        8       12       11       12        8       14        9       18       16       22       19       19       17       23       21       25       27
       15       28       32       25       26       23       24       25       32       19       26       21       22       21       26       31       23       22       24       24
       16       35       16       19       13       28       19       21       21       16       10       11       13       13       18       14        8       17       10       14
       16       10       10        9        8        6        7        5        8        6        7        2        3        6        3        3        7        5        5        5
        2        3        6        9        6        9        4        4        7        3        5        5        5        3       10        7        9        9        7       10
       12       14       15       17        8       15        8       14       15       14       14       18       14       17       18       12       21       21       20       21
       19       16       18       28       19       29       22       18       19       27       27       24       19       22       25       24       32       20       30       22
       30       36       25       16       20       15       20       14       18       15       11       19       10        9       18       10       12       13       15       14
       19        3       12       10        6        7       15        4        8        3        9        8        4        3        5        7        7        7        5        4
        7        4        8        5        5        8        8        9        6        4        8        8        9       10        7        6       15        8       12        9
       10        3        8       17       15       14       14       14       13       10       18       18       22       15       23       24       12       25       16       19
       16       18       12       24       29       22       26       18       19       16       20       20       18       26       27       29       22       22       18       16
       22       14       19       22       23       16       21       13       14       10       14       12        9       18        9       11       10       14       15       17
        9        5       11       12       13        7        8        9        5        9        6        6        7       10        3        5        9        5        3        9
        3        4        4        6        6        8        9        6        8        8       12        6       12        4        9        9        6        9        7        9
        5       10       14        9        7       11        9       19       12       14       10       12        8       19       25       12       25       16       17       13
       19       23       16        8       15       25       24       12       19       21       29       18       30       24       28       30       19       18       24       21
       17       12       19       29       15        5       12       17       12       12       11        8       15       19       17       15       12        7       15       11
        8       12        5       10        4        5        8       10        8        3        4        7        2        8        7        8        3        4        7        4
        6        2        1        8        5        0        6        4        8        9        8        5        8        5        5       11        4        8       12        4
        5       15        7       13       15       14        4       14       13       10        9        8       17       13       12       18       13       17       18       25
       20       17       22       25       22       15       15       15       26       28       15       15        8       21       19       23       22       20       15       21
       19       16       15        7       17       13        9       20       14       16       16       11       12       10       12       15       10        5        8       12
        8       10        9       11       12        4        8        9        7        6        9        7        5        6        5        8        8        8        2        5
        3        4        8        3        2        3        5        3        4       10        7       12        6        7        5        9        8       12       10       18
        7        8        9        9        7        5        6       12       14        8       14       18       15       10       15       18       13       25       20       17
       15       15       21       25       16       18       18       16       20       23       12       16       23       21       20       23       29       18       19       20
       21       10       12       25       13        8       10       17       17       12       16       10       13       12       11        8       10       10        5       14
        6       19        9       10        2        8        5        5        7        4        4        6        3        6        4        6        5        7        5        3
        4        4        8        6        5        6        3        5        2        3        5        3        8        8        3        3        7        6        8       14
       10        6       10        6       11       13       15       11        9       10       14        8       14       11       21       14       12       14       16       22
       22       12       15       15       18       21       17       30        9       25       16       11       16       20       22       15       18       19       12        6
       19       17       12       19       16        9       15       20       12       16       11       17       11       14        8        5        6       13        8       13
        8        4        5        7        6        7        7        8        3        6       11        8        9        6        9        6        1        6        9        5
        3        9        1        2        4        8        6        1        4        7        7        2        4        7        2       10        9       10        7       12
        6        8        6        8        9       11        9       12        6       14       13       12       13       21       16       17       13       10       23       11
        9       14       23       17       17       21       11       15       17       18       12       16       21       16       11       15       12       14       10       21
       19       14       22       14       14       13       17       13       14        5        7       16        9       11       12       12       11        7       14       11
       10        6        9        8        6        1        6        6        3        5        6       10        4        6        0        5        4       10        2        1
        3        3        5        7        3        1        3        3        6        5        6        6       11        6        7        9        3       13       13        6
        7       11       10        6        7        9        7       10       14        9       12        9       14       14        6       12       12       14       14       16
       15       15       15       14       22       19       18       16       18       13       12       21       15       19       14       13       15        8        4       10
       22        6       10       10       12       11        7       15       14       10       11        9        5       11        6        8        7        7       11        6
       10       11        7       11       10        4       15        5        7        4       11        4        8        7        5        0        4        3        2        8
        3        6        6        5        6        6        4        5        7        5        4        6        2       10        8        6        8        5        6        8
        7       11        7        5       11        5       15        5       18       12        9       13       12       12       12        6        9       13       19       14
       13        7       16       22       19       15       11       10       16       18       17       17        8       13       14       17       15       16       21        9
        7       15        9       15       15       16        8       10       10        7        6       21       10       11       15        6        8       13        8       18
        8        3       13       10       11       10        6        6        4        3        4        7        5        7        6        4        2        9        3        3
        4        7        5        4        7        5        2        4        9        4        7        7        4       13        5        2        7        5        3        5
       10        7        8        5        7        8       12       12        5        7        6        7        9        7       11       11        9       10       12       15
       20       17        9       14       16       14        9       17        7       14       11       17       14       14       15       11       12       20       14       14
        8        8        8        9       12        4        5       10       12       15        9       10        6        3       13        5        8        5       11        9
       10        9        9        8        8        9        5        7        6        4        3        3        5        4        8        2        6        5        5        6
        3        3        4        2        4        2        2        8        5        1        5        2        3        6        6        6        3       13        9        7
        5        4        9        2        4       10       10       17        5        7       10       12       10        8        9        9       18       16       14       13
        6        9       15       18       10       13        9        8       13       15       14       13       13       12       11       22       14        3        5        6
        7       10        9       14        5       13       10        3        8       11        8       11        7        9       11       10        7        9        8        9
        9        8        8        5        4        8        2        4        8        6        6        4        2        4        5        2        2        6        4        4
        1        3        4        3        1        5        2        7        4        3        4        4        7        2        5        6        7        4        6        5
       10        6        2        6        8        3        4        8       10        8        7       14       11        5       15        7       10        9       11        7
        8       13        9       11        7       10       15       12       16       14       21       16       14       12       10       16       11       12        9       10
       11        6        8        8        6        8        6        9        9        4        8        9        8        4        9       10        8        6        5        8
       10        5        6        9        7        5        6        5        3        5        6        5       10        2        5        2        1        4        0        5
        2        3        3        8        2        6        5        8        1        4        4        7        6        5        2        2        4        1        7        3
        8        4        5        7        7        6        9       12        6       11        6        5        6        8       13       13       13       14       10       11
        8        6        8        9       12       12       12        4        8       10       11       11        8        6       20       12       13       10        6        9
       10        4       11        9       10        8        8        8        7        7        7       13       11       10        4        6        7        5        7        3
        6        8        4        4       11        6        6        8        1        5        3        4       11        7        4        1        2        5        3        5
        4        2        2        1        6        2        6        4        4        3        5        5        7        3        1        5        7        3        1        8
        7        9        6       11        6        8        8        3        8       11        8        8        9        5        8       18       12       11       14       10
        7       12       10       11       13        9       11       13       13       17        8       11        9        5        9       10       11       11        6        6
       11       11        7       11       12       12        5        6        7        9        6        4        8        6        5        6        3        5        4        6
        6        5        8        4        2        5        7        2        5        5        5        3        5        9        5        0        3        3        5        5
        4        5        2        2        4        3        7        2        0        3        1        5        3        1        7        5        7       10        5        3
       16        5        8        6        5        9        6        2        6        8       14        5        4        9        4        7       11       10        9        7
       12       10       14        8       10       15        6       11        7       13       11        2        9       11        3        6        5       11       11        6
        4        4        7        6        7       11        6        5        5        5        7       10       11        9        6        7        8        3        7        8
        3        7        7        4        6        3        5        7        4       10        6        8        3        1        2        6        1        4        1        5
        5        4        5        1        1        4        8        6        3        4        4        3        8        2        4        4        8        8        2        7
        5        4        8        6        7        2        7        6        7        8        7        8        6       12        6       10        5       17        5       10
        6       16        9        8       11        7        6       10       11       10        8       13        9        9        5        9        8       10       12       13
        7       12       12        4        7        7        4        4        3        8        9        2        5        5        8        3        5       14        5        6
       11        2        7        6        4        4        5        5        7       10        6        7        2        3        6        4        2        1        8        2
        3        0        3        6        3        5        4        5        2        3        3        2        4        4        7        5        4        8        4        8
        2        3        6        7        8       10        7        8        9        6        8        8        8        5        8        4        6        7       11        6
       12        7       11        2        9       13        6        9       10        3        4       10        8        5        9       12        8       11       11        7
        7        4        9        9       12        8       12        6        4        6       11        4        1        5        9        3        6        5        5        9
        9       10        7        4        9        5        5        1        2        3        7        7        1        3        3        2        3        1        5        2
        2        2        2        6        5        2        3        3        4        5        5        2        2        8        7        2        5        5       12        7
        5        7        4        3        2        4        6        4        8        2       15       10       12        5        7        5        9       10        5        9
        6        8       12        6        7       19        7        7        5       13        2        5        8        8       10        8        8       11        7        9
        6        7        7        6        9        9        4        7        4       11        9       10        6        4        7        2        4        3        7        5
        5        2        8        8        7        4        3        9        5        5        3        3        3        5        4        2        2        1        0        3
