        2        3        2        2        1        3        3        1        2        2        1        5        2        6        2        3        5        2        3        2
        7        2        3        5        3       10        7        8        3        4        6        7        2       11        8        4        7        7        7       10
        8        3        8       10        4        6        3        7       13        5        4        5        7       10       11        3        8       13        8       12
        4        6       11        4        8        7       10        8        6        2        8        6        2        4        6        1        3        4        5        8
        3        1        2        2        4        5        3        5        5        1        3        3        6        2        3        5        1        4        3        1
        2        1        1        1        6        7        3        0        3        9        5        7        3        3        2        1        5        6        3       10
        3        6        3        6        7        6        4        5       11       10        9        3       10        7        6        6        8        9       13        7
        9        7        5        5        9        8       10        8        3       10        5        4        7       10        5        6        9        8        6        8
        6        6       10       10       14        7        4        5        5       10        5        6        7        4        4        0        2        6        4        4
        7        6        6        5        4        8        1        5        5        4        4        3        6        3        1        3        2        3        3        2
        4        3        3        2        2        4        2       10        4        5        7        2        4        4        8        5        8        3        8        5
        3        6       10        3        7        6        6        2        7        5        6        9        9        5       11        8        6       10       11       17
        8       11       11        9        4        4       16        9        4        8        9        7        7        5        4        5       11        5        9        5
       12        8       11        7        3        8        8        5        4       10        5        9        9        6        8        6        6        5        5        5
        3        5        2        5        1        6        5        3        4        4        6        4        6        6        6        1        3        4        1        6
        1        1        2        3        7        2        2        4        1        3        5        2        4        6        0        3        6        5        3        6
        8        5        5       10        4        6        5        8       11        2        9       10       12        7        4        8       14        8       10       15
        4        6        7       13        9        7        7        5        9       11        9       11        9        7        8        7        8        9        7        8
       11        8        7        8        3       12        9       10        7        4        8        7        3        6        4        5        8        4        6        3
        4        5        5        5        8        4        6        1        5        6        3        5        1        6        3        4        5        3        4        5
        8        3        1        2        3        2        2        2        2        1        2        6        8        5        9        5        2        7        4        8
        2        9       11        4        3        6        5        6        6        5        9       13       10       11        5       10       10        7        7        7
       10       10       12       12       13       14        5       10        9       12        7       12        6        9       11       11        3        8       10        6
       10       11       14       11       11        6        8        5        6        8       12       12       10       13        8        2       13        6        6        3
       11        7        5        1        4       10        7        3        0        5        5        4        4        2        5        4        6        6        3        5
        3        2        2        4        1        3        2        2        2       10        2        3        2        6        6        5        7        5        4        8
        9        3        5        2        5        7        9        8        9        3        9        7        7        8        4       11        8        5       16       12
        7       12        8        9        6        3       18       15        7       16       11        9        7       12        6       11       13       17       11       10
        8       17        8       11       12       14        7        7       12        4       16       12        8        6        4        6        7        5        6        2
        3        6        8        7        4       14        4        4        6        2        5        6        3        4        5        5        3        1        6        1
        6        2        2        0        1        5        6       11        7        3        4        6        5        9        1       11        6        9        5        5
       11       16        4       11        6        6        8        8        8        5        4        6       10       15       10        9        7       11        8        8
       15        8       11        9       11       12       11       19       17       17       13        6       12       10       13       12       10        9        9        9
        9        8        8        7        9       11        3        7       13        7       14        5        7        7       13        9        2        9        4        8
        6        3        6        8        6        6        2        5        4        6        2        3        5        3        2        2        4        7        0        5
        3        5        4        4        5        8        4        4        5        3        6        8        5        5       12        5        7        5       12        6
       11        3        8        6        8        9        3        8       11       12        9       14        7        5       15        9        9        6        9        8
       11       10       10       10       12        9       14        9       10       15        6       12       11        5       19        8        9       12       12       11
       13        9        9       16        6       10        5        7       12        7        9        8       13       11       11       10        7        9        7        6
        7        5        5        5        5        7        3        7        6        5        1        3        4        5        3        4        2        4        2        2
        1        6        4        2        1        4        3        5        7        5        3        1        4        8        5        6        7        8        8        6
        9        9        9        8        5        8       12       16        7       10        8       11        5       10       13       11       15       15        7        6
       12       11        9       11        6       19       11       13       14       11        9        9       12       16        9       17       14       12       13       13
       12       10        7       10       13       15       10       12       15       12        7       10       11       14       11       10       11        6        7        9
        7        8        6        7        4        6        7        5        6        0        5        9        5        3        4        5        3        3        4        6
        4        7        2        4        4        0        4        4       13        4        6        5        3        5        0       12        8        8        8        9
        5        7        8        6       15        6       12        4        9       11        8        9        6       10        5       11       12       11       15       16
       12       11       13       10        8       12        9       24       15       14       20       19       11       18       10       12       10       15       11        9
       13       13       13       11       11       15        9        6        5        9       13       13       12        8       10       13       10        2        9        8
        4        7        6        7        9        9        5        9        6        4        2        4        3        4        5        5        1        3        4        5
        5        4        5        5        4        4        2        7        2        4        2        1        6        4        7        6        5        7        6        4
       18        7        7       11        1        5        6       10        8        8       11       10       10        6       19        9        7        9       12       15
       20       14        7       20       20       14       12       18       23       12       17       12       15       15       17       10       27       10       15       10
       15       16       16       11        7       15       15        5        8       16        9       10       11       11        5        7        7        5        6        8
        9        5       12        5        3        6        6        9       10        5        9        4        2        5        4        3        4        4        2        3
        2        3        3        3        2        5        2        4        9        4        4        3       13        3        7       10        9        4       11        9
       12       11       14       12        7        6        8        8       11       20        8       22       14       13        9       18        9       13       21       15
       10       13       13       12       17       13       11       16       12       21       16       19       16       20       18       17       14       12       12       17
       12        5       11       21       10       16       15        8        9        6       14        8        5       13       11       11        3       10        7       10
       10        3        5        7        5        6        9        6        5       10        6       10        4        3        5        4        6        2        5        4
        7        8        4        2        5        2        7        5        3        5        0        9        8        7        6        8        7        4        7        6
        3        8       14        8        7       10       17       11       11       12       15       16        9        9       13       14       15       14       17        9
       19       19       23       19       12       15       11       16       18       22       16       13       15       20       24       19       19       18       10       12
       21       20       14       14       11        8       18       11       13       12       14       11       15       16        7        9       12       11       10        5
        3        7       10       10       13        9        7        6        5        6        2        3        7        5        6        3        2        4        2        2
        6        3        6        2        1        6        7        5        4        8        1       12       11        6       11        6        7        8       10        4
        9       10       10       15       18       13       12       18       10       13       22       13       12        6        8       20       12       20       22       13
       19       20       14       15       11       18       15       17       20       20       23       14       15       29        8       21       22        9       12       16
       17       19       19       12       15       14       10       14       17       16       13        8        6       14       14       11        7       12       14        8
        4        7        7       12        5        6        0        6        6        8        5        5        7        6        2        8        8        4        6        0
        2        7        6        2        5        6        6        1       11        6        7        4        4       10        8       10        7       16       11       13
        9        3        9       10        9       12       11        8        7       15       15        9       18       18       13       25       14       17       18       23
       11       13       22       15       23       19       24       25       15       24       21       21       17       23       21       17       11       17       18       16
       18       23       15       18       18       10       19       15        9       10        6       11        9        9       11        7       21       12        7       13
        7        9        6        9        5        9        5        6        7        6        4        2        5        1        9        5        8        2        2        7
        2        4        9        5        4        2        4        7       13        5        7       10        6        5        4        7        6        9        7       12
       11       11        7       17        9       12       13       11       11       12       11        9       16       16       10       15       17       16       16        7
       19       10       18       19       25       25       12       22       29       17       21       12       17       15       22       16       15       25       18       20
       19       18       19       17       24       14       14       15       12       17       17       12       11       13        9       16        8        5        8        4
        7        5        5       11        5        8        4        9       12        5        7        4        9        7        8        6        4        6        3        3
        7        4        2        7        6        7        5        7        4        6        8        7        8       11        9       10        5       17        7       11
       10        7       13       15        7       14       12        5        7       10       15       20       17       12       18       14       11       14       17       21
       28       23       22       15       29       24       21       25       17       22       19       21       24       18       20       23       19       19       13       20
       20       18       21       11       17       15       21       13       13        7       12       18       14       10       10       16       15       10       10       11
       12       11       12       13       12        7        9        5       11        5        0        3        4        7        6        3        7        4        6        9
        7        4        4        4        6        5        6       10        9        7        7        9        8       13        7        6       17        8       10        7
        7       10        8        9       16       17       17       13        7       10       17       10       15       15       19       10       18       17       23       23
       19       24       24       18       16       29       20       25       36       26       16       23       25       32       20       26       24       25       24       18
       19       25       15       19       15       15       18       19       17       19       21       12       20       11       16       12        8        7       13        9
       12        7        8       11       14        2        6        8        6        3        5        9        5       10        3        1        0        5        2        1
        2        6        3        5        3        2        5        5        7        6        9       11        7        6        8        8       13        8       12        9
       16       11       16       11       17       14       10       17       18       13        9       16       25       20       21       14       18       20       16       21
       23       18       19       24       21       21       30       19       29       31       20       21       35       28       33       28       29       25       20       28
       24       26       20       18       16       12       19       16       15       19       22       12       13       18        9       24       11       10       10       13
       10        8        9       10        9       12       11        5        7       10        3        7        6        3        8        7        8        5        7        5
        4        7       12        7        8        8        9        8        5        8       12        9        4       11        8        7        6       14       12       11
        8       15       13       13       15       16       14       19       16       15       11       22       18       21       24       23       14       23       25       22
       16       24       17       22       29       24       34       27       24       29       30       37       26       16       34       37       16       21       23       31
       16       18       22       20       26       23       16       15       22       15       14       11       21       25       16       15        7       12       12       15
       14       12       12       14        6        8        7       11        8        6        5       10        5        8        7        3        5        4        4        3
        1        5        3        8        7        5        3        9        7        3        8        7        9        6       10       15       12        8        9       12
       12        9       14       23       20       16       18       13       14       11       14       14       12       32       28       28       30       19       26       24
       15       32       26       36       16       36       23       29       27       26       26       40       36       17       36       22       30       32       29       25
       30       26       20       18       20       20       21       20       20       14       16       14       13       19        9       25       13        6        7       13
        9       14        9        8       11        1        5       10        6        4       13        5        3       10        3        8        3        3        4        2
        7        6        4        3       10        8        7        7       12        7       15       11       11       13       13       13        9        6        7       11
        9       10       15       17       17       19       18       30       21       14       26       21       18       36       27       31       25       13       38       14
       19       35       26       29       32       38       23       28       40       35       24       24       29       30       36       40       22       36       30       39
       29       30       29       16       21       21       24       23       17       14       17       20       24       17       17       17       18       14       11       10
       16        7       14       13       10        6        7       11        4        4       10        4        4        5        9        6        7        7        5        4
        2        2        4        3       13        4        8        9        6        5        4        3       10       12       12        9       11       15        9       10
        9       12       10       16       16       11        9       13       13       24       20       27       20       20       26       27       24       24       27       27
       37       38       33       23       24       38       33       41       25       28       26       37       22       34       27       26       38       25       26       22
       26       27       25       29       26       29       30       23       23       24       21       26       21       24       22       12       19       12       14        8
       14       16        9        6        9       11       10        6       10        5        9        3        3        7        4        7       10        5        8        3
        4        4        5        5        7        4        9        8       10       13        9       11       13        8        8        5       13       11       16       13
       15       22       12       15       11       16       21       25       24       23       26       21       29       24       20       36       33       47       32       34
       30       43       36       39       35       47       36       31       39       40       42       42       40       29       40       34       40       39       42       44
       31       28       31       23       33       17       29       14       16       27       24       19       14       16       17       28       14       19       13       16
       13       10       12       14        9        8        4        4       10        6        8        9        6        4        8        2       10        7        1        4
        2        3        4        3        9        7        3        3        5        7        5       12        6        9       10       16       12       17       15       15
       21       10       17       10       24       13       19       17       18       23       26       21       20       25       26       27       21       36       29       23
       27       30       38       42       41       39       39       38       35       49       36       29       36       29       39       41       33       29       34       24
       29       29       26       33       33       28       37       28       22       22       20       26       20       20       12       13       14        7        9        8
        7       15       12       15       10        9        8       13        6        6        8        8       11        8       11        8        5        5        7        5
        6        7        8        6        3        6        6       13        7        7       12        8       10        9        9        6        9       15       15       15
       17       12       12       14       27       18       23       20       26       25       33       20       26       31       20       41       33       27       40       33
       35       45       44       29       38       57       46       44       39       48       36       34       37       51       48       56       41       44       43       24
       42       36       31       36       39       34       39       29       27       37       24       21       19       25       18       13       14       13       13       20
        7       14       19       11        9        9       15       12        8        9        8       11       10       10        5        5        6        5        6        4
        2        6        4       10       10        3        4       11        4        7        9        8        4       12       14       11        9       10       14       16
       12       18       20       17       17       25       19       23       24       23       29       35       26       30       30       30       29       39       48       44
       56       43       38       46       42       45       48       52       49       55       48       55       44       47       52       43       52       43       46       27
       41       41       40       38       34       20       45       34       32       20       15       25       12       33       21       16       16       12       19       14
        9       11       14       13        9       15       13        4        9       12        7        4        8       13        5       10        5        6        5        6
        8        5        2        3        4        4        3        8        3       14       11        9       14       17        7       15       15        9       16       14
       11       14       18       18       15       12       26       27       22       36       29       29       39       29       29       36       43       47       32       43
       46       48       35       51       42       45       58       47       65       60       43       53       63       50       37       47       41       43       45       40
       36       43       42       28       29       37       40       36       28       36       21       29       32       23       24       15       21       14       20       18
       19       14       18       17       12       12        9       11       14        5        8        6        7        9        8        8        6        8        3        3
        3        5        5        4       11        7        2        5       11       10       14       12        6       11       22        8       15       12        8       13
       15       14       16       19       22       15       20       21       28       34       26       41       33       34       32       40       33       34       42       43
       43       43       61       49       61       57       49       46       50       52       65       62       52       47       53       48       53       51       48       45
       42       44       32       34       25       40       34       33       32       21       34       25       31       21       24       23       26       22       20       23
       12       12       24       14       10       14       13       13       14        8        9        5        6        4       12        7        8        7        7        2
        6        8        2        6        7        8       10        5        4       13        9        8        9       15       16        8       14       15       17       13
       17       26       25       20       28       25       21       35       28       37       24       34       40       29       36       35       40       40       40       52
       49       44       74       59       58       73       57       67       61       75       55       63       63       68       63       66       45       59       43       53
       56       65       36       42       47       31       34       38       35       29       27       18       27       33       21       28       15       12       23       17
       15       15        7       16       13       13       14       11       10        7        9       13        7       11        8        7        7        7        6        6
        5        9        9        6        5        7       13        3       11        6       15        8       11       14        9       10       14       17       16       18
       19       15       20       21       21       22       33       37       28       35       39       24       32       30       43       43       49       41       52       59
       45       67       65       71       62       63       84       69       77       76       79       54       62       59       74       60       49       45       62       50
       61       56       48       47       41       41       33       36       26       27       31       27       23       20       22       24       16       20       16       21
       13       11       14       14       14        7        9        5       15       16       12        5        9        8        9        9        3        7        9        2
        3        5        5       12        6        9        8       12       14        5       10       11       14       14       10       14       17       18       17       20
       15       15       18        6       14       25       27       23       25       37       38       40       34       37       25       43       47       57       49       59
       47       67       61       70       57       79       74       84       74       87       70       70       85       67       73       77       54       70       57       58
       70       59       38       50       42       37       36       37       35       28       35       32       32       23       25       26       23       24       20        7
       20       17       15       13       15       16       16       16       12       10       10        8       10        6        4        6        5        4        8        3
       10        5       10        5       10        7        5        7        8       19        9       10       10        6       12       15       15       18       15       18
       19       21       22       20       15       33       28       30       37       27       39       40       38       44       46       48       51       59       53       63
       80       85       61       67       69       86       85       99       81       73       96       82       76       65       98       88       56       77       80       73
       67       58       56       49       51       42       58       36       44       37       34       35       23       23       24       25       18       28       18       13
       20       22       20       25       10       20       13       17       14       10       12        3        7        4        8       11        7        6        8        6
        6        3        4        4        5        8       12        3       12        8       12        9       14       16        9       18       22       14       16       18
       21       16       28       26       34       27       27       32       32       30       42       43       52       40       49       54       57       51       61       62
       69       76       75       73       76       88       96      107      103      110       90       93       89      110       82       75       82       82       90       61
       78       65       56       60       60       44       53       35       48       34       36       23       31       32       19       21       20       18       19       21
       13       12       14       19       12       18       14       11       15       11        7        8        5        9       13        9        8        8        8        0
        8        7        3        8        8        7        8        6       12       15       11       16       13       15       15       12       20       20       20       14
       27       19       18       28       37       21       27       34       32       49       35       46       45       56       54       47       67       66       76       82
       69       68       80      109       92      105      117      105      101      113      100      117      115      123       98       96       93       88       91       58
       71       65       69       56       46       41       61       48       42       28       29       36       36       27       13       19       16       17       23       20
       20       16       17       10       10       11       19       18       14       10       15        3       11       13       15       10        5        9        7        6
        8        5        4       11        6        9        9       12        9       10       14       14       20       14       15       15       14       25       14       16
       23       22       14       24       32       36       26       37       41       38       41       49       61       52       52       50       64       70       87       78
       78      120      100      102      110      121      122      130      126      129      129      129      109      125       99       97      102      106      110       89
       75       86       74       60       65       57       51       46       53       36       39       28       32       38       30       32       34       23       19       28
       19       18       16       15       20       14       15       12        9       14       13        7       10        9        9       11       10        8        4        3
        8        8        4        8        8       10        7        2        7       12        8        8       13       17       14       16       11       12       26       13
       21       20       23       20       37       40       29       26       39       43       41       34       53       44       60       53       72       86       78      106
      101       96      103      122      143      144      125      135      135      146      133      162      138      122      137      118      117      106      111       76
       94       88       66       74       64       72       57       57       39       44       37       45       29       33       22       24       30       24       19       20
       16       14       20       22       13       17       16       11       18        9       11        9       10        7        8       15        6        7       14       10
        9        8        8        4        8        8       12        6       14        9       19       11       12       17       26       15       16       20       23       21
       20       26       30       26       30       34       37       34       45       44       38       55       59       53       73       67       88       72      106       87
       99      143      103      127      138      147      136      157      162      170      148      159      165      155      152      125      133      117       99      101
      103       95       77       81       60       72       68       61       48       59       47       34       34       37       34       31       30       26       27       28
       19       16       21       25       20       16       13       14       12       10       12       13        7        4        7        7        6        6        9        4
        9       10        8        8        9        5        7        8        5        7       10       18       11        9       18       13       21       23        9       14
       27       30       25       25       28       26       43       40       38       37       45       51       69       61       76       71       95       89       89      109
      115       98      130      167      145      151      191      172      186      180      185      169      220      186      165      141      158      132      118      114
      111       95      100       73       80       68       64       60       62       46       54       38       40       45       39       40       15       19       32       28
       24       23       18       14       16        6       19       20       19       14       11        9       10        6       12        3        5        4       11       12
        7        9        8        4       11        7       15       12       10        7       13       14       14       13       10       13       21       25       14       21
       21       21       26       23       35       33       47       43       52       38       46       51       59       68       63       74       82       88       89      126
      114      119      158      153      172      181      184      187      217      221      204      220      212      193      180      177      154      156      137      110
      104      110      102       86       95       60       50       56       51       46       45       36       40       34       39       34       21       26       28       22
       26       18       25       24       17       23       20       12       10       18        8       11        9       12        6       10        6        5        5        9
        7        8        6        4        8       10        7        5       13       12       10       12        6       10       20       13       19       28       16       23
       23       25       27       35       40       32       44       42       45       40       36       62       51       77       80       72       85       90      100      136
      141      145      167      152      183      213      217      214      220      243      229      221      211      240      229      222      188      162      145      140
      105       98      114       89       82       69       78       56       47       55       58       45       48       23       40       39       30       23       28       20
       21       18       23       16       18       13       19       22       11       17        1       11        7       10        7        7        8        7        3        5
        7       10        7       11       15        4       16        8       13       11       11       14       15       19       22       15        8       22       20       22
       22       33       28       31       33       39       34       49       53       48       45       56       63       89       65       71       95      103      115      132
      147      160      173      232      222      228      226      240      268      279      302      261      224      232      228      180      173      202      155      153
      140      123      104       97       77       89       81       62       52       49       39       53       39       44       22       36       33       30       25       37
       16       21       23       19       32       14       11       15       13        8       22        9        9       16        9        7        8        5        4        8
        5        8        9       12        7        9        7        6        8        8       21        8       11       14       12       19       19       18       23       25
       21       23       21       35       35       33       42       39       45       45       58       71       67       82       83       81      113      102      129      184
      177      191      194      219      238      247      307      288      341      326      351      319      291      287      297      223      241      219      166      164
      157      112      126       98       90       75       86       66       62       61       59       48       48       32       47       38       23       27       28       29
       22       18       28       28       20       18       16       11       19       11       14        9        8       10        7        3        6        6        8        5
        7        7        8        8       11        6       12        6        9       13       14       17       13       12       18       13       11       17       18       15
       20       30       42       32       46       40       38       39       64       61       59       77       63       87       96       84      104      136      133      148
      196      202      209      249      263      323      360      385      415      415      410      396      408      327      322      246      243      214      179      153
      165      125      115      102      105       89       81       66       65       60       47       40       47       43       36       39       36       41       34       18
       28       24       20       18       23       17       22       18       18       11       11       13       11        7        5       12        9       12        6        5
        7        8        5        8       10        6        9       13       12       11       15       14       12       13       17       13       22       13       18       28
       24       26       39       39       36       48       43       38       55       49       53       60       66       82       78       83      106      119      147      176
      203      218      218      292      306      390      424      481      531      495      529      465      503      406      336      328      264      253      183      219
      150      120      108      118      111       78       68       71       57       52       69       42       45       40       25       46       34       34       30       15
       31       17       16       19       20       15       18       14       10       10       13        5       16       12        6        7        4       10        9        7
       11        7        2        6        8       10       12       20        6       11       14       16       15       14       21       14       21       15       29       22
       23       25       24       44       28       40       48       47       50       69       59       70       70       88       96      100      124      153      142      210
      227      240      269      291      362      417      458      554      603      708      633      581      532      507      417      337      287      239      216      169
      150      177      121      110       98       80       85       74       69       63       56       52       42       27       39       32       32       31       27       22
       19       26       28       22       18       14       10       13       10       12       16        7       14       15       13       10       12        7       10        5
        3        7        5       10        2       12       10       11       12       14        9       11       10        9       20       22       23       18       22       29
       35       34       32       32       36       47       37       51       50       54       63       66       72       89       86       75      128      168      176      194
      236      233      255      320      387      462      568      715      804      905      838      769      682      587      473      362      356      256      226      216
      202      159      139      121       97      104       91       83       78       62       55       68       45       53       32       33       37       29       29       32
       27       25       22       21       23       24       20       16       12       18       19       13       12       15       14        9        8        7        9        7
        5       12        9        7       15       13        9        6       11       11       17       18       20       15       14       19       16       28       22       14
       25       29       39       31       33       42       43       54       58       55       63       80       75       87       95      110      112      144      160      216
      224      286      306      379      424      520      689      854     1091     1301     1197     1050      822      691      523      444      342      274      261      234
      193      162      127      114      121      116       73       78       51       57       61       56       64       45       46       37       28       31       35       27
       24       28       19       18       13       16       22       14       10       11       12        9        9        9       10       11        8       10       13        7
        7        9        7        9        5        8       10       16       12       15       12       16        9       19       17       19       24       21       16       29
       32       24       31       35       30       39       54       66       53       57       67       77       76      103       94       96      130      147      196      201
      233      259      353      377      526      623      767     1200     1467     2105     2120     1435     1040      741      596      459      420      326      289      271
      188      203      147      114       98       90       95       80       50       68       55       60       52       53       54       40       39       32       31       21
       24       19       27       22       18       15       14       16        9        8       17        9       10       11        7       11       10        7        6       10
        9        5        8        4        7       10       12        6       11       12       11        7       19       15       17       15       23       33       29       22
       23       21       31       33       32       52       48       31       47       65       73       74       85       99       94      107      148      152      150      192
      237      261      364      368      483      660      858     1187     2039     4738     4201     1960     1200      824      634      546      408      334      256      234
      193      185      138      128      112       98       88       90       69       64       62       46       44       46       35       35       41       28       27       25
       28       20       24       25       18       10       10       13       17       12       13       12       18        4       14       11        8        5        7        4
       13        9        7        6       16        7       15       10       14       19       15       18       19       26       16       15       19       21       17       24
       31       25       30       35       37       36       43       42       65       57       61       65       76       86      105      107      136      140      173      170
      241      259      343      405      488      664      867     1196     1975     3949     3911     1895     1168      832      626      506      397      332      273      236
      211      175      144      140      114       73       83       78       62       65       65       61       52       51       37       27       37       28       41       31
       28       24       27       20       19       23       12       19        7       12       14       11       10       13        7        5       13        7        8        7
        1        8       16        9       12        8       10        9       19       15       18       14       12       12       15       14       18       21       12       35
       25       32       32       29       34       47       50       39       57       58       71       83       74       89       93      104      124      143      166      156
      220      281      292      390      485      596      794     1095     1519     1998     1852     1403     1001      707      658      476      408      334      262      206
      193      208      147      121      103      107       75       67       91       61       59       49       48       54       38       35       34       29       24       31
       22       29       18       17       12       15       19        3       12       16       11        4       12        8        6        7       10       10        9        5
       12        6        5        7        7       14        4       11        9       12       13       15        8       11       18       22       18       17       20       11
       23       33       34       26       43       47       46       45       60       53       76       68       63      109      109      124      120      133      176      180
      227      274      298      378      434      591      732      880     1084     1300     1179      999      849      652      576      432      359      306      262      225
      171      149      170      115       93      113       87       74       79       51       38       59       44       39       37       34       40       24       31       23
       29       38       28       22       20       19       17       15       22       16       14       12       12       19        5        9        8       10       14        5
       10        6        5       11        9       10       11       12       15       12       15       18       17       16       19       22       24       23       18       25
       23       30       28       34       50       34       56       47       38       56       62       76       96       84      100      138      121      136      160      198
      207      217      341      371      427      513      581      717      828      899      868      845      648      576      483      389      324      294      262      194
      181      172      136      119      104       90       88       99       66       62       56       45       55       39       36       37       33       37       36       29
       33       20       19       15       14       15       15       11       15       15       13        8        9       10       13        8       13        7        1        7
        9        2        7        7       10       13       10       10        9        9       14       14       14       21       22       19       27       13       29       25
       37       27       23       28       30       32       42       54       50       67       60       66       73       81       96      100      119      145      151      190
      197      232      252      298      374      412      517      576      698      658      652      614      549      467      422      358      317      228      244      198
      172      157      137      130      109      107      104       72       59       59       53       61       43       36       38       29       33       40       30       23
       23       21       19       21       19       16       11        9       20       13       11       17       15        9        6       11       10       15        6        4
        6        7        9        9       14        3        4       10       13       13       15       20       16       11       17       21       20       19       31       30
       23       26       28       32       39       38       48       53       67       54       48       65       77       86      109      108      115      150      146      160
      176      216      268      289      325      414      427      419      473      573      520      529      466      426      354      296      296      230      228      193
      179      151      126      115      130       90       71       73       54       44       54       45       53       45       34       30       30       17       21       19
       33       15       27       22       17       19       14       12       16       15       15        9       12       14        8       11        7        8       10        8
       11        4        8       12        8        9       10       13        9       11       15       10       15       21       14       18       16       27       23       15
       26       24       27       31       28       46       43       52       61       58       74       71       85       78       93      108      103      133      130      171
      181      193      233      219      287      367      358      405      412      393      432      407      364      381      294      296      226      235      193      175
      156      141      144      102      106       77       73       79       63       65       39       48       39       39       45       38       45       27       27       25
       29       19       18       11       15       15       12       13       15       15        8        8       13        8       10       17        8        9        8       10
        5       13        7       10       10       15       12        7       11       16       12       25       15       10       20       23       25       19       20       22
       24       25       21       35       42       32       37       51       42       66       64       57       73       81      113       91      105      120      151      145
      184      188      208      239      242      272      283      303      339      365      358      356      306      307      286      275      204      198      187      159
      163      124      106      111      112       83       70       74       73       55       52       58       46       43       29       32       32       32       37       20
       26       16       13       14       14       21       22       10       23       12       15        7        8        8        1        3        6        7       11       11
        8        7       11       11        4       12       10       15       10        8        8       14       11       23       21       17       24       21       14       19
       31       33       21       30       33       34       36       34       56       64       62       71       63       58       90       76       97      113      137      140
      129      166      194      201      212      260      256      328      287      300      332      297      305      265      246      203      177      206      180      154
      124      123      102      119      101       98       73       61       69       55       55       49       41       35       41       32       30       30       27       28
       25       22       20       23       15       21       19       11        8       10       12       13       16        6        7        8       10       10        5        7
        7        6        5       11        8        7        9       17        9       12        9       15       16       21       15       22       20       24       24       26
       22       24       21       26       35       24       33       38       36       58       64       61       63       77       85       88       90       98       93      136
      129      142      164      203      192      208      241      217      248      236      276      247      234      248      232      212      196      175      165      137
      123      124      110       92       83       73       82       63       68       53       43       51       42       46       45       29       39       30       39       17
       20       22       28       16       25       21        6       12       15       11        5       11       15       12       12        7        8       10        3        5
        4        7        6        6        6        7        9       10        3       14       17        7       17       21        6       12       22       22       17       26
       22       28       28       30       30       38       34       49       38       48       59       38       60       83       88       84       89      103      114      112
      128      114      163      180      199      184      196      226      214      210      227      222      210      220      158      186      174      165      133      129
      137      110       81      102       74       74       75       60       64       62       36       38       40       45       50       32       31       22       23       28
       33       23       21       13       16       12       20       10       13       12        7       11        7        8       11       16        6        8        6        9
        8        5        4        6       11       12       10        5        7       10       11        9       12       18       23       16       14       20       22       21
       20       21       22       29       40       41       43       41       37       40       47       50       66       58       64       74       93       89      116      105
      127       99      158      149      153      177      176      174      175      196      172      181      167      193      147      168      148      158      135      127
       84      103      104       88       72       80       65       54       61       43       50       35       41       51       36       36       32       20       29       21
       20       16       16       15       13       17        8       13       12       11       19       14        6       12       12        4        7        7        5       12
        3        5        5        9        8       15        8        7       12       12       11        8        8       12       16       17       17       14       20       13
       24       25       28       30       41       38       48       52       47       47       51       44       50       46       59       72       80      106       99      100
      117      101      121      103      157      137      153      158      178      168      177      162      156      151      141      172      131      149       97      104
      121       79       77       78       73       61       66       55       52       54       41       36       34       43       28       29       36       19       24       30
       22       19       18       18       15       20       19       15        8        9        7        6        8       13        9        5       12        6        3        9
       12        7       10       10        2       11        6       13        6       10       12       15       12       13       10       16       17        9       25       24
       21       24       22       27       23       32       39       37       40       44       49       37       52       65       68       71       75       76       93       97
      100       96      110      132      143      148      156      136      129      138      160      154      152      124      118      131      122      112      101       97
       87       65       88       70       65       64       69       51       61       48       44       40       42       41       33       26       34       20       26       20
       18       18       18       15        8       16        9       17       10       12        7        8       14       14        9       14        4        5        8        8
       10        4       12        6       12       11        9        8       14       11       11        9       11       16       16       14       19       12       17       18
       33       15       23       23       27       34       39       44       43       44       46       38       53       54       57       73       66       69       73      100
       77      102       98      104      112      116      123      116      150      127      117      120      123      110      137      117      101      102       84       81
       71       86       61       65       62       51       51       43       43       51       37       32       34       26       25       20       30       23       19       16
       21       19       16       21       13       19       19       13       10        9        9        8       14        6       12        3       10        9        4        4
        9        9        8        5        9        8       11       14        5        7        7        8        7       15       14       14       17       15       11       26
       18       22       27       23       26       24       39       43       39       40       48       55       50       52       47       52       61       68       81       89
       66       93      112       95       99      111      123      119      120      122      106      109       99      115      101      113       95       86      108       85
       65       65       64       58       50       57       52       40       35       45       38       40       35       28       37       31       21       29       23       17
       21       21       12       12       15       22       13       15        9        9       10       10        4       10        5        8        8        9        7        5
        8        5       14        9        9        4       12        8       12       11       15        8        8       10       12       17       21       18       15       17
       14       27       15       22       24       24       41       23       36       46       40       41       35       60       50       56       72       75       64       71
       72       90       71       95       99       93       93      108       99       95      124       89      102       96       90       94       96       80       72       78
       64       61       63       59       68       69       31       55       49       40       57       47       37       26       30       23       29       21       28       18
       20       17       13        9       17       11       17       15       14       11       11        8        8       10        5        3        8        6        4        4
       11        3        5        6        9        3        6       13        6       10       15        7       12        7       18        8       15       16       15       17
       22       22       22       24       27       34       32       30       34       37       30       47       41       39       46       63       65       56       68       59
       77       72       73       77       76       98       80       85       82       80      106       98      103       97       64       84       77       76       71       58
       73       72       66       44       56       58       48       35       49       45       31       41       33       25       27       37       23       28       24       24
       23       23       17        9        8        7       13       12        8       11        6        7       12       10        8        5        8        5        6       13
        2        6        7        6        9       10       11        7       13        8        7        5       15        4       17       19       13       23       18       16
       10       19       23       21       20       35       25       34       27       38       28       39       29       39       46       67       44       51       57       59
       62       62       67       74       73       64       64       84       68       81       77       59       70       72       76       82       61       78       72       77
       79       66       53       56       54       41       42       33       34       46       39       30       29       30       25       24       17       28       24       16
       20       26       21       15       10       19       16       18        9       10       10        4        8        9        2        3        6        7        6        4
        2        4        6        3        5        6        5        5        9        8       10        4        2       12       10       14       17       11        8       20
       21       30       26       16       22       22       29       30       22       25       31       32       45       45       37       31       56       60       48       54
       40       54       57       65       66       92       63       63       62       81       66       61       97       95       67       79       72       61       74       67
       66       61       46       46       43       34       47       43       32       31       38       26       24       32       37       26       21       19       18       19
       16       10        8        8       11        9       11       10        6        7        9        9        6       12       11        8        8        4        6        8
        7        8        8       11        8       12        4        8        9        7       11       14       12        5       11       17        6       14       11       14
       22       12       21       32       19       19       20       35       31       25       24       34       32       38       38       39       40       43       57       39
       46       48       41       57       61       56       65       62       62       62       71       71       61       65       68       55       72       75       56       54
       32       48       52       36       38       48       39       38       28       25       31       22       21       25       25       18       25       10       22       17
       17       15       19       13        8       12       17        8        9       12        7       11       11        5        7        7        7        7       14        5
        5        8        8       12        8        4        7       11       10        8        9        6        5       10       16        7       13        9        9        9
       27       12       19       14       20       21       26       24       31       27       20       29       24       38       46       35       43       44       49       51
       46       42       58       56       44       45       56       54       55       73       59       50       60       58       61       70       43       41       53       47
       41       37       34       40       36       39       30       41       25       28       24       25       33       21       29       14       23       23       17       14
       11       15       14       18       15       15        8       11        3        6        8        7       10        7       10        7        8       11        6        8
        6        7        7        4        7        5        3       10       12       15       11       10       11        8       14       15       11       16       14       15
       18       18       21       24       20       20       23       27       38       24       23       31       33       42       30       44       38       36       45       45
       52       46       49       41       47       58       53       52       45       64       67       62       48       55       65       47       38       52       56       48
       40       44       34       53       32       33       35       32       38       34       28       27       31       28       17       10       24       18       15       12
       12       12       13       15       19       14       12       14        9       10        5       13        6       13        9        4        7        5        9        8
        4        5        9        7        7        5        4        3       11        8        7        6       10       12        7        9       15       10       14       14
       15       16       13       17       20       13       17       27       21       17       31       23       35       32       32       27       27       49       34       37
       43       51       39       53       30       67       58       49       41       67       56       60       43       46       36       38       57       44       29       38
       44       27       57       32       36       37       27       37       36       28       18       20       21       26       16       19       20       21       18       18
       17       10        8       13        8       14       14       13       10        8        8        3        8        8        9       12        7        2        4        5
        4        8        6        7       11        6        4        8        5        9        5        8       10       10       12       13        8       10       12        7
       18       15       27       11       13       16       23       28       16       20       28       22       32       44       38       25       42       49       41       46
       38       48       38       44       53       45       34       32       39       50       43       46       50       40       45       39       31       37       41       35
       34       36       41       20       29       27       35       29       27       18       15       24       21       13       19       18       27       14       17       16
       15       11       11       12       10        8        9       12        6       12       14        9       13        7       10        9        8        8        5        4
        3        2        3        5        7       11        2        5        7        8       11        7        8        8        8       12        8       15        9       16
       11       13       22       16       12       16       22       18       24       19       31       26       24       33       30       33       32       26       36       36
       41       40       37       45       40       36       39       39       37       46       48       42       34       53       40       45       31       38       24       44
       55       31       40       37       24       26       38       24       23       26       23       18       15       29       25       17       18       14       19       12
       20       12       15       13        9       14       11       11        7       12        8        2       10        9        7        8        5        4        3        3
        6        3        9       10        6        4        6       11        9       10       14       10       11        7        6        9       14        8        9       15
       10       15       14       14       12       14       21       28       13       19       19       18       30       21       32       21       17       37       24       36
       32       40       34       38       35       29       40       40       44       35       37       44       37       31       32       44       37       36       41       30
       26       30       31       33       25       27       17       34       26       27       27       19       16       22       16       14       11       18       14       20
       16       13        7        8       13       10       12        7        7       13        8       13        4        5        9        5        5        6        7        8
        6        9        5        5        7        8       10        5        8        9       10       11        5        7       11        9       10        6        9        9
       18       11       15        5       17        7       16       25       18       24       23       26       30       23       25       30       32       25       39       21
       23       31       31       27       29       36       30       33       34       12       45       33       43       32       30       39       30       24       35       27
       43       22       38       23       25       26       28       18       26       21       27       17       19       18       19       14       14       19       16       17
       13       10       12        6        6       14       14        9        5        4        6       12        9        6       11        5        4        3        4        7
        3        3        5        4        3        1        6        6        2        6        9       11        7        8       12       13       12       11       13        8
        9        8       15       19       14       16       21       21       13       21       23       21       13       22       18       27       31       25       19       30
       28       15       34       25       26       35       28       29       37       38       29       28       29       37       31       37       33       32       30       24
       30       25       33       31       19       20       24       30       19       27       25       19       13       13       12        9       16       10       11       14
       11        8       13        6        9       10        8        6        8        4       12        2        8        3        6        4       10        8        3        5
        5        5       10        5        5        7        6       13       12        8        4        8        6        6       10       15        8        8       13        6
       11       11       18        8       13        7       18       17       10       27        9       28       23       15       25       25       25       18       27       25
       27       30       29       28       31       24       27       34       24       22       31       30       38       27       27       30       34       21       23       25
       29       21       26       27       29       28       18       12       20       17       25       15       17       10        8       12       14       17       13        7
       14       16        8        9        9       12       12       10        7        8        7        6        8        5        5       12        6        2        5        8
       14        5        6        5        6        8        5        8        7        4        7        6        9        5        9       12       18        6       20        8
        6        8       11       22       12       15       14       10       10       20       19       21       17       19       23       29       22       20       21       23
       23       29       24       19       24       25       28       22       31       25       28       32       19       25       36       30       33       20       32       30
       15       25       35       21       20       20       20       21       20       23       12       19       27       15       17        8       14       11        9       12
       11       14       11       13        8       10       12        6        5        6        9        8        8        6       10        6       10        6        6        5
        6        4        5       10        5       11        3        5        3        8        9       10       10       10        7       14        5       14        8       18
        9       17       14       14       17       14       12       17       11       19       16       16       16       20       15       22       16       22       29       23
       33       27       12       27       26       21       27       22       36       21       29       20       24       29       24       33       28       18       22       18
       20       13       14       21       24       28       21       14       23       18       15       22       12       14       21       19        9       12       17        4
        9       14        9        7        8        9        1        8       11       10        5        8        5        6        6        8        5       10        3        0
        7        4        8        5        6        8        3        6        6        5        4        6       10       10       10       10        5       12        8       16
        7       13        7       10        4       18       14       12       20       18       18       14       21       24       13       16       13       13       21       17
       20       22       23       20       27       24       28       24       21       24       23       21       19       26       26       22       31       14       23       20
       21       24       14       22       25       17       15       11       22       14       18       18       12       17        9       11       14        8       13        9
       13        6        8       10       10        9       11       13        2        5       11        6        5        5        5        6        7        4        3        4
        3        2        4        1        6        2        4        5        3        5        4        8        3        5        3       13       11       16        8        8
       13        5       14        9        4       11        7       11       16       18       12       15       14       11       23       16       22       12        9       18
       13       10       28       15       35       14       16       21       25       22       24       31       31       32       15       24       20       19       17       17
       20       21       13       17        9       16       18       18       14       15       14       12       13       15       13       12       14       18        7       11
       16       11        9        8       12        9       11       13        3       12        4        6        7        7       15        2        6        5        3        5
        5        2       10        4        6        6        2        5        7        3        6        5        7        6        8        5       13        7        7       11
       13        9        9       12        9       11       12       12        5       14       18       17       12       20       14       16       17       23       22       26
       20       15       11       20       27       18       28       10       15       17       24       18       25       21       15       23       14       21       17       24
       13       17       18       25       18       16       11       10       11       11       17        8       12       12       17       11        7        4       14        8
       11        8        6        7       12        6        5        3       15        5        7        3        7        5       12        5       10        6        3        3
        2        6        5        3        4        7        5        4        5        7       11       13        7        9       12        9        8        5        8       10
       10       14       10        9       15       13       14       13        9       13       17       23        9       14       22       19       15       15       20       21
       28       20       13       16       10       21       20       17       22       15       12       21       26       23       17       22       18       16       23       19
       25       15       21       23       14       20        8       15        6        8       17       18       14        9        6       13        7       10        8       11
       11       11       15        7       10        9        7       10       10        6       10       10        5        5        4        5        4        5        4        3
        3        1        3        4        1        6        4        7        2        4       11        7        5        8        8        6        3        6        8        5
        8        9        6        9        9       11       10       11       16        7        9       21        9       21       10       14       17       11       23       13
       16       25       16       17       21       14       14       15       23       15       20       21       16       12       24       18       24       19       13       19
       19       10       17       18       24       12       10       15       12       10       15        5       16        9        7        7       15       16        6       11
       11       11        6        8        7        8       10        8       10        9        9        4        2        6        1        8        5        5        6        4
        2        3        2        6        2        1        6        9        9        8        6        9        7        8        7        9       12        9        9        9
        9        8        4       12       19       12       20       11       19       18       10       15       15       18       21       14       23       13       29       13
       17       13       11        8       17       21       12       16       17       11       13       17       24       11       19       15       18       13       13       16
       20       15        8       15       12       21       11       16       20       20        9        8       15        7        9        6       15        5       13        7
        5        7        7        8        8        5        4        8        7        9        8        4        8        8        9        3        6        9        3        6
        1        5        1        3        2        8        8        3        1        7        2        6        7        7        7       11        7        8       10        7
        9       10        8        6        7        7       12       10       10        5        8       13       14       13       10       13       12       21       19       17
       21       16       12       11       11        9       16        9       17       18       28       18       12       14       18       18       19       16       14       16
       14       13       14       10       13       18       13       13       27       20       15       10       15        7       13       13       10        8        7       14
       10        7        9        8        8        6        9       12        4       12        4        4        7        5        4        3        7        4        5        5
        5        4        2        5        3        4        7        7        2        4        4        4        4        7        8        4        9        9        5        4
        6        9        9       12       10        5       10       11       13        8       14       10       11       14       19       13        9       10       14       12
       13       12       11       21       12       12       10        5       23       10       15       14       15       17       14       22       12       14       14       15
       13       16       20       20       16       15        7        9       14       17        9        9       11       14        9        8        9        5       11       12
        5        6        7        8        7        0        4        6        8        8        4        5        4        3        4        9        8        2        4        3
        1        6        2        3        2        4        8        4        3        5       10        6        8        5        7        4        3        8       11        5
        7        8        8        7        8        9        8        9        9        4        8        6        7        8       14       11       10       13       15       22
       20       13        5       16       15        9       18       20       13       14       17        9       11       15       13       11       11       13       14        9
       13       11       11        9       13       11       13        9       15        8        7        8        7        9       12       10        6        3        6       13
        3        9        5        4        4        5        5        4        4        7        4        9        4        8        5        6        3        4        5        5
        3        4        3        4        2        2        6        5        5        3        8        3        5        3        7        7        6        9        6        6
        3        5        7        6        5        3        6       10       12       10        9        7        9        6        6       15        7       10       15       12
       15       10       18       16       10        8        9       14       11       15       11       17       11       10        9        5       10       13        6       10
        8       10       21        7       12       14        7        7        7       18        9       13       11        9        6        3        4        8        8        4
        5       11        6        4        4        5        9        1        5       13        5        5        5        5        4        4        3        4        3        3
        3        3        6        1        2        3        4        4        2        2        2        8        6        5        7        5        5       11        5        8
        8        8        4       11        6       10        7        9        7       15        7        9       10       15       11        5        8       14        9       10
        9       12       14       12        7        9        6       15       18        9        7       14       13        9       15       12       10       12       10       11
        9        9       16       14       10        8       12       15        3        3       11        9        2        6        6        8        5        3        6        8
        6        5        7        5        5        7        1        4        0        6        5        8        7        5        3        4        5        2        2        2
        2        6        4        2        2        7        3        0        5        4        6        5        7        4        3        6        9        6        5        8
       10       11        2        7        7       11        9       12        7        7       10       16       13        6       13        9       12        8        9       10
       13       13       19        8       14       11        7        9       10       11        5        9       13       12        7       12       12       11       17       11
       17        8       11        6       12       10        7       10        4       10        4       17        6        4        7        8        8        8        7        5
        6        5        8        3        2       10       10        4        4        6        9        6        4        5        5        5        4        3        3        1
        6        4        6        4        6        2        2        2        8        2        3        3       10        1        4        7        6        2        5        3
       10        3        3        6        7        7        8       11        6        4        9       10       15       18        8        9       13        4        9        4
        5        8        9       13       12       10       17        7        8        6       19        9        4       15       12        5        8       14       11        7
        8        8       10        6       12        8       13        6       16        6        2       11        8        9        3        4       11        3        9        6
        4        9        9        7        5        6        4        3        6        5        6        5        6        6        2        7        0        5        3        2
        3        1        2        2        1        5        6        5        5        4        9        9        5        2        3        5        6        2        3        7
        9        5        7       11        4        6        3        7        4        6        9        3        6        4        8       12        7        5        5       11
        9        7        5        6        8       14        6        7       11       10        9       12       17        7        5       11        8        8       10        8
        6        7        6        9       11        5       11        9        8        7        9        8        7       10       11        8        7       12        8        6
       10        5        9        5        5        5        5        8        7        4        5        5        4        2        9        2        2        3        6        6
        3        4        4        2        4       10        4        3        3        2        6       10        2        7        4       10        6       11        6        5
        5        3        9        8        7       11        7        5        4        6        5       10        8        8        8        9        5        9        3       11
       12       11        9       17        7       12        9        8        7        6        3       10       15       12       10       11        5       11       11        9
       10       10       12       10       11       13        9       13        7        5        9        3        7        4        4       10        4       10       14        5
        5        5        5        1        3        4        7        7        8        7        1        7        2        8        5        3        2        1        1        3
        0        1        1        4        3        3        1        4        1        6        6        2        4        0        3        3        6        5        4        9
        9        8        6        9        6       13        4        8        2        3        7       15        4        4        7        7        6        8        8        9
        5        5        8        4        6        9        9       10       10       12       11        6        9        6        8       13       15        6        6        9
       12       12        6        2        6        4        5        7        5        6        5        7        8        5        2        6        5        9        3        9
       11       12        8        8        6        5        6        3        5        3        5        4        7        3        3        3        3        3        2        2
        4        6        5        4        4        6        3        3        3        2        2        3        4        5        4        2        6        4        6        9
        6        9        5        4        3        8        6        5        4        7        8        2        7        5        3        4        3        5       10        7
        5        4        7        5        7        5        7       12       11        8        9       14       13       12        1        8       11        4       11        8
        9        7       11        5        8       13        8       10        6        6       10        6        5        7       10        6        5        7        3        8
        3        3        1        3        4        7        0        5        2        4        5        1        6        2        5        6        6        6        3        4
        2        5        3        4        0        4        1        0        2        3        2        4        7        5        3        5        7        6        7        4
        4        3        3        6        5        8        7        9       11        4        3        3        5        4        5       10        4        6       10        5
        9        5        5       13        9       11        7       10        7        7        7        6        5        5        8       12       11        7        7        9
        8        5       11       13        6        5        4        4       10        3       10        6       11        6        7        9        6        7        3        1
        6        6        7        5        5        4        3        4        5        1        5        4        5        5        7        3        5        2        2        3
