         100          10
    1 10 57 34 -13.0  33.0
       20       25       15       14        6
       31       44       26       27       10
       45       88       79       63       21
       96      396      260       81       18
      117      552      344       81       34
    2  6 56 57 -11.0 -13.0
       54      141      109       53       17
      103      507      423      102       41
       97      342      290       73       24
       38       93       79       45       16
       22       37       31       20       19
    3  3 61 33 -21.0  35.0
       12       15       14       10       10
       28       36       42       19       11
       58      106       78       39       20
      150      338      153       60       34
      197     1316      192       59       33
    4  5 64 35 -27.0  31.0
       22       16       17        5        7
       22       40       25       10        5
       77       86       74       32       16
      246      330      113       37       29
      305      467       96       43       20
    5  4 63 52 -25.0  -3.0
       61       85       38       32       15
      173      224      104       39       23
      292     1001      147       48       18
      158      167      104       41       16
       58       60       34       33       14
    6  1 50 66   1.0 -31.0
       52      185      657      196       50
       50      185      500      205       64
       42       64      117       75       52
       16       43       41       44       22
       18       17        7       20       13
    7  2 50 46   1.0   9.0
       31       50       55       41       24
       55       98      154       89       56
       57      187      696      231       82
       53      196      565      223       64
       43      110      127       79       58
    8 10 59 55 -17.0  -9.0
       71      105       77       45       22
      138      507      221       72       28
      145      652      218       70       40
       75      112      103       42       20
       34       58       45       26       15
    9  1 44 41  13.0  19.0
       16       12       23       29       21
       20       44       59       59       51
       26       59      182      232       92
       26       84      341      767      142
       20       62      158      179       88
   10  9 45 48  11.0   5.0
       38       52       66       69       41
       28       88      175      200       84
       35      119      641      790      116
       46       90      367      372      143
       39       78      111      115       58
   11  7 32 62  37.0 -23.0
       12       27       59      146      268
       12       31       77      257     1409
        9       24       64       99      182
        3       11       26       52       64
        4       12       20       34       25
   12  6 70 49 -39.0   3.0
       49       34       20       14        5
      204       86       36       19       10
     3227      225       56       22       10
      275      128       53       17        7
       49       63       24       10        5
   13  2 32 31  37.0  39.0
        8       11        6        9       12
       13       13       25       33       38
        7       21       43       62       74
       22       42       63      169      288
       10       37       77      266     2125
   14  1 41 64  19.0 -27.0
       20       50      180      387      142
       37       46      214      880      182
       31       39       97      122       78
        8       19       33       54       41
       12        9       18       24       23
   15  3 65 68 -29.0 -35.0
      443      600      134       47       24
      234      274       94       39       28
      100       76       59       22       15
       34       32       30       19       14
       17       15       11       11       10
   16  5 33 51  35.0  -1.0
       13       22       46       55       64
       12       20       54      119      208
       14       34       71      287     1165
        9       22       63      129      161
       11       13       42       63       56
   17  3 59 57 -17.0 -13.0
       85      138      107       50       24
      162      838      280       65       31
      159      425      213       67       33
       66      102       88       44       26
       21       34       34       29       11
   18  8 49 34   3.0  33.0
        9        7       15       19       12
       13       35       30       38       28
       31       57       92       83       36
       50      149      372      187       57
       64      169      816      245       74
   19  3 32 50  37.0   1.0
       11       17       32       58       59
       14       38       66      126      212
       18       29       75      259     1916
       16       29       66      180      239
       14       22       47       54       75
   20  8 69 52 -37.0  -3.0
       77       68       40       15       10
      305      181       62       32       13
     1622      280       79       30       12
      195      138       58       27        7
       54       53       32       23       13
   21  7 34 53  33.0  -5.0
       10       20       39       77       68
       13       32       85      226      282
       18       33       84      331      620
       11       33       62      140      159
        7       16       37       56       49
   22 10 58 36 -15.0  29.0
       14       26       22       13       10
       36       46       37       19       15
       79      119      100       47       15
      126      562      258       89       31
      133      404      253       72       37
   23  5 37 33  27.0  35.0
        6       12       13       13       10
        5       17       19       38       30
       15       28       40       74       78
       20       35      105      283      191
       14       39      119      578      354
   24  3 64 45 -27.0  11.0
       41       40       33       18       13
       99       95       85       43       12
      273      404      112       39       26
      338      515      145       53       17
       91      135       73       40       17
   25  7 64 62 -27.0 -23.0
      181      254       93       41       26
      382      726      127       43       15
      134      179       87       34       14
       62       61       34       17        9
       24       24       30       14        5
   26  9 61 41 -21.0  19.0
       41       29       32       23        9
       81      110       79       47       13
      183      353      148       62       27
      358     7553      261       89       33
      198      299      188       81       36
   27  7 52 56  -3.0 -11.0
       51       82      107       88       21
       77      208      579      134       50
       65      221      469      158       50
       38       77      103       70       40
       40       33       41       33       14
   28  6 39 40  23.0  21.0
        9       11       18       27       19
       11       24       31       41       42
       14       37       84      202      130
       14       44      159     2979      282
       17       36       99      230      146
   29  2 67 51 -33.0  -1.0
       72       67       41       29       18
      243      203       83       36       13
      933      425      100       31       13
      226      192       73       30       16
       78       53       33       25       12
   30  4 32 62  37.0 -23.0
       14       33       56      160      261
       14       32       83      281     1403
        9       21       50       99      181
        6       12       29       42       50
       10       17       16       27       20
   31  2 41 43  19.0  15.0
        8       15       25       32       38
       21       35       90      104       71
       14       67      193      367      146
       29       65      226     1417      206
       20       52      128      177      105
   32  5 31 31  39.0  39.0
        3        9        9       11       17
       10       17       21       20       28
        7       24       24       45       67
        7       30       45      102      188
       17       18       50      221     3937
   33  9 38 66  25.0 -31.0
       23       52      196      847      396
       35       60      172      651      383
       17       48       87      136      120
        9       32       36       56       50
        7       15       15       29       26
   34  5 57 41 -13.0  19.0
       19       33       21       20       13
       49       56       58       34       27
      100      182      150       43       34
      123      824      375       75       24
       66      155      126       63       23
   35  7 31 50  39.0   1.0
        9       26       29       44       66
       13       26       51       94      173
       11       36       58      212     3651
       13       23       53      136      242
        9       18       38       48       75
   36 10 54 51  -7.0  -1.0
       38       71       66       41       13
       50      174      221      105       41
       80      421      868      132       49
       68      172      192       93       34
       33       60       72       45       34
   37  2 66 45 -31.0  11.0
       38       46       21       17       16
      111      112       58       29       12
      365      340      110       34       17
      430      399      128       44       22
      125      131       61       36       14
   38  2 42 32  17.0  37.0
        5        8        6       20       18
       15        8       29       31       29
       15       40       57       86       49
       32       78      176      307      111
       27       77      308     1725      170
   39  1 33 63  35.0 -25.0
       14       24       72      188      306
       16       28       72      263      854
       11       24       43      125      136
        8       12       32       37       46
       10       11       17       19       22
   40  3 53 35  -5.0  31.0
       12       19       20       17       15
       45       29       60       44       16
       48       93      135       62       27
       86      260      453      111       42
       88      288      599      143       55
   41  7 66 65 -31.0 -29.0
      311      314       90       34       17
      399      316      100       40       16
       83       95       62       20       20
       42       37       27       22       10
       28       22       14       17        4
   42  9 62 58 -23.0 -15.0
      141      207      131       38       21
      377     1678      215       73       39
      269      502      177       60       34
       97      133       71       45       25
       41       37       49       26       20
   43  1 39 33  23.0  35.0
        9        9       16       16       14
       11       20       33       34       30
       11       27       60       80       76
       30       47      109      329      172
       23       48      172     1075      260
   44  5 42 51  17.0  -1.0
       19       26       41       57       36
       27       57      121      214      114
       32       59      241     1770      158
       19       44      128      180       94
       12       27       49       46       44
   45  9 61 52 -21.0  -3.0
       89      104       84       39       22
      182      435      175       65       23
      358     3205      280       72       27
      154      281      134       68       34
       79       51       57       33       17
   46  7 59 66 -17.0 -31.0
      132      627      216       68       26
      126      461      202       70       13
       64      123       80       58       30
       30       38       38       22       16
       18       13       13       16        5
   47  5 61 65 -21.0 -29.0
      180      433      163       46       25
      177      608      150       38       20
       87      129       73       34       17
       39       48       29       15       13
       28       23       11       14        7
   48  8 68 53 -35.0  -5.0
       71       68       44       24        8
      360      216       73       28       13
      946      295       76       34       18
      194      129       60       23       15
       41       51       30       17       11
   49  8 62 67 -23.0 -33.0
      254      926      164       52       25
      209      462      152       55       22
       82      100       68       37       10
       38       45       37       28       12
       15       16       10       10       19
   50  4 65 42 -29.0  17.0
       32       36       21       17       10
       57       73       42       25       15
      222      228       77       22       32
      485      658      103       38       12
      153      147       72       36       13
   51 10 39 67  23.0 -33.0
       35       48      150      798      241
       18       68      158      372      208
       22       33       76      119       94
       16       13       30       45       29
       10       10       15       34       12
   52  3 63 48 -25.0   5.0
       46       59       45       15       16
      106      149       94       46       21
      294      863      141       41       27
      220      326      136       37       20
       76       94       69       33       15
   53  6 36 35  29.0  31.0
        0        5       13       10       19
        9       12       19       32       38
       11       26       51       99       79
        8       27       90      381      358
       15       33      103      462      415
   54  7 45 59  11.0 -17.0
       25       56      172      167       73
       47       85      442      532      109
       30       68      234      225       75
       33       42       65       49       42
       12       22       38       25       20
   55  3 35 35  31.0  31.0
       11       10       15       21       18
       15        9       33       42       36
       12       27       57       92      102
       20       31      101      295      384
       18       59      106      398      451
   56  2 65 36 -29.0  29.0
       23       23       23       13        7
       47       51       34       14        9
      126      141       47       45       11
      404      489      120       52       16
      363      424      105       46       10
   57 10 58 36 -15.0  29.0
       14       26       22       13       10
       36       46       37       19       15
       79      119      100       47       15
      126      562      258       89       31
      133      404      253       72       37
   58 10 37 50  27.0   1.0
        8       24       33       64       55
       20       44       86      201      156
       24       37      128      870      408
       13       42       92      239      185
       20       32       45       76       74
   59  6 40 67  21.0 -33.0
       18       42      186     1164      198
       20       49      149      466      170
       18       30       53      100       76
        9       17       34       38       29
        8       18       11       10       13
   60  3 54 54  -7.0  -7.0
       47       89      103       59       33
       90      252      361      109       30
       95      376      585      142       55
       62      138      147       96       35
       33       51       56       40       17
   61  7 50 42   1.0  17.0
       21       28       23       31       22
       27       51       63       48       32
       50      119      268      126       65
       54      190     1753      183       59
       42       96      185       98       53
   62  8 59 37 -17.0  27.0
       14       20       19       12       14
       36       68       50       33       17
       69      120       98       43       39
      166      861      253       71       25
      125      435      218       53       27
   63  1 43 39  15.0  23.0
        9       16       26       28       24
       17       33       46       63       42
       26       47      103      197       70
       37       86      326     1011      155
       27       60      148      253      113
   64  7 56 58 -11.0 -15.0
       71      131      107       64       26
       93      549      416       83       37
       91      250      253       76       49
       53       94       79       53       13
       25       25       14       18       13
   65  7 38 56  25.0 -11.0
       15       27       74      115       96
       18       38      119      529      260
       27       46      125      522      258
       20       27       61      107      121
       18       25       32       43       27
   66  2 48 33   5.0  35.0
       15       20       15       18       11
       32       27       31       36       20
       34       61       68       73       41
       56      126      379      234       83
       43      140     1043      332       74
   67  1 37 61  27.0 -21.0
       18       29      105      213      172
       17       35      123      787      393
       17       38       79      186      161
       19       32       38       56       69
        6       17       17       25       22
   68  9 32 58  37.0 -15.0
       17       30       73      141      207
       17       25      102      377     1678
       11       26       85      269      502
       18       21       35       97      133
       12       19       33       41       37
   69  3 38 32  25.0  37.0
        9        9       15       26       18
       12       18       25       42       26
       16       27       66      104       82
       15       42      114      308      207
       27       70      176     1091      329
   70  9 47 45   7.0  11.0
       24       43       41       44       31
       39       99      123      126       68
       61      172      557      411      129
       66      189      748      445      125
       43       90      166      174       89
   71  2 44 64  13.0 -27.0
       27       90      266      375      114
       38      102      352      642      143
       32       72      133      144       80
       13       35       47       65       42
       16       29       16       38       19
   72 10 32 70  37.0 -39.0
       10       32       96      303     1931
       13       21       62      153      233
       12       27       31       58       80
        3       14       24       13       32
        4        8       17        9       18
   73  6 54 63  -7.0 -25.0
       60      233      326       95       35
       79      446      756      107       37
       43      130      156       61       19
       25       36       43       32       17
       17       15       24       18        7
   74  4 52 32  -3.0  37.0
       22       13       19        5        8
       21       35       24       30       20
       40       67       70       59       32
       56      160      261      123       53
       83      281     1403      208       49
   75 10 64 45 -27.0  11.0
       38       54       32       17        7
       90      117       43       32       23
      271      405      104       36       10
      377      539      117       42       18
      104      130       73       30        8
   76  8 69 65 -37.0 -29.0
      511      204       69       33       19
      703      269       63       24       18
      143       75       50       25        4
       51       36       34       12        5
       19       24       12       15        8
   77 10 51 41  -1.0  19.0
       19       26       34       35       19
       29       41       52       55       26
       55      146      233      139       60
       68      247     3835      180       54
       63      124      234      125       54
   78  5 69 66 -37.0 -31.0
      575      202       63       26       11
      433      217       52       23       14
       94       72       37       17        7
       35       27       30       10       12
       18       12       14        9        5
   79  5 43 46  15.0   9.0
       14       25       35       39       26
       19       32       83      107       68
       36       76      223      485      129
       31       68      211      460      124
       14       38       91      104       62
   80  4 60 53 -19.0  -5.0
       63       73       73       37       13
      184      326      164       61       29
      180     1300      225       51       23
      100      168      104       54       30
       45       64       48       34       12
   81  9 67 49 -33.0   3.0
       91       87       35       27       19
      215      211       76       33       18
     1183      551      124       48       18
      355      277      115       42       16
       94       91       58       31       17
   82  3 69 47 -37.0   7.0
       33       49       27       11       10
      138      107       50       24        5
      838      280       65       31        9
      425      213       67       33       14
      102       88       44       26       12
   83  2 38 31  25.0  39.0
        9       14       16       13       13
        9       22       27       29       38
       16       28       43       61       71
       31       34       92      237      159
       18       50      161     1386      371
   84  6 46 36   9.0  29.0
        6       11       19       11       13
       26       28       29       41       20
       28       43       93       90       49
       47      111      452      395       92
       34       99      364      328       79
   85  7 32 56  37.0 -11.0
        7       21       51       82      107
       19       20       77      208      579
       15       31       65      221      469
        7       20       38       77      103
        8       12       40       33       41
   86  2 40 66  21.0 -31.0
       24       57      187      696      231
       24       53      196      565      223
       19       43      110      127       79
       11       28       31       45       54
       10       18       12       21       22
   87  4 35 51  31.0  -1.0
        9       21       43       62       74
       20       40       80      183      229
       16       37      105      488      626
        6       30       88      199      158
       11       19       38       61       68
   88  9 63 39 -25.0  23.0
       41       33       27       20        8
       71       81       54       41       19
      157      229      114       46       17
      455     1581      213       59       31
      302      391      147       53       28
   89  8 53 62  -5.0 -23.0
       74      205      285      115       37
       83      337     1181      133       42
       71      144      170       92       35
       37       66       57       42       20
       22       32       22       16       13
   90  2 52 36  -3.0  29.0
       13       25       16       16       12
       33       42       49       51       24
       51       83      123       79       54
       78      267      738      173       54
       72      231      552      172       48
   91 10 34 46  33.0   9.0
        5       24       23       34       39
       17       25       57       92      118
       17       35       88      298      493
       11       35       92      293      444
        7       23       33      109      109
   92  3 31 39  39.0  23.0
        5        7       12       20       28
       14       13       35       63       77
       15       22       49      138      186
       12       25       72      234     1813
       15       29       44      150      318
   93 10 59 52 -17.0  -3.0
       63       63       48       32       15
      118      287      176       61       29
      155     1478      278       89       25
       96      181      121       52       33
       43       82       62       36       20
   94  1 68 52 -35.0  -3.0
       72       49       36       19       11
      291      164       64       32        9
     1028      297       85       35       21
      153      142       56       23       14
       58       52       31       16        6
   95  9 45 46  11.0   9.0
       27       25       68       49       41
       38       68      149      140      100
       44      125      517      645      141
       42      122      480      520      143
       31       66      151      136       97
   96  3 60 54 -19.0  -7.0
       84      117       66       40       14
      215      429      182       76       23
      173      923      198       72       30
       81      144       88       57       29
       40       43       29       26       10
   97  6 65 40 -29.0  21.0
       22       22       14        7        8
       47       49       26       14       11
      147      179       82       24       10
      576      757       97       31       13
      196      220       81       24       14
   98  8 68 40 -35.0  21.0
       22       31       20       16       10
       62       80       38       25        5
      207      141       50       34       10
     1333      391       82       30       12
      257      172       66       30       19
   99 10 50 56   1.0 -11.0
       42       83      123       89       48
       61      183      674      217       57
       50      168      536      214       61
       36       81      102       73       36
       26       35       42       32       22
  100  2 65 43 -29.0  15.0
       30       41       27       25       12
       98       87       59       29       17
      284      323      124       41       18
      503      648      124       44       28
      157      163       70       37       12
