   435166.6   520611.0   559963.9   582868.4   597911.4
   392733.2   439392.5   455815.7   464160.2   469204.7
   432493.9   517470.1   552511.2   571581.9   583564.4
   389398.2   457317.7   483321.2   496965.8   505356.2
   391296.1   451560.3   472826.0   483595.6   490088.4
   424716.3   496935.1   524713.3   539336.4   548347.5
   480636.0   573200.2   609913.6   629496.7   641653.0
   435232.9   514402.2   546369.4   563595.8   574357.4
   368810.8   415561.4   431367.2   439254.6   443974.8
   604489.9   729049.1   786498.1   819922.3   841861.8
   407175.2   539617.9   643042.1   752905.1   926462.8
   398934.2   440544.1   455093.0   462471.8   466929.2
   946541.7  1038171.9  1070677.5  1087277.9  1097345.8
   395452.9   451312.7   471468.6   481794.7   488062.7
   439615.1   516599.6   545583.9   560670.4   569904.0
   397643.7   469177.6   497225.3   512110.3   521323.8
   438854.1   506200.6   531549.9   544780.3   552895.8
   406511.8   467466.1   489446.7   500693.2   507513.7
   421539.6   480822.2   499845.4   509123.2   514605.4
   423227.9   470858.1   486489.8   494207.0   498799.8
   386670.2   435289.8   451349.5   459286.6   464011.6
   406237.8   469813.3   493182.2   505235.2   512576.9
   347862.4   415386.7   443903.0   459761.7   469884.3
   438691.1   511010.5   537789.6   551633.6   560075.4
   398449.7   459464.3   481451.5   492695.6   499512.5
   716478.9   893659.4  1006773.2  1094212.8  1168461.0
   411540.6   501270.6   540414.3   562378.1   576443.8
   357365.6   393049.8   405103.4   411132.3   414746.9
   443970.8   505977.2   527696.7   538684.9   545308.8
   397272.8   457617.1   479755.2   491170.6   498124.0
   459878.8   529745.1   555969.0   569635.4   578010.6
   382682.8   441522.4   463611.0   475120.7   482173.3
   590836.8   682896.4   716160.1   733181.8   743503.5
   367204.0   489168.6   580195.7   668770.3   778325.2
   410305.0   488219.9   519236.9   535805.4   546098.2
   416825.6   479381.8   502327.8   514161.1   521369.9
   431334.3   490035.6   510021.8   520014.0   525998.6
   475186.5   520077.4   535649.7   543528.3   548282.0
   386822.3   447273.9   469540.2   481039.6   488049.9
   465434.9   561683.9   602789.4   625570.6   640044.1
   396117.7   486518.4   527453.2   550931.4   566183.6
   621285.1   734809.1   784232.1   812045.2   829908.2
   401085.6   453249.0   470021.2   478220.3   483072.3
   353189.6   403125.7   420947.5   430033.7   435534.2
   590971.2   671733.8   702000.9   717798.1   727492.2
   411079.0   488529.2   520542.2   538007.1   549000.4
   384311.6   449708.3   474697.5   487807.3   495869.2
   426003.5   471609.2   486120.0   493202.8   497393.2
   458659.7   529898.7   557195.1   571559.6   580412.1
   426270.8   509653.6   546318.1   567037.1   580374.5
   440767.2   524579.9   556866.4   573830.4   584266.4
   422543.3   494525.6   521983.9   536384.4   545239.4
   412541.6   458410.0   474876.6   483319.7   488450.5
   381828.3   438351.3   458563.1   468871.3   475112.1
   443537.1   538410.2   581592.9   606509.0   622771.8
   453536.6   509743.6   528911.6   538511.6   544268.3
   406237.8   469813.3   493182.2   505235.2   512576.9
   427142.8   495069.0   520587.9   533883.5   542029.1
   428775.5   474954.5   491295.8   499624.6   504669.3
   422966.6   478971.7   498037.2   507571.5   513283.1
   387004.8   458896.3   487383.5   502572.6   511999.2
   432503.6   495877.3   519489.8   531759.9   539267.8
   396320.8   458821.6   481829.3   493701.9   500935.6
   399029.2   466034.3   492346.3   506348.8   515034.4
   432777.5   503081.1   530392.0   544850.9   553792.2
   460935.6   523982.1   547085.8   559011.5   566282.6
   401737.5   464878.3   488200.5   500256.6   507609.7
   582182.0   658610.6   686565.2   700998.0   709800.4
   453474.0   519663.8   542745.9   554387.1   561390.7
   577253.7   651197.6   676777.4   689660.6   697409.1
   469913.4   566635.4   606379.2   627939.1   641454.9
   970300.2  1054004.5  1083306.0  1098196.8  1107204.6
   413417.3   459603.8   476351.1   484976.9   490232.3
   415338.2   477775.2   499411.0   510286.3   516816.4
   432782.4   498851.5   523839.0   536913.0   544944.3
   425158.7   467642.7   481304.2   488004.6   491979.2
   390282.8   444228.3   462007.5   470773.6   475983.9
   375416.4   436219.4   459912.5   472479.2   480259.3
   376135.1   435306.2   457290.4   468687.9   475651.3
   420325.8   491619.6   518548.1   532604.1   541223.5
   573125.8   648910.7   675624.9   689182.4   697370.2
   426731.2   486294.0   507920.2   519037.8   525800.6
   451592.1   519237.9   544619.6   557848.4   565956.2
   420826.4   484435.7   510163.8   524095.2   532831.9
   406363.2   476438.9   503568.2   517888.5   526726.1
   441889.2   525136.6   559034.4   577454.8   589034.8
   410190.3   465176.8   484149.9   493689.2   499420.2
   597873.9   699165.2   740352.2   762682.9   776693.2
   459579.0   436563.7   726271.8   293536.6   880605.6
   477499.1   562441.6   597175.6   616032.8   627868.6
   415619.6   471427.6   491029.7   500960.0   506950.9
   639389.1   706091.2   729861.4   742017.1   749393.6
   427407.2   501072.9   529347.8   544208.2   553355.5
   400003.9   458626.6   479643.8   490372.7   496871.2
   601618.2   693865.2   729620.1   748549.1   760257.1
   446357.0   519356.9   547303.9   561990.8   571033.1
   404178.3   446644.8   461786.5   469531.5   474232.3
   450339.9   525360.2   554958.1   570754.1   580569.5
   430639.9   495498.1   519802.5   532460.9   540215.9
   473678.0   540019.5   563647.8   575683.2   582965.3
