   1.27852
   0.22064
   1.11534
   1.04054
   1.40640
   0.15027
   0.17606
   0.10149
   1.11249
   0.54186
   1.25725
   1.51753
  11.39047
   0.38210
   0.87121
   3.21385
   0.30628
   0.69216
   2.90925
   1.06115
   0.77043
   0.54791
   0.23259
   0.56318
   0.52189
   1.23198
   0.25061
   1.36720
   0.55638
   0.26973
   0.03409
   1.18668
   0.90046
   0.55712
   1.24349
   0.52449
   0.60878
   1.57730
   1.08262
   0.59776
   0.21164
   0.60306
   3.69420
   0.27400
   0.43384
   0.29723
   0.75754
   1.72735
   0.48499
   0.15050
   0.24954
   0.68092
   0.45996
   0.35547
   0.45662
   0.27021
   0.54791
   0.64748
   0.49661
   0.72959
   0.65149
   0.06928
   0.51035
   0.57500
   1.00941
   0.55134
   0.24851
   0.62408
   0.72496
   0.78546
   0.39799
  11.77565
   0.59233
   0.76016
   1.02419
   3.33168
   2.31376
   0.30989
   1.16937
   0.69323
   0.54285
   0.18356
   0.62421
   0.18116
   0.23608
   0.36411
   0.13757
   0.76206
   0.99122
   0.24169
   0.79397
   7.30909
   0.58740
   0.71905
   0.21443
   1.00414
   0.47660
   0.38993
   0.29152
   0.26808
