       18       26       23       28       26       27       33       29       28       26       37       48       32       35       38       47       45       40       41       45
       51       48       52       47       43       52       62       63       55       56       55       68       57       55       69       84       77       61       73       85
       80       88       67       89       82       95       80       99       84       76       68       69       72       71       88       87       77       89       81       78
       72       53       84       78       67       74       66       80       67       65       57       52       62       64       65       50       66       54       45       40
       50       49       37       53       50       39       41       32       41       42       32       32       33       31       29       30       27       26       22       18
       29       18       32       31       34       45       29       33       42       46       28       29       47       40       37       57       47       48       48       60
       43       49       56       59       50       60       58       62       69       74       55       82       77       74       76       62       65       89       93       85
       88       75       66       94       94       91       83       92       92       77       80       89       78       89       76       91       75       76       70      102
      102       80       61       85       73       74       62       65       76       74       53       64       55       60       48       57       46       50       52       53
       55       42       44       46       30       46       47       35       33       46       44       23       35       27       25       28       28       22       24       29
       29       28       21       30       42       36       31       29       31       44       34       28       39       39       45       42       40       57       46       53
       40       40       59       59       66       70       61       63       61       77       73       61       72       78       78       75       73       85       87       88
       94       90       83       84       80       75       86       86       79       94       78       90       73       90       89       74      104       88       93       78
       95       76       83       89       86       77       72       77       77       78       74       64       74       49       64       62       52       76       57       48
       61       59       40       53       42       52       49       41       43       32       42       41       31       33       26       22       30       24       39       27
       34       26       26       34       26       27       26       47       23       51       44       42       30       47       52       50       35       37       56       58
       45       54       42       63       71       58       67       65       77       68       70       74       74       85       80       80       84       85       88       84
       92       93       80       92       94       93      106       83      114       77       79       82       89       97       80       88      111       87       91      104
      103      104       80       79       69      104       83       77       78       53       84       64       79       56       65       65       81       49       60       38
       50       49       51       48       49       42       48       33       49       33       43       32       33       38       35       29       32       28       27       37
       28       23       34       38       30       29       24       37       41       36       34       50       48       49       52       53       36       44       56       46
       56       45       56       62       66       57       61       83       87       86       69       86       85       88       99       87       85       84       82       92
      105      105       90      107       93       92       98      110       99       95      121      107      100       95       85       85       97      108      100      105
      111       83       88       93       83       80       68       90       91       92       72       70       76       66       56       74       71       48       55       53
       50       61       33       46       42       49       31       57       60       35       32       31       34       34       38       37       36       34       34       38
       24       26       51       42       31       31       39       37       47       44       51       46       36       52       48       49       51       50       48       77
       60       53       70       73       62       53       79       77       63       81       73       88       94       81       86       98      110      102      103      104
      109       97      114      100      105      111      110      110      118      104      104      103      113      106       90       99       99       95      111      121
      102      113       91      109       83       75       93       95       80       81       81       80       68       85       90       62       63       77       60       52
       49       59       53       58       42       51       48       42       44       42       52       41       51       41       35       38       47       27       33       27
       32       28       29       32       45       44       34       36       37       46       43       31       48       57       48       64       57       58       57       60
       78       73       62       62       84       79       78       89       90       86       90       88       99       98       99      101      100       99      103      119
       93      103      103      114      121      120      111      145      117      110      104      119      105      120      107      129      115      104      116       93
      108      121      112      105       94       86       95       84       82       77       94       78       79       82       78       81       59       73       74       56
       47       48       71       60       49       60       47       40       47       46       41       44       51       42       32       35       40       35       27       43
       36       44       33       35       39       41       44       58       49       48       52       51       45       38       51       66       63       51       58       67
       57       65       61       79       84       77       71       88       73       83      105       98      105       96       98      114       98      109      139      107
      123      109      104      138      138      114      123      145      145      109      139      145      124      104      136      112      110      133      123      108
      121      103      120      114       89      108      102       99       84       77      105       72       81       82       77       80       87       71       61       59
       63       67       54       50       55       57       48       43       56       42       36       37       46       41       33       44       24       33       31       39
       35       27       48       42       44       51       42       49       56       47       33       47       49       44       55       56       60       70       66       73
       74       70       74       81       75      113       83       79      116       95      102      125      103       97      120       97      106      128      121      115
      117      116      123      123      144      135      130      135      149      154      131      119      127      118      143      130      127      123      119      125
      133      126      115      120      107      102      103      113      101       90      102       89      104       63       87       80       71       75       72       78
       67       72       69       56       54       42       46       65       43       40       35       62       47       37       36       40       38       23       25       21
       26       31       48       34       39       43       44       48       44       39       43       48       54       49       56       54       50       61       59       63
       66       69       81       89      106      102       98       92      100      110      109      105       90       98      112      122      119      110      153      129
      114      139      149      149      133      141      128      152      133      141      141      146      133      148      134      158      142      152      137      113
      134      108      112      127      112      111      104      110      109      115       89       98       89       98       92       80       85       77       83       85
       50       76       64       58       58       74       75       51       50       41       51       48       54       43       31       37       40       41       43       32
       36       36       33       40       35       50       43       44       51       53       45       56       46       49       58       69       70       67       64       76
       53       92       73       63       76       93       76       89      124      101      118      111      122      137      139      118      130      135      134      121
      162      145      162      130      149      166      164      169      134      153      146      145      132      156      169      151      143      157      162      153
      117      150      143      161      116      100       97      123      110      103      114      134       97       97      100      105       90       83       85       82
       74       65       74       83       67       66       45       57       49       47       43       44       45       46       46       47       43       40       31       31
       38       30       32       33       32       41       55       47       45       59       59       58       41       65       59       51       73       61       79       80
       79       98       85       99       96      100       96       96      104      124      111       97      158      130      126      153      152      167      145      148
      139      156      156      151      130      176      179      180      153      165      185      166      186      168      190      174      151      154      156      154
      146      169      136      132      125      121      121      119      109      114      123      100       93       95       88       86      101       88       74      101
       76       72       79       85       56       55       66       72       50       52       51       59       45       43       35       60       45       35       34       36
       40       42       37       33       48       46       48       61       57       41       68       46       65       62       68       61       79       70       86       67
       75      107      102      103       96      106      117      107      112      108      108      127      152      133      134      158      134      151      163      169
      148      167      183      171      168      169      167      191      182      177      203      211      160      145      152      169      158      186      188      151
      150      166      161      133      165      150      157      143      115      133      118      125      124       90      108      108      103       92       71      101
      105       75       84       70       60       67       59       45       51       68       50       52       44       48       38       38       40       51       48       35
       34       44       42       43       45       55       51       55       59       58       53       62       58       57       72       60       74       74       78       94
       98       99      100      107      117       94      127      105      117      123      134      142      156      143      141      166      155      163      154      173
      177      163      192      200      174      210      178      137      188      195      176      175      181      186      201      181      184      170      177      150
      178      172      159      152      153      175      142      150      144      138      122      137      121      127      107       86      114      108       86       83
       83       75       76       76       83       73       59       73       59       64       73       48       45       55       59       41       46       42       31       42
       42       34       44       43       42       46       44       47       59       65       71       59       65       68       57       81       88       75       74       83
       90      110      106       97      103      116       96      133      108      135      130      171      137      137      163      147      172      177      172      178
      201      206      202      201      232      237      203      252      176      188      192      192      204      198      212      196      184      179      195      175
      193      173      160      177      168      176      157      170      138      128      121      142      133      138      109      105      105       99       91      101
       81       93       75       85       87       67       76       52       68       58       52       60       63       44       44       56       50       39       43       26
       35       43       45       50       61       52       56       55       54       54       53       59       65       75       63       76       68       86       83       78
       94       94      114      114      107      113      126      138      126      142      134      148      153      164      156      162      171      231      217      183
      205      201      201      218      233      235      212      251      217      195      211      200      258      224      220      220      235      234      203      179
      189      184      182      186      175      187      172      152      169      143      154      145      135      137      149      124      128      109      122      100
       99       91      103       83       67       72       62       85       55       76       58       65       45       50       43       47       48       30       46       43
       49       39       51       40       53       52       51       55       50       54       79       65       81       71       62       82       77       86       96       94
       90      113      128      102      121      123      129      137      150      161      168      167      166      175      193      184      202      219      213      201
      237      231      215      241      225      236      246      241      230      242      262      228      259      231      224      244      217      212      228      204
      203      206      209      187      194      184      168      174      187      155      152      146      146      142      100      127      140      110      105       87
      113       92       85       94       70       86       80       75       58       67       61       66       55       43       61       58       36       43       31       33
       39       52       39       55       45       46       56       57       50       57       71       59       78       64       80       84       96       83      105       93
       90      132      112      117      128      133      133      113      157      166      150      189      189      208      206      208      206      232      237      224
      231      254      235      232      272      265      270      280      286      266      270      290      290      283      222      248      215      255      273      270
      253      245      205      206      195      184      186      160      177      188      169      160      162      136      124       99      127      109      106      115
       91      110      100       90       75       90       72       64       61       69       53       56       46       49       49       39       56       51       48       49
       33       45       46       55       62       44       64       50       53       67       88       85       85       82       85       95       87       78      107      103
      109      111      108      115      134      152      143      156      170      170      164      210      193      160      194      203      233      231      233      245
      228      263      277      283      285      279      276      254      288      282      292      270      271      263      283      274      286      283      259      281
      255      244      246      242      222      176      226      192      162      163      177      154      188      140      152      134      145      133      129      110
       86       95       94      115      100       82       77       70       54       63       70       61       45       71       44       70       39       44       55       48
       43       53       46       40       37       52       79       57       68       79       75       72       76       90       95       89      111       71      105      117
      120      121      140      126      137      163      162      171      143      186      170      212      197      232      219      251      256      242      257      274
      258      310      296      278      267      314      289      308      327      325      284      306      324      316      294      318      245      291      250      267
      277      264      250      238      224      223      229      212      191      190      204      178      174      172      171      151      126      128      127      102
      109      116       96       83      113       91       93       74       61       77       77       38       61       57       57       53       48       39       41       40
       45       38       50       55       53       61       59       49       76       71       82       85       79      101      105      106       77       92      110      102
      127      146      142      169      149      141      162      193      174      172      194      201      213      246      216      242      250      264      292      285
      291      281      314      317      314      318      310      336      336      331      333      319      299      354      327      333      315      318      344      285
      277      281      294      248      271      248      244      222      219      191      193      161      185      159      159      159      134      123      125      113
      104      106      115      103       94       96       83       89       70       78       61       83       51       73       60       44       65       65       65       28
       42       55       51       48       49       44       62       52       85       74       60       73       66       86      108       97      103      114      123      130
      135      130      151      139      159      164      200      206      219      195      219      221      236      236      262      273      290      302      292      317
      337      313      346      325      337      386      339      370      364      409      400      331      385      367      351      363      334      370      346      321
      311      326      315      268      277      239      225      228      217      219      216      194      210      183      185      155      148      159      134       98
      109      121      107      109       88       86       85       75       83       64       85       74       57       68       66       48       54       69       36       36
       48       46       47       61       62       50       67       63       65       80       83       83       80       84      106       95      110      111      119      118
      158      145      149      158      172      160      188      190      248      211      254      243      251      237      283      273      289      346      354      331
      346      363      345      393      395      380      366      399      417      388      390      383      403      408      377      406      392      416      331      355
      307      333      284      311      307      283      260      240      242      250      200      206      205      202      222      176      176      168      131      130
      131      130      106       94      102      101      110       87       88       92       81       64       51       67       55       75       40       54       59       55
       64       55       51       64       46       60       56       68       77       80       67       79       98      110       89      115      111      115      107      121
      152      142      157      187      178      172      225      220      220      234      250      244      296      284      288      298      319      344      373      387
      395      372      388      387      428      427      396      440      401      461      416      424      436      468      452      438      421      397      390      396
      393      353      319      380      320      294      268      272      253      259      256      217      197      216      155      191      182      156      162      130
      128      122      126      113      113       88      117      123       87       84       83       72       74       63       59       54       47       66       38       36
       51       58       55       49       55       47       70       66       62       88       81       90      104      106       81      106      117      123      142      151
      158      165      194      166      185      190      195      205      234      243      244      281      305      312      300      314      319      318      382      395
      388      412      446      469      483      504      492      500      460      484      507      510      457      505      447      484      475      417      426      406
      416      389      342      379      333      341      327      258      288      279      231      250      226      216      208      203      172      188      134      158
      137      143      110      116      116      107      102      100      108       88       79       83       53       81       54       59       66       61       52       65
       53       47       64       58       68       74       67       61       83       63       87       98      106       95      100      130      129      140      134      163
      162      164      175      189      213      189      232      225      242      278      268      267      320      324      335      372      376      381      373      412
      471      470      505      478      511      536      523      524      524      535      553      523      585      528      558      531      463      472      449      454
      415      431      406      417      346      361      320      334      274      256      273      310      254      204      209      232      215      183      155      160
      160      153      139      112      113      118       99       78       92       93       87       90       80       73       71       67       56       54       42       46
       60       58       59       69       67       65       72       88       85       83       86       90      104      124      119      110      118      142      162      147
      170      162      186      183      207      256      222      252      277      268      309      311      352      389      367      370      372      454      453      480
      444      554      542      596      532      545      595      608      634      554      553      591      584      616      562      578      517      512      525      481
      498      452      447      389      405      370      337      344      325      327      236      255      248      259      251      230      195      203      161      191
      174      177      155      122      115      106      110      110       91       97       91       87       79       79       67       69       60       60       57       38
       49       50       63       68       66       73       83       80       87       75       91       76      107      111      114      124      132      157      179      159
      183      173      216      195      215      211      263      260      276      261      306      340      315      376      404      413      435      434      514      499
      510      562      578      574      603      631      629      636      668      581      640      684      688      617      609      587      638      580      581      597
      519      494      474      454      411      409      346      350      317      318      283      262      239      250      255      246      225      184      182      231
      155      167      143      117      113      115      118      104      120       93       90       69       84       79       58       76       55       67       54       51
       50       59       61       53       69       73       61       86      101       84       90      118      101      123      146      118      128      132      154      160
      190      200      211      238      219      241      277      272      303      300      320      348      382      408      405      477      457      508      497      534
      513      588      612      650      692      681      713      699      709      728      702      700      704      655      692      654      694      670      670      583
      583      543      525      510      457      469      428      398      385      326      332      305      241      287      251      222      226      198      180      139
      169      173      170      151      113      102      103      114       98      111      105       85       92       67       70       76       76       66       73       57
       50       54       68       64       72       79       68       93       81       98      117       80      101      110      111      134      139      158      129      165
      170      194      211      252      227      284      267      310      358      340      340      398      384      440      463      467      533      556      592      619
      635      653      643      759      717      773      780      841      822      785      794      792      819      806      776      668      716      721      679      645
      599      560      597      546      493      493      437      443      383      364      356      324      310      279      269      246      231      201      217      178
      169      177      143      126      145      120      102      118      103      100      101       99       87       91       76       63       58       67       51       49
       59       53       65       75       70       80       82       98       91      113      110      106      111      123      131      120      150      174      167      173
      155      232      208      227      252      275      303      300      334      375      359      404      467      450      489      486      583      606      644      651
      712      758      768      792      809      826      857      921      852      889      888      883      900      829      882      828      808      784      753      689
      716      613      542      544      568      514      474      438      395      391      327      331      312      281      288      246      238      194      237      209
      210      144      135      152      147      131      130      120      102      117       98       77       84       82       77       80       65       78       64       65
       68       57       58       82       71       84       85       94      109       91       91      106      108      138      143      161      158      158      169      195
      214      225      202      230      279      297      297      363      350      405      392      418      437      519      532      533      590      665      700      720
      785      767      859      889      942      932      988      979     1016     1054     1089      998      985      949      936      968      860      817      820      732
      743      694      640      606      592      536      507      432      468      434      369      369      354      301      293      273      268      235      228      239
      168      169      184      145      139      159      118      119      123      130      114      106       94       88       98       89       67       67       58       82
       68       57       64       72       80       70       79       92      112       96      116      129      119      135      145      159      166      156      197      186
      207      220      228      237      233      270      326      338      345      412      457      494      476      502      550      609      679      713      715      795
      849      856      889      928      966     1055     1029     1126     1129     1114     1158     1169     1206     1100     1062      984      995      949      917      837
      784      782      666      699      592      573      497      508      487      421      358      400      343      328      313      313      267      234      191      246
      194      183      192      163      174      142      132      162      126      131      115       97       80       96       88       88       57       51       66       50
       48       57       69       59       77       76       80       92      109       97      117      103      103      147      163      166      171      171      185      183
      199      257      240      266      314      305      324      356      362      406      471      490      502      528      612      642      747      796      809      867
      920      990     1068     1112     1163     1209     1228     1217     1248     1325     1297     1305     1290     1150     1193     1184     1102     1057     1003      895
      969      842      794      724      672      633      558      572      480      428      436      372      363      304      304      312      292      254      235      230
      211      175      180      160      144      156      169      129      108      112      118       98       90       75       89       82       63       70       59       53
       76       74       88       60       80       82       87       95      108      104      112      101      123      155      141      166      156      165      216      239
      217      242      256      303      318      312      320      424      419      442      465      541      577      622      657      720      786      823      907      959
     1021     1153     1193     1248     1273     1337     1346     1437     1477     1442     1504     1509     1453     1396     1357     1326     1183     1196     1120     1058
      935      910      846      786      740      651      642      545      592      469      474      436      355      370      343      305      292      241      238      213
      259      182      171      184      171      150      134       94      144      130      111      100      100       99      100       70       70       68       57       63
       51       69       73       56       79       83       66       91      110      106      112      131      130      127      163      165      199      189      173      218
      250      238      244      303      348      345      375      414      404      469      525      522      587      638      775      768      852      901      961     1026
     1085     1266     1337     1432     1470     1539     1654     1654     1699     1751     1736     1656     1672     1619     1583     1423     1379     1272     1217     1119
     1053      965      883      863      796      731      626      643      540      550      460      426      411      376      338      313      279      281      284      280
      231      188      169      195      176      150      145      126      115      119      124      105       99       93       76       95       68       66       65       65
       59       62       58      100       74       73       98       79      105      104      103      152      138      158      174      153      176      184      198      208
      249      283      254      342      341      374      419      426      468      496      525      638      660      750      774      814      865      995     1101     1120
     1257     1279     1366     1547     1641     1706     1801     1892     1980     1928     1851     1814     1813     1810     1743     1673     1580     1520     1371     1287
     1119     1069     1006      981      812      758      707      645      597      595      473      451      421      392      379      341      309      256      269      248
      219      227      182      194      141      154      143      124      132      116      107      106       95       97       81       74       67       73       75       49
       58       66       68       91       80       79       87      102       89      122      114      174      143      156      165      168      191      209      252      220
      248      271      279      322      367      385      391      451      449      498      545      655      714      752      785      886     1004     1041     1188     1349
     1346     1502     1650     1739     1869     1965     1967     2184     2215     2172     2232     2273     2143     2084     1938     1912     1775     1597     1478     1453
     1288     1173     1054     1016      877      819      733      682      636      595      490      477      422      401      391      329      331      304      264      289
      241      241      218      163      189      155      137      131      120      127      141      104       95       80       88       77       80       68       59       67
       65       71       79       83       77       92       97       90      121      116      104      141      127      147      166      177      205      173      212      273
      259      276      290      342      387      407      438      501      470      544      617      674      733      781      866      933     1129     1211     1335     1408
     1562     1614     1793     1956     2085     2279     2475     2476     2512     2540     2600     2521     2585     2316     2272     2109     2047     1859     1760     1518
     1412     1340     1163     1091     1024      867      783      806      649      611      599      509      456      416      381      372      321      314      282      259
      254      250      213      208      190      152      164      136      148      103      122       91      110       92       87       77       81       68       76       82
       67       59       69       69       95       78       98      104      114      128      117      135      139      156      176      181      169      193      247      253
      240      320      332      366      389      393      446      479      490      583      653      700      774      856      901     1050     1159     1224     1373     1558
     1685     1829     1990     2137     2449     2602     2589     2916     3021     2995     3159     2977     2996     2773     2585     2425     2218     2010     1988     1678
     1550     1302     1253     1096      982      938      884      704      733      663      595      506      507      435      406      365      348      323      307      247
      269      200      209      206      175      158      148      123      128      125      110       96       93      100       87       74       64       89       74       65
       66       70       88       75       74       93       94      104      107      145      136      148      149      158      183      197      213      219      247      233
      271      307      356      344      375      427      454      540      528      585      641      718      772      911      932     1094     1188     1334     1509     1692
     1925     1967     2302     2477     2760     3048     3235     3427     3631     3682     3655     3579     3398     3244     2994     2833     2634     2322     2066     1856
     1678     1468     1342     1249     1026     1020      893      811      703      659      595      562      487      440      437      389      356      327      320      286
      270      240      219      193      210      189      159      134      137      128      116      105      111       98      109       86       81       67       68       53
       72       88       73       84       91       72      100      124      122      112      158      144      166      164      195      193      189      204      249      274
      299      291      340      339      397      461      476      523      516      596      703      773      883      890      987     1116     1287     1467     1583     1839
     2057     2348     2559     2888     3130     3441     3791     4044     4296     4251     4301     4232     4015     3800     3575     3267     2910     2569     2329     2141
     1802     1617     1506     1288     1118     1089      964      845      790      675      660      548      548      468      402      417      348      350      302      312
      240      247      224      207      170      155      169      161      125      147      118      104      105       92       93       95       64       60       60       59
       81       72       79       82       94      103      118      110      113      119      142      131      158      157      157      214      222      199      221      275
      284      310      343      339      442      451      500      539      591      653      710      804      851      969     1196     1292     1405     1562     1840     1936
     2280     2572     2976     3197     3688     4071     4459     4863     5268     5404     5543     5291     4954     4655     4164     3715     3390     2905     2560     2312
     1942     1713     1526     1438     1294     1162      987      880      781      725      672      609      538      484      460      449      395      356      305      316
      251      262      243      202      190      191      155      143      137      147      106      106      105       87       97       84       82       78       69       82
       58       71       67       83       86       85      117      100      118      135      141      140      161      158      196      187      185      207      216      288
      284      328      320      364      445      440      468      555      586      702      753      816      922     1043     1111     1296     1458     1688     1865     2171
     2448     2879     3111     3768     4220     4809     5381     5950     6496     6667     6758     6475     5969     5522     4925     4308     3897     3189     2789     2473
     2109     1869     1714     1496     1274     1190     1068      876      872      729      689      595      535      529      461      410      369      344      305      283
      266      255      233      216      184      180      153      149      137      127      117      120      102      101       87      103       91       91       68       59
       68       76       66       70       82      103       92      107      113      136      114      156      142      157      158      192      196      224      233      248
      278      316      359      361      420      466      509      555      628      706      789      904      946     1078     1208     1354     1625     1683     2074     2346
     2656     3278     3634     4223     4874     5612     6582     7349     8224     8569     8649     8022     7606     6621     5703     4870     4270     3643     3154     2704
     2360     2073     1814     1606     1379     1232     1183      979      888      812      703      658      579      437      453      415      399      339      293      319
      274      260      216      216      188      168      173      153      131      131      128      134      107      103      101       86       95       87       67       68
       75       92       90       85       81       93       80      107      112      116      129      134      143      164      193      211      218      226      270      271
      301      336      342      370      402      453      553      591      663      738      779      935      952     1058     1231     1417     1622     1912     2093     2454
     2922     3442     3936     4840     5645     6813     8003     9423    10520    11345    11399    10591     9373     8106     6789     5737     4841     3943     3414     2868
     2518     2174     1834     1562     1450     1271     1067     1005      867      786      719      584      597      530      491      412      416      366      337      315
      288      272      220      233      235      210      174      150      156      137      134      110      100       95       95       96       88       74       64       72
       74       79       82       97      104       87      115       96      117      143      128      177      146      160      173      202      202      246      254      283
      321      370      349      409      475      472      525      587      626      664      812      940     1038     1190     1304     1485     1707     1996     2331     2703
     3059     3704     4434     5462     6365     8016     9768    12042    14438    16033    15949    14407    12274     9847     7992     6475     5269     4358     3565     3061
     2683     2166     2006     1683     1477     1285     1151     1033      903      819      789      640      611      525      470      462      426      336      318      292
      266      243      226      240      223      203      187      179      148      135      125      112      104      113       84       95       99       80       65       77
       84       62       79       72      100       99       99      102      134      122      138      148      169      188      193      197      209      254      235      265
      278      302      335      395      448      465      539      575      676      767      816      909     1037     1188     1236     1547     1820     2016     2437     2717
     3159     3830     4817     5809     7205     9217    11801    15661    20700    24454    24797    20542    15575    12089     9194     7107     5814     4782     3876     3237
     2664     2298     2091     1782     1475     1318     1197     1045      947      819      744      675      617      532      491      421      392      380      342      319
      287      243      239      211      179      200      191      163      135      116      140      120      109      126       91       80       90       82       69       77
       79       86       75       77       82       86      104      120      103      121      145      156      160      179      169      189      206      222      258      278
      289      307      380      387      439      482      550      613      708      758      863      896     1020     1177     1362     1589     1824     2108     2340     2763
     3297     4092     4987     6218     7979    10276    14015    20228    30474    43322    43214    30231    19887    14003    10297     7906     6106     4961     3971     3307
     2821     2418     2049     1756     1448     1344     1255     1057      964      778      814      647      594      556      492      475      398      372      361      316
      293      251      239      225      197      181      181      171      163      124      126      117      103      118      117       95       64       81       72       62
       69       71       89       73       95      104       86      114      115      137      144      121      149      166      190      211      189      233      244      320
      343      291      355      355      423      516      543      567      650      746      836      960     1087     1242     1414     1573     1809     2057     2371     2927
     3497     4204     5151     6439     8159    10928    15299    23436    42276   119739   120313    42103    23322    15217    10931     8103     6299     5063     4145     3531
     2902     2555     2045     1748     1611     1433     1276     1085      976      827      750      671      655      575      536      459      404      362      350      316
      270      284      261      213      199      191      151      149      148      135      130      120      111      116       84       81       88       87       83       54
       66       76       72       90       99      107      109      115      126      123      121      134      152      171      186      187      193      236      236      285
      331      334      345      395      408      488      545      618      645      753      795      924     1071     1262     1285     1586     1758     2128     2482     2846
     3437     4058     5035     6243     8220    10739    15156    23514    41888   118667   120362    42569    23342    15312    10661     8210     6481     5070     4195     3438
     2861     2434     2112     1807     1568     1346     1179     1049      946      819      726      659      570      578      482      448      400      392      309      326
      278      256      216      249      193      199      182      166      153      140      125      114      122      103      106       94       83       97       71       59
       74       72       91       81       91      105      114      105      119      126      158      134      155      162      173      197      205      232      254      280
      319      344      365      408      421      485      546      642      673      730      829      958     1120     1154     1351     1518     1775     2056     2417     2775
     3438     4071     4991     6080     7962    10384    13896    19971    30379    43320    43804    30217    20027    13851    10252     7880     6186     4904     4067     3341
     2948     2485     2064     1719     1536     1321     1228     1121      930      841      718      648      607      531      495      446      389      375      358      323
      311      250      262      229      210      180      164      150      160      136      132       92      110      112      122       84       72       79       80       71
       65       89       72       96       82      102      106      114      115      136      158      145      158      187      174      184      235      235      239      290
      296      316      396      407      478      453      547      569      668      765      818      930     1035     1166     1377     1533     1700     2037     2303     2723
     3221     3822     4801     5792     7181     9110    11987    15907    20552    24784    24629    20770    15787    11936     9152     7279     5867     4721     3861     3291
     2747     2347     2066     1898     1568     1350     1180     1073      953      836      755      682      621      548      493      440      419      378      349      295
      288      289      242      244      202      188      150      161      141      139      114      129      121       97       90       95       96       87       68       80
       64      104       75       77       83      115       86      110      116      111      141      145      185      160      175      199      205      219      254      288
      277      314      347      417      435      442      559      555      654      753      837      918     1060     1211     1326     1484     1642     1996     2278     2757
     3175     3641     4336     5264     6497     7990     9984    12290    14557    16246    16151    14528    12314     9854     8014     6367     5553     4559     3693     3165
     2648     2319     2034     1659     1528     1388     1113     1019      879      770      701      670      576      558      486      407      362      368      324      334
      294      262      212      201      196      184      158      144      156      165      127      105      128       87       98       90       98       73       85       78
       58       93       75      111      105       91      120      116      130      142      142      153      158      184      159      171      191      230      242      280
      289      305      399      421      444      487      510      564      653      722      784      890     1032     1127     1259     1451     1572     1878     2210     2630
     2939     3530     4074     4889     5745     6918     8193     9615    10961    11466    11597    10805     9469     8304     6727     5855     4810     4036     3494     3007
     2508     2150     1879     1615     1544     1311     1106     1004      921      796      717      632      604      538      478      435      377      355      315      319
      294      234      246      249      224      173      218      181      136      121      117      116      101      115       93      115       87       75       80       72
       80       62       87       73       95       93      104       90      117      136      149      124      140      174      200      193      201      214      273      271
      277      309      345      411      412      436      524      586      563      718      804      846      965     1065     1263     1379     1561     1820     2101     2388
     2806     3199     3720     4374     5024     5722     6712     7611     8418     8790     8787     8538     7680     6865     5892     4959     4426     3672     3176     2712
     2345     2037     1808     1574     1425     1263     1083      984      881      742      727      593      603      537      475      449      421      403      341      284
      301      251      203      216      180      187      170      152      164      117      135      105      116      118      101       81       79       74       89       72
       59       74       71       70       84       89       85      111      106      124      138      142      156      174      219      227      211      235      230      292
      294      345      333      385      395      484      538      544      613      689      743      875      942     1062     1180     1355     1540     1632     2006     2168
     2459     2870     3308     3916     4288     5013     5524     6218     6456     6820     6749     6571     6164     5535     4996     4476     3801     3423     2895     2545
     2203     1936     1641     1453     1313     1205     1085      963      902      739      676      648      595      483      448      400      363      356      350      326
      248      246      225      214      210      165      175      154      147      125      134      106      107      106      104       97       79       87       72       77
       57       67       79       88      108       80       86      120       99      146      147      133      151      172      190      177      220      215      223      310
      280      299      316      376      429      443      434      563      592      603      762      808      874     1028     1142     1239     1419     1616     1836     2015
     2292     2600     2942     3393     3813     4316     4746     5143     5346     5363     5494     5367     4929     4600     4277     3818     3367     3034     2639     2300
     2006     1829     1568     1495     1250     1135      965      941      854      736      707      590      563      503      455      404      348      330      354      282
      273      269      221      231      191      187      162      155      165      108      124      120       98       90       95       86       94       67       66       77
       61       72       66       82       67       95       98      102      127      128      154      138      159      156      153      174      219      210      229      242
      305      312      315      353      406      424      470      524      559      682      703      817      850      914     1048     1212     1343     1527     1656     1867
     2133     2504     2724     2971     3224     3556     3946     4179     4518     4527     4577     4484     4219     3935     3583     3290     2916     2679     2363     2087
     1804     1709     1443     1326     1260     1052      932      840      787      705      607      587      517      459      451      418      328      343      315      298
      260      258      224      174      209      171      159      139      160      134      137      100      104       96       92       81      101       77       85       73
       65       72       77       80       75      100       81      119      113      108      148      127      146      144      166      182      217      239      218      243
      268      280      330      401      361      401      477      541      582      605      679      770      875      937     1036     1117     1200     1397     1553     1688
     1827     2170     2390     2642     2883     3142     3402     3504     3562     3891     3710     3675     3562     3328     3118     2867     2529     2400     2147     1888
     1773     1586     1338     1279     1171     1005      850      848      754      625      649      595      483      444      404      374      357      350      300      268
      261      227      197      195      185      159      168      125      143      122      106      100      102       94       79       74       83       58       66       73
       70       69       68       70       72       81       92      106      102      150      125      129      139      151      198      197      203      208      227      271
      245      280      315      380      378      356      411      491      510      586      696      748      740      831      929     1058     1124     1281     1439     1604
     1762     1877     2055     2333     2484     2701     2864     2972     3150     3110     3096     3040     3002     2887     2623     2513     2334     2082     1841     1689
     1620     1404     1289     1182     1067      946      847      796      692      658      620      543      469      456      428      340      335      290      308      270
      231      238      210      196      177      159      146      169      131      108      132      115       98      101      110       93       75       85       64       58
       56       60       76       63       88      103       95       91      107      128      143      137      115      139      148      189      181      201      235      257
      255      293      297      343      367      407      419      488      506      577      622      639      731      777      889     1031     1103     1233     1265     1485
     1576     1683     1843     2030     2094     2275     2539     2470     2629     2765     2655     2615     2586     2412     2309     2159     2051     1803     1785     1519
     1329     1315     1202     1071      990      925      849      746      688      619      568      564      478      437      344      344      328      300      270      279
      243      213      213      192      185      166      171      142      133      133      107      104       94      111       96       82       85       66       67       49
       58       74       69       76       82       93       98      110      103       99      112      150      125      186      147      168      181      186      211      232
      245      268      297      364      343      362      420      419      486      488      592      640      685      751      863      899      972     1062     1190     1308
     1392     1560     1698     1797     1863     2034     2050     2224     2308     2262     2405     2308     2251     2117     1944     1868     1805     1645     1539     1434
     1383     1192     1112     1015      861      827      746      762      679      640      606      504      457      448      409      378      322      296      250      262
      276      199      235      208      188      166      174      178      141      120       88      104       79       77       89       97       81       80       57       62
       76       65       67       60       68      107       90      101      104      102      112      125      132      128      169      171      199      221      199      239
      236      268      286      329      325      393      393      425      472      491      540      625      675      741      798      844      935     1026     1143     1253
     1305     1453     1492     1621     1663     1807     1831     1907     1973     2034     2035     2077     1885     1861     1728     1712     1541     1501     1333     1302
     1235     1166     1039      981      871      713      740      729      648      531      506      509      431      392      373      362      292      266      271      249
      212      220      185      177      180      148      152      125      110      117      135       96       92       99      102       78       89       61       75       76
       59       58       64       66       82       83       83      108      105      112      115      145      137      137      166      174      167      180      198      212
      230      261      277      292      317      364      385      434      437      499      497      628      602      695      723      804      834      986     1011     1094
     1122     1221     1281     1457     1509     1531     1619     1731     1692     1691     1680     1811     1742     1700     1548     1550     1360     1314     1269     1121
     1151      996      895      910      800      746      628      590      560      581      525      436      421      411      374      331      332      296      251      255
      216      205      216      170      166      157      122      141      108      124      105       99       88      100       84       75       74       59       65       75
       63       59       78       85       72       89       91      103       90       96      110      130      126      131      128      169      172      169      206      217
      213      261      261      262      316      332      370      394      403      429      501      555      562      649      678      701      854      881      905     1013
     1115     1127     1130     1255     1244     1386     1444     1518     1479     1528     1544     1551     1509     1484     1350     1423     1250     1184     1191     1041
     1055      931      869      810      747      648      682      600      560      520      412      447      405      328      324      310      295      266      271      240
      225      168      183      149      152      158      144      140      127      119       78      108       92       91       75       85       74       75       68       63
       57       84       58       66       86       71       76       94      105      103      109      132      118      143      129      139      156      175      208      183
      215      252      266      280      297      328      350      345      434      424      473      472      539      617      619      695      747      725      886      958
      975     1027     1100     1103     1197     1220     1270     1235     1326     1276     1393     1376     1358     1285     1189     1255     1161     1031     1031      968
      950      847      834      728      699      680      590      616      477      506      432      396      383      351      333      292      283      262      260      238
      217      189      173      160      161      130      125      125      106      119      110       96       98       85       79       76       67       69       55       54
       58       64       64       77       75       79       85       84       95       96      121      114      126      134      144      137      171      198      190      194
      224      231      249      256      309      290      354      325      396      405      450      496      487      527      592      630      684      756      819      809
      816      998      988      962     1057     1075     1150     1131     1187     1168     1193     1177     1148     1166     1134     1040     1022     1006      955      844
      849      764      764      696      627      603      600      518      449      451      414      379      348      348      298      276      268      290      218      222
      213      192      167      195      142      128      141      139      136      114      106      108       82       78       88       72       79       70       61       82
       70       44       66       81       75       83       96      110       85      104      110      106      125      132      161      135      165      164      183      206
      202      247      231      270      274      303      307      329      391      422      410      421      492      576      506      577      643      667      743      785
      765      847      865      934      962      969     1037     1032     1063     1052     1060     1074     1074      957     1050      969      937      850      855      767
      786      710      701      627      572      561      496      486      441      424      435      392      320      289      269      262      249      234      242      208
      170      182      166      140      150      167      121      117      130      101       88       85       96       95       83       63       73       71       62       67
       62       71       58       74       74       69       81       98      103      104       79      104      111      137      146      140      155      176      165      180
      187      232      238      241      288      273      306      308      304      382      411      414      440      521      529      542      577      637      668      710
      725      750      816      869      917      907      917      940      937      962      923      935      914      901      917      854      829      785      779      801
      708      607      639      617      565      502      489      436      377      413      382      376      290      299      268      262      221      245      241      214
      187      206      181      150      138      120      118      136      116      100       91       83      109       91       71       65       86       78       66       62
       57       49       57       77       62       68       71       96       94       96       94      101       90      121      125      113      138      154      180      196
      189      203      258      239      219      295      263      326      334      307      343      419      395      454      497      496      537      599      623      634
      654      675      701      754      834      815      815      838      837      873      820      793      795      799      744      821      720      679      730      692
      615      553      558      601      502      474      455      417      408      350      347      346      299      270      267      251      250      206      202      173
      166      168      137      145      152      151      146      110      124       94       90       80       69       71       75       75       69       71       56       43
       45       51       48       52       70       68       77       73       78      104       89      116      113      112      123      125      137      153      147      212
      216      193      208      235      247      281      229      294      309      322      346      347      414      446      450      489      517      532      523      551
      638      648      677      648      695      744      760      779      787      791      732      784      705      727      691      714      657      664      680      572
      553      565      557      489      456      462      421      395      345      355      332      274      269      247      246      233      215      189      185      193
      184      156      182      146      131      126      119      105       93       99      101       86       85       82       78       67       72       62       63       58
       55       51       56       60       72       73       67       68       95       83      106       96       97      126      124      125      138      124      161      161
      165      180      233      231      246      229      272      261      258      295      324      368      369      378      407      402      453      478      502      530
      576      578      642      618      608      631      637      684      724      684      700      651      626      707      649      610      594      565      558      616
      549      504      513      465      473      420      422      399      373      321      293      299      267      237      235      254      232      220      171      183
      192      143      155      129      131      126      150      101       92      113      108       91       67       67       66       66       69       54       55       65
       62       42       56       51       72       80       72       76       80       82       91       99       91      116      111      139      136      141      167      156
      159      196      164      213      223      225      237      265      253      267      304      338      329      372      374      415      395      409      413      491
      498      536      561      608      603      585      582      594      575      641      600      672      595      604      620      548      542      535      558      531
      477      460      469      443      426      407      356      351      311      308      250      286      252      227      219      242      201      196      181      168
      152      134      129      134      127      112      111      112      109      106       78       83       71       72       68       69       75       61       68       49
       54       59       66       58       66       69       61       66       80       80       77      107      110      123      109      109      114      144      129      170
      179      170      151      202      198      232      228      247      244      283      269      285      318      367      334      369      375      385      418      440
      445      473      464      512      527      543      563      566      589      581      550      575      554      558      536      590      489      523      509      443
      467      418      397      393      382      336      365      325      287      292      252      232      224      240      219      198      196      177      145      178
      164      142      140      148      123      115       96      116      107      100       86       76       73       63       71       59       55       68       74       61
       43       55       43       63       49       67       54       56       80       76       89       79      102      125      114      113      118      114      132      140
      142      173      167      195      187      217      221      224      250      256      251      294      289      325      324      327      387      403      406      426
      414      440      456      457      514      476      458      473      513      552      521      495      519      512      448      473      471      433      464      441
      396      429      399      371      356      336      288      310      288      247      274      248      238      227      215      189      171      182      166      162
      144      125      115      114      136      115       95      102      103      105       75       70       76       69       71       65       54       56       65       43
       41       50       42       57       45       65       72       88       77       68      101       94       79      109       90      110      117      134      146      139
      158      164      175      143      160      202      198      218      240      253      263      278      315      292      301      325      341      375      390      367
      395      374      405      459      443      444      473      491      448      440      486      478      473      475      471      452      430      395      458      402
      375      380      384      341      322      296      293      254      292      266      241      228      215      220      191      192      168      194      159      154
      142      127      126      102      108      113      104      108       71       93       75       72       75       61       60       50       57       55       55       58
       50       53       63       57       49       55       68       78       79       74       88       72       80       85      105      119      120      129      123      132
      127      166      155      165      164      171      181      196      191      236      247      234      283      275      286      280      323      292      373      381
      364      380      369      362      371      409      404      436      392      467      429      439      452      469      387      384      366      352      380      379
      364      341      332      318      317      276      291      253      252      227      206      233      213      192      183      165      168      144      149      165
      133      117      119      102      113       95      110       86       80       76       73       70       60       62       59       71       53       48       40       38
       50       47       56       61       62       57       76       76       71       76       77       91       83       86       84       90      114      125      112      140
      123      148      159      165      144      167      173      187      193      189      224      207      249      249      260      269      263      345      336      342
      337      333      340      346      366      337      374      358      356      394      400      384      375      374      397      353      324      349      326      374
      340      312      300      308      275      265      240      248      234      225      227      199      194      175      167      154      172      150      147      132
      118      134       91      106      104       91      101       84       70       84       75       66       70       77       64       55       71       51       58       54
       39       47       50       49       60       53       52       51       76       73       71       76       88       82       97       93       83       93      126      123
      109      134      140      153      124      178      159      193      186      219      221      223      237      255      250      268      286      281      241      319
      316      336      299      312      347      355      361      381      349      344      365      358      339      369      366      310      340      314      312      297
      286      294      289      275      236      269      270      220      202      226      198      191      203      165      167      155      142      137      138      132
      130      117      114       85       93       91       97       88       87       87       69       65       73       65       54       57       52       47       39       46
       47       54       49       50       55       69       62       73       82       65       76       63       76       77       68       80       96      118       98      118
      130      139      147      132      129      156      151      178      196      158      181      202      190      205      228      226      252      252      269      278
      295      304      317      293      331      340      295      336      348      310      331      353      316      343      343      338      286      331      296      295
      279      284      240      264      243      226      234      197      194      184      206      182      157      178      171      159      104      127      112      128
      120      106      105      102       90       90       73       93       88       80       73       63       67       56       55       45       51       55       51       46
       35       41       49       53       51       60       58       78       69       74       68       71       70      104       85       84      116       92       94      136
      118      131      121      141      130      154      137      152      160      209      210      193      187      191      203      229      256      244      244      255
      260      212      301      276      263      273      288      324      313      309      316      321      272      337      285      256      264      273      307      273
      234      274      272      248      225      194      223      193      170      189      182      170      187      131      161      144      123      122      138      126
      109      114       87      108      102       82       84       92       75       77       69       68       84       53       55       51       51       55       44       54
       37       48       41       34       44       55       60       62       79       57       75       66       74       71       78       85       81      107      104       98
       94      125      109      133      112      142      123      155      157      167      146      192      188      183      180      211      208      232      239      232
      243      277      271      261      245      293      278      264      251      267      285      289      258      274      249      260      241      257      245      223
      244      240      241      259      205      181      217      199      184      175      153      161      152      151      158      146      118      112      110      119
       88      108       97      107       97       92       89       74       68       67       79       68       55       69       56       55       59       57       49       39
       48       43       36       50       66       56       55       59       50       53       71       67       46       84       71       73       96       96       92       93
      113       97       92      112      138      126      148      142      162      172      153      175      158      198      205      198      187      211      204      227
      230      230      219      226      216      292      228      229      249      269      232      253      234      250      227      258      254      234      229      223
      195      204      216      196      175      204      187      194      179      158      147      131      153      145      134      110      109      116      120      113
      104       87       89       74       82      104       81       81       71       57       65       71       54       59       57       47       51       51       30       34
       35       32       36       47       42       43       48       48       62       62       67       55       75       72       76       90       85      102       96      107
      109      114      114      103      134      119      132      142      135      157      138      144      174      171      175      178      175      196      180      212
      184      234      226      225      217      224      209      190      261      224      256      252      207      233      231      213      215      223      213      221
      218      188      219      170      161      173      154      180      175      183      139      145      141      133      119      127      118      106      114       76
       85      106       85       81       88       90       62       68       58       60       67       73       57       50       52       48       66       48       39       33
       38       44       42       40       42       45       35       54       57       45       64       64       62       81       84       66       87       89       80       94
      103       78      120      108      103      103      113      130      130      134      162      124      151      166      147      169      181      193      181      169
      206      200      199      230      208      217      216      231      228      209      221      211      240      200      207      213      196      239      206      172
      203      179      196      157      170      151      163      139      125      156      128      162      145      113      134      121      117      108      111       92
       80       91       86       77       90       64       65       65       71       63       68       63       54       46       35       46       47       41       37       43
       38       38       52       55       40       58       39       57       51       65       58       73       59       65       70       69       54       76       70       81
       89       79       93       96       93      119      129      127      120      109      149      129      124      156      166      156      159      165      168      173
      207      176      201      224      194      196      196      188      203      194      215      209      212      186      205      188      203      207      188      181
      176      169      173      202      162      176      165      145      156      140      138      148      127      114      126      109       96      100       93      105
       89       84       82       88       76       63       61       53       71       54       59       47       51       57       43       42       38       49       46       31
       31       31       33       50       42       43       49       48       44       51       40       55       63       59       75       93       77       85       76       91
       94       87       84       84       98      121      119      113      118      114      135      135      123      143      138      135      157      163      147      165
      171      195      173      188      170      199      154      160      216      170      171      195      188      178      188      166      144      146      192      181
      168      167      146      157      145      140      149      156      124      126      113      116      109      121      125       99       94       83       99       86
       79       79       90       64       65       71       66       65       61       56       65       56       51       57       45       50       44       42       39       42
       49       30       40       37       46       54       52       60       58       65       36       63       72       63       71       67       71       83       78       80
       95       94       93       90      109       96      104       97      115      111      123      128      145      138      134      142      121      171      147      156
      167      175      169      162      162      162      187      190      160      158      178      154      192      160      168      182      172      147      179      157
      136      164      137      180      164      135      128      111      121      106       91      116       93      110      110      116       94       73       76       90
      100       64      105       67       95       59       76       53       58       61       57       51       45       32       47       44       49       39       38       37
       36       32       40       33       40       51       43       54       43       50       67       68       53       66       56       52       69       66       85       65
       68       93       96       79       81       91       83      103      100       97      127      106      110      140      112      138      143      139      140      150
      137      138      156      178      146      141      163      141      153      178      167      140      163      186      156      153      151      128      145      162
      153      146      140      162      111      134      109      118      124      106      116      114      104       90       97       93       78       85       86       82
       99       61       61       63       70       58       59       65       53       49       60       57       65       51       36       57       41       48       32       21
       29       36       50       38       42       39       57       45       35       46       49       51       45       50       58       57       60       72       56       79
       79       87      101       85       92       78       75       80      101      106      119      114      138      132      137      117      135      135      137      118
      126      131      138      135      153      141      162      155      128      158      143      155      142      156      160      149      141      145      148      134
      127      140      141      122      109      108      115      119       99      127      120       90       78      102       82       78       92       90       58       74
       93       66       55       48       58       77       57       54       48       55       51       37       41       58       26       42       30       34       31       34
       32       27       31       28       43       38       42       39       47       48       43       68       36       54       61       60       56       60       76       68
       68       84       84      100       95       85       96       98       96      105      113      111      106      101      128      102       96      128      133      130
      119      108      130      135      129      130      128      148      147      121      133      128      152      154      127      152      120      121      114      131
      143      133      119      119       98      100      107       97       86      108       96       81      103       91       86       86       58       80       64       77
       82       67       62       61       58       61       58       61       43       52       64       47       44       42       34       34       29       44       46       28
       43       38       23       42       49       44       44       37       47       43       41       46       44       51       56       50       51       69       69       52
       60       79       55       93       85       65       82       79       82       99       96      106      112      106       82      116      114      107      130      110
      134      127      127      129      130      138      130      139      123      130      131      123      105      144      114      138      134      133      115      108
      113      124      123      114      107       93      108      116      100       93       83       88      103       88       71       77       80       74       57       56
       71       60       64       43       53       51       54       46       29       50       50       39       37       38       38       31       46       33       35       23
       29       34       36       36       26       38       30       55       47       47       48       39       38       52       54       63       53       47       61       48
       57       66       61       83       83       90       75       73       82       98       88       83       82       96      118      116      100      109      125       97
      109      116      105      116      131      107       99      127      110      131      121      130      135      112      108      103      105      113      119       98
      109      115      105       98      101       95       89       90       99       94       90       77       71       77       81       62       61       69       73       80
       67       46       57       58       49       57       45       53       62       49       38       42       31       25       43       32       43       33       27       25
       33       35       25       33       34       31       34       32       33       49       51       39       40       49       43       54       59       44       51       61
       59       61       61       55       58       82       80       94       82       91       88       82       79       88       96       81       95      104      103      104
      129      121      108      103       99      109      139      141      111      136      117      116      120      123       98      107      127       90      113      105
      109      105       97       99       82       91       96       81       89       77       81       89       92       68       73       92       69       63       56       54
       50       66       61       55       56       38       47       41       37       50       40       39       29       39       29       33       43       27       26       22
       33       38       25       46       38       30       36       35       36       54       41       41       43       56       44       62       45       61       67       68
       64       45       63       71       63       94       66       86       80       74       93       88       80       82       92       87       79      109       96      120
       84      118       89      111      115      116      104      121      100      111      107      108      100       90      106       99      125      109      100      118
       91       91       93       85      112       85       98       91       69       82       72       66       72       58       87       65       56       61       71       71
       51       60       42       47       53       55       40       59       45       46       47       35       30       42       42       28       30       39       28       27
       27       25       24       26       26       24       42       41       42       39       55       51       47       46       49       55       51       48       46       56
       58       45       61       61       63       70       56       65       68       67       58       90       70       81       93       79       99      109       92       85
       94       87      105       87      106       92       99       97       97       91       88       94       90       93       79       97      118      107       97       82
       93      101       86       66       75       79       85       82       88       82       76       92       79       59       69       52       41       65       65       45
       47       42       66       53       61       59       47       28       38       35       39       40       26       38       26       33       23       32       27       24
       30       40       32       35       37       28       31       31       38       46       30       38       44       39       46       45       52       42       42       54
       55       60       45       65       56       77       76       70       60       74       87       61       81       54       91       82       80       95       84       83
       88       79       92      102       92       98       85       70      101       99       66      100      118       86       82       93       90      100       84       89
       90       92       92       94       69       80       77       57       76       68       65       60       64       56       64       59       82       50       55       60
       42       51       52       59       40       53       47       45       45       44       31       35       41       35       28       40       29       41       25       24
       25       27       40       28       30       37       22       36       29       41       47       37       30       42       35       37       41       44       46       52
       59       53       61       62       67       57       60       61       74       71       67       59       66       67       69      102       69       79       78       83
       88       73       89       93       97       84       85       84      100       77       83       94       80       77       76       62       79       86       96       89
       95       83       71       71       70       89       55       84       70       48       64       52       56       56       59       54       53       50       53       60
       45       47       45       49       43       41       45       34       36       43       34       36       37       36       36       24       19       18       26       34
       31       30       33       30       42       24       27       32       48       32       27       23       35       39       43       40       50       43       32       48
       45       54       50       56       43       50       48       62       53       55       54       70       79       67       81       59       70       70       75       77
       72       89       81       96       74       92       94       83       85       87       83       78       86       76      105       87       82       87       97       90
       91       70       76       71       73       74       87       72       84       74       58       49       58       56       51       69       49       43       44       42
       45       57       45       42       29       46       45       31       42       47       48       30       48       36       40       27       28       35       29       30
