       22       21       15       28       33       19       30       38       26       29       29       26       34       40       34       43       43       37       51       46
       34       48       56       50       38       57       59       51       59       56       49       68       66       64       67       73       64       73       68       62
       83       52       72       67       84       71       81       71       64       81       84       65       76       66       65       73       69       74       71       64
       68       55       75       64       62       65       62       57       59       52       61       57       48       66       48       34       45       50       45       37
       48       35       38       34       42       46       39       39       40       41       30       40       33       21       27       22       19       39       24       33
       31       33       32       27       29       27       39       38       28       33       46       36       33       35       25       32       41       43       44       41
       55       62       55       71       58       60       72       46       61       57       58       57       68       64       64       60       70       66       65       69
       72       73       69       84       71       89       64       76       60       83       60      101       79       80       86       81       77       59       91       83
       72       48       75       68       65       51       67       62       56       58       68       52       46       45       64       49       50       58       47       49
       42       51       38       46       50       24       37       26       36       38       24       35       15       21       37       26       23       32       29       28
       27       32       28       29       24       35       37       32       29       36       38       33       27       33       31       40       36       48       50       43
       48       53       52       57       51       57       59       73       53       74       77       66       79       68       67       97       77       60       72       73
       83       63       82       67       82       72      106       90      108       83       90       89      100       81       77       74       72       79       81       87
       75       74       85       83       83       87       78       70       73       65       63       69       63       57       51       50       60       49       53       50
       40       51       45       41       54       42       36       39       36       39       26       31       34       29       27       36       34       25       25       25
       28       27       25       26       32       18       35       15       29       35       30       37       33       37       42       40       42       36       45       52
       53       57       45       67       58       57       63       70       75       78       69       75       78       65       56       54       74       86       82       94
       77       84       83       71       86       84       97       83       96       70       97       90       87       89       88       87       79       77       84       84
       92       69       82       63       96       59       67       63       73       57       52       75       75       47       60       57       67       53       49       69
       46       47       44       36       50       38       50       34       35       33       30       38       35       28       35       35       31       30       28       34
       36       39       30       39       26       33       39       30       37       43       44       56       46       39       37       44       53       50       53       44
       57       66       55       43       65       65       51       74       61       65       60       66       72       78       83       85       79       77       93      101
       89       92       90       89      100      103       98       91      106       97       81       80       98      100       82       78       84       83       93      109
       87       71       83       66       81       80       69       77       74       95       68       85       67       58       70       47       56       65       57       49
       43       45       47       50       46       45       48       41       43       43       34       46       37       36       29       29       40       20       32       31
       24       27       28       35       26       29       45       31       40       35       45       39       55       40       47       58       44       51       44       54
       54       60       51       59       51       76       54       80       90       85       78       81       92       63       98       80       72       75       83       95
      105      101      111       97       95       77      116       81      123       96      107       88       83       96       83      110      108       95      104       92
       92      113       80       88      106       92       69       82       81       69       73       74       68       70       70       80       53       52       61       61
       59       43       43       49       46       48       55       45       50       42       34       49       47       43       29       31       36       34       36       27
       24       21       34       28       30       37       29       33       30       27       42       43       44       40       45       52       52       53       49       53
       72       65       74       74       85       61       65       78       90       81       85       78       90       92       99       91       97       79       82       90
      105      105       96      111       97      109       78       98      123      104      105      112       99      132      100      105       87       99      104       93
      102       87       92       89       92       95       98       87       88       74       80       85       71       80       63       72       56       64       56       53
       50       45       39       56       58       52       46       47       48       43       39       51       36       41       39       37       37       27       24       31
       35       24       28       26       32       37       38       27       35       45       42       39       52       50       51       57       54       47       64       62
       57       71       65       60       62       73       78       88       81       74       82       85       86       88       96       95       85      110       99      104
      109      106      109      115      119      105       99      107      116      131      127      106      121      123      104      124      117      118      119       97
       88       97      107       90      104       92       88      100       81       89       89       75       59       70       86       80       81       74       63       59
       57       56       60       54       57       50       41       47       43       48       44       44       40       33       23       36       36       37       39       23
       31       42       30       29       39       33       33       41       35       33       55       43       52       37       60       58       55       53       48       61
       64       61       69       77       69       79       75       80       85       82       89      107       79       98       95      105      101      108      100      124
      107      137      132      114      124      120      112      107      122      117      130      132      139      114      122      115      114      124      129      107
      131      124       94       97      103      109       96       94       98       90       94       97       94       72       73       73       72       71       75       67
       62       73       42       60       46       61       46       44       53       57       44       39       39       26       42       34       35       41       31       26
       25       37       34       36       30       47       32       49       38       49       54       53       60       41       40       52       64       56       49       65
       74       71       74       77       60       83      107       88       94       88      102       77       96      116      106      117      115      118      112      128
      129      128      141      147      122      138      110      155      125      138      148      107      148      134      128      121      159      141      111      123
      118      114      124      117       99       95       98       92       88      104       90       95       95       78       76       72       86       69       64       52
       74       66       51       61       50       43       62       67       46       47       45       33       44       54       27       24       29       31       33       34
       34       36       31       36       31       45       51       49       32       52       38       40       62       63       61       43       71       78       75       63
       78       65       57       82       78       75       73       84       88       90      108      112      103      104      130      116      139      101      135      144
      152      143      120      127      128      151      120      160      155      126      145      146      116      152      132      138      118      129      139      121
      130      117      133      128      135      117      127      111      134      106       88      116       95       82       93       97       66       73       77       57
       68       76       51       61       59       55       44       63       45       46       36       31       45       46       36       43       32       40       32       27
       39       37       43       38       35       35       45       44       38       54       45       48       60       47       46       65       56       51       85       73
       77       64       63       70       77       82       99       80      101      101       95      101      118       98      110      107      128      138      118      147
      145      140      104      164      148      142      156      132      153      151      163      168      130      146      176      119      147      141      125      165
      164      164      105      136      114      131      106      121      104      116      100      104      102      119      108      101       90       92      102       79
       80       76       52       53       60       44       58       50       46       49       56       54       37       47       42       41       36       39       27       29
       35       33       47       39       43       40       41       37       54       46       54       34       50       46       70       63       75       76       71       74
       78       85       86       68       99       91      107      103       95      114      106      110      119      127      143      145      161      129      149      165
      142      170      191      157      146      178      188      163      162      164      156      156      164      164      149      129      161      151      155      139
      149      134      134      147      133      145      129      124       92       99      107       90      100      100      113       93       74       87       85       71
       90       80       67       73       78       59       56       53       54       54       49       40       51       43       44       51       28       36       38       35
       32       36       36       42       33       47       37       62       51       59       51       56       60       52       70       61       74       74       80       77
       65       86       97       90       95       92      117       87      120      144      114      113      133      142      151      152      130      157      153      145
      162      143      152      166      178      175      179      169      197      172      164      159      166      180      183      180      180      148      147      154
      179      163      144      138      134      137      137      111      133      116      122      103      118       89      110       74       90       93       71       88
       76       91       78       82       64       68       79       55       47       64       52       42       57       49       52       40       36       41       45       43
       39       32       39       36       47       45       66       49       47       71       56       45       57       63       68       66       73       85       74       82
       70      100       93      101       94      104      103      137      112      103      125      135      148      134      143      150      144      154      154      180
      161      178      183      192      171      202      199      172      190      186      185      186      185      195      185      169      173      178      205      166
      166      148      150      156      146      156      133      140      137      134      113      124      127      113      103      116      104       91       95       61
       96      101       66       90       74       58       68       64       58       61       65       61       41       43       38       42       35       30       48       36
       42       48       40       45       43       51       46       49       60       50       63       48       79       43       62       63       66       73       78       84
       84      102      103      100      114      116      108      105      153      116      143      133      149      139      142      164      180      161      181      169
      171      196      194      152      184      191      193      194      205      207      202      175      174      185      188      191      188      193      198      181
      166      180      152      163      146      139      134      131      133      148      121      121      118      109      107      113      110       93       93       88
       78       68       95       74       75       67       67       50       74       55       58       48       51       48       50       39       47       47       32       29
       37       24       39       46       46       47       48       43       54       48       51       60       49       53       58       74       65       83       67      100
       98       93       90      108      109      121      113      133      141      124      147      140      155      136      169      201      202      188      194      223
      205      180      185      193      209      226      212      204      214      184      201      244      230      186      213      215      220      167      200      186
      189      195      169      187      175      162      148      133      131      152      151      150      110      114      128      106       99      119      113       95
      102       81       98       63       63       69       75       53       49       64       50       55       46       55       42       58       43       39       47       48
       30       40       51       52       43       51       48       49       64       68       75       71       95       60       59       73       83       96       89       97
      104      122      110       94      109      125      131      116      158      169      159      160      155      174      195      178      172      194      206      203
      222      195      208      245      209      233      234      255      221      259      243      271      226      229      233      235      230      221      232      194
      197      202      201      179      172      177      170      144      165      142      149      121      133      136      107      119      120      128      110       86
      100       78       96       80       80       78       78       67       57       53       60       46       59       55       53       43       45       41       42       35
       49       68       37       58       54       41       62       57       56       63       57       57       75       85       78       81      101       85      108      111
      104      111      116      118      138      140      123      141      139      157      171      170      162      180      203      194      199      190      201      238
      231      217      249      248      261      232      240      246      245      254      254      250      262      262      234      272      236      254      239      240
      224      225      195      199      221      177      181      179      180      166      159      156      145      141      130      117      129      125      100      117
       84       76       66       80       84       94       68       68       82       72       71       52       55       43       49       48       42       69       41       44
       46       47       48       49       54       50       50       56       52       52       69       72       67       66       56       65       68      104      112      100
      115      115      122      120      139      128      136      143      159      169      164      167      179      190      192      213      207      228      230      240
      242      229      235      293      280      254      277      236      308      261      280      281      278      260      245      261      261      262      228      236
      233      249      202      199      217      194      175      175      198      187      160      179      160      153      155      130      110      106      120      112
      124      101       84       88       81       74       70       68       56       67       59       53       64       55       49       48       45       63       48       56
       40       58       39       50       46       44       58       60       70       64       67       67       79       87       66       81       89      105       86      110
      123       87      138      137      148      168      117      145      147      190      171      181      179      190      214      222      240      235      277      239
      262      293      297      302      297      276      320      287      300      282      305      311      276      266      295      303      283      299      272      251
      257      231      254      258      223      214      208      209      204      194      168      190      138      141      139      123      127      117      132      109
      115      104       92      106       68       71       80       70       62       71       71       52       46       74       51       44       55       50       40       40
       48       46       51       50       50       44       63       58       61       65       74       84       64       89       89       87       91      108      112      107
      131      119      133      157      158      159      156      157      164      200      204      204      215      221      218      252      220      251      243      318
      327      293      325      281      304      319      323      324      296      352      343      316      317      301      317      297      322      304      305      301
      269      263      274      218      236      229      212      206      183      207      178      222      182      162      162      173      138      139      123      127
      119      123       94       85       93      101       72       75       71       73       67       56       58       44       64       62       59       62       36       48
       53       54       60       51       45       53       57       70       63       77       70      101       75       91       83       96       88       99      107       92
      137      126      147      123      134      142      178      182      194      219      178      230      230      219      257      249      266      291      284      304
      332      329      339      334      331      364      325      361      347      334      362      353      320      344      336      355      355      316      308      315
      290      300      280      270      245      226      233      238      203      225      199      193      192      169      170      143      157      125      128      133
      132      100      113       95       85       97       91       82       85       75       62       68       59       75       45       49       49       47       42       48
       46       49       52       46       53       62       75       59       73       77       72       89       93       89       98      104      108      120      112      121
      128      146      128      148      166      166      186      193      208      203      220      241      256      233      247      253      279      277      339      325
      350      361      352      378      386      383      407      390      392      400      384      422      401      410      390      367      332      384      344      339
      343      308      272      307      275      270      267      249      237      216      197      200      175      170      154      160      149      129      137      128
      120      125      106       82      101       77      106       97       87       85       70       65       66       63       49       59       61       51       46       57
       46       41       54       48       44       61       56       64       68       77       86       79       84       76       92      105       99      141      129      124
      143      143      135      184      165      166      198      208      205      223      218      234      286      278      303      299      295      300      327      357
      382      383      449      414      391      421      414      422      437      459      395      418      419      443      406      392      392      418      375      342
      342      324      324      329      287      296      277      267      240      261      222      193      221      197      193      149      158      177      137      140
      141      127      123      103      114      107       75       98       76       85       91       56       60       73       56       64       55       46       45       45
       57       53       53       42       57       64       83       72       59       73       65      126       98       88       92      120      109      140       97      139
      159      138      160      160      178      187      181      191      217      226      246      250      271      311      308      312      347      352      381      368
      383      389      409      457      483      450      462      452      462      455      430      509      443      490      460      436      415      404      402      416
      366      350      360      288      330      305      321      286      271      279      229      221      199      217      181      176      167      165      152      129
      132      137      120      110      107      109       97       80       92       73       66       65       85       61       56       60       58       58       54       52
       42       67       79       60       66       66       69       66       76       81       94       95       81       90       98       99      121      124      124      152
      135      165      165      192      181      207      219      219      246      276      298      274      291      291      312      389      380      351      393      401
      402      459      439      483      491      513      489      523      491      506      482      501      526      526      501      466      438      451      461      467
      395      420      383      363      354      313      343      273      263      303      243      268      215      214      203      184      177      166      161      151
      154      144      119      121      112      103       96       94       87       75       87       70       78       58       68       68       65       53       64       47
       59       52       46       55       64       77       57       69       78       87       74       87      105       85      107      122      100      124      142      147
      147      159      188      179      197      236      194      219      276      239      301      275      319      330      359      365      405      460      444      467
      493      485      493      503      520      515      569      569      542      592      548      563      551      563      615      524      517      490      502      496
      473      429      402      445      356      387      343      329      298      326      269      262      222      238      206      212      175      169      155      144
      143      154      134      119      123      105      116      111       87       78       93       86       91       62       69       53       63       64       57       63
       63       65       70       69       59       60       86       78       83       91       92      100      100      100      103      120      113      108      139      149
      145      187      184      197      226      205      238      237      275      312      326      315      363      374      380      430      427      445      470      465
      515      518      561      599      630      597      572      662      637      579      622      619      658      632      634      559      563      581      551      525
      501      466      459      395      381      364      330      371      323      289      283      237      264      236      242      220      193      166      169      163
      152      156      135      122      149      120      107      106       97       84       98       92       81       79       68       56       64       53       44       56
       65       55       53       52       48       70       84       80       97       84       87       91      102      115      129      126      144      133      152      166
      179      174      215      219      202      233      263      256      242      321      309      355      386      363      397      450      447      490      519      560
      561      621      664      656      654      702      725      703      770      671      669      672      692      697      705      683      611      653      639      543
      523      482      465      463      426      411      423      331      334      324      330      258      289      260      245      249      211      203      188      166
      164      154      132      134      114      110      126      108       93      114       94       69       66       65       67       77       67       75       62       52
       63       56       66       81       64       82       62       81       88      100       89      102      106      114      137      137      128      127      155      166
      159      164      214      225      242      240      237      274      294      316      344      365      386      413      426      454      468      531      531      575
      648      678      676      682      726      710      774      721      747      770      837      775      808      765      733      742      706      682      659      632
      614      557      508      448      467      452      406      394      399      370      346      288      291      239      242      214      207      191      188      180
      181      160      146      144      123      115      132      105       95       84       90       90       75       77       71       90       80       67       50       45
       53       53       68       48       85       76       73       87       70      100      113       83       99      122      119      134      136      139      153      184
      166      186      210      232      258      258      266      290      338      302      375      405      472      449      495      493      573      557      620      658
      676      721      788      782      830      831      814      839      878      867      927      856      869      886      830      768      779      743      714      642
      601      584      591      556      480      475      425      401      388      387      349      344      287      296      269      239      221      181      190      189
      205      143      144      128      112      115      118      106      115      114       85       79       77       75       67       80       66       64       64       51
       70       50       77       60       71       73       86      106       91      101       98       92      111      108      116      137      140      151      150      177
      190      223      256      240      259      253      298      297      341      383      374      365      459      479      539      557      547      628      633      696
      765      732      896      903      824      976      964      960     1049      995      959      983      938      898      958      874      912      811      755      731
      695      738      606      599      562      514      474      414      378      359      359      349      320      273      260      261      251      223      197      191
      162      168      167      133      140      132      110      119       95      114       85      105      102       79       75       66       52       61       79       61
       60       58       67       61       71       79       86       85      101       79       92      115      129      119      100      136      140      182      179      174
      182      220      238      257      264      277      319      302      372      376      410      425      488      508      585      587      627      686      696      730
      883      856      944      919     1045     1040     1054     1096     1154     1122     1111     1094     1108     1007     1051     1015      971      934      860      866
      749      748      651      631      596      563      488      481      440      401      419      370      296      314      270      263      230      242      214      192
      182      166      166      157      131      141      119      112      114       99      106       86       90       70       67       84       68       44       66       75
       64       62       67       66       84       76       84       89       83       99       87       96      107      105      132      142      180      159      173      227
      219      207      230      220      281      306      322      379      367      424      393      455      515      553      639      620      680      730      821      837
      899      935      947     1054     1148     1179     1211     1221     1237     1186     1184     1208     1268     1191     1109     1110     1059      987      946      958
      856      811      711      733      636      632      507      528      456      420      389      379      356      311      287      271      244      246      229      196
      179      195      175      140      162      134      150      107      125      115       95       74       91       77       68       74       70       61       67       51
       69       68       72       73       90       87       74       87      116      103      106       98      130      131      147      131      149      170      201      224
      226      238      277      289      271      294      323      385      384      400      454      501      508      571      630      700      774      799      867      969
     1013     1087     1145     1216     1253     1344     1328     1452     1455     1476     1443     1418     1448     1424     1263     1239     1187     1149     1086      957
      927      875      794      762      717      583      593      524      499      481      428      376      338      309      325      304      244      269      234      210
      198      193      176      156      135      138      130      105      125      106      110      115      108      116       79       71       75       69       61       58
       50       48       64       74       61       82       75       92      103      108      101      120      117      158      148      143      154      150      190      206
      240      230      246      281      309      338      340      402      386      411      490      569      554      632      696      738      795      892      885     1010
     1068     1162     1255     1345     1316     1554     1525     1616     1621     1745     1641     1613     1663     1568     1443     1432     1331     1285     1180     1121
     1027      913      859      825      762      626      606      590      521      504      454      424      387      380      293      298      268      238      246      198
      198      197      177      193      168      149      147      103      123      109       96       98       79       92       82       66       57       77       61       56
       63       65       65       67       83       60       78       91       99       94      128      123      129      143      144      147      177      192      162      200
      224      242      284      306      312      363      355      380      441      467      472      526      636      611      715      777      817      947     1050     1173
     1167     1267     1408     1438     1635     1726     1774     1798     1844     1891     1973     1942     1758     1746     1718     1601     1572     1391     1257     1187
     1079     1040     1018      913      805      710      697      618      560      488      458      451      368      335      317      324      289      251      258      284
      223      218      182      172      155      171      119      118      119      106      108       95       80       94       83       86       68       63       50       61
       74       62       76       91      102       76       86      104      107       99      107      122      136      138      144      166      169      204      199      212
      217      288      275      303      340      356      415      397      429      484      504      615      653      650      747      852      970     1033     1113     1203
     1323     1450     1576     1725     1807     1997     2100     2130     2232     2262     2188     2230     2212     2075     1931     1904     1742     1566     1466     1298
     1257     1157      995      894      854      775      674      632      601      531      498      440      417      379      323      330      255      265      244      236
      201      223      153      167      139      184      112      107      122      114      112      106       91       74       84       72       75       71       67       55
       41       74       77       83       67       82       90       88       87      109      107      119      120      132      150      140      192      216      203      199
      225      273      272      283      329      364      371      430      410      501      518      584      647      733      819      945      965     1067     1204     1312
     1482     1549     1721     1849     2046     2253     2423     2433     2639     2587     2594     2552     2520     2361     2276     2191     1864     1792     1588     1489
     1373     1223     1041      982      902      791      806      711      615      482      571      477      392      375      363      333      329      274      254      254
      224      225      178      191      161      140      142      123      132      118      108       92       93       89       85       95       71       69       76       60
       68       79       67       72       78       85      109      114       94      112      118      129      125      141      127      148      182      205      184      216
      273      241      302      311      359      384      381      465      454      536      560      636      715      747      853      953     1073     1129     1317     1451
     1610     1735     1954     2166     2477     2682     2790     2930     3097     3148     3110     3043     2936     2677     2514     2348     2242     1935     1774     1642
     1421     1337     1194     1056      925      892      747      703      673      606      546      476      433      417      365      363      280      297      274      239
      223      207      181      185      167      147      147      143      129      122      102      102      104       92       85       77       75       70       57       61
       55       68       70       67       60       75      116      103       96      135      109      134      130      141      152      148      200      200      221      229
      244      262      296      302      339      378      441      408      528      606      660      673      716      827      827      971     1090     1316     1396     1524
     1793     1942     2304     2469     2690     3054     3279     3418     3587     3681     3813     3595     3370     3281     2975     2712     2484     2196     2002     1816
     1600     1443     1279     1184     1037      924      858      730      674      619      514      526      483      426      379      349      337      290      279      265
      230      203      197      217      181      153      154      152      141      129      118      107      105       99       80       78       66       68       60       71
       64       80       61       81       67       92       74      101       89      115       86      125      123      157      159      147      196      210      223      218
      243      296      309      337      358      428      438      471      556      642      662      770      733      860      958     1064     1301     1378     1595     1780
     1899     2253     2480     2760     3107     3448     3834     4107     4285     4547     4555     4533     4269     3872     3491     3111     2786     2545     2150     2006
     1699     1494     1333     1189     1045      973      890      796      675      613      562      529      444      452      373      355      347      283      284      257
      229      214      184      155      197      165      173      129      143      130      141      114      102      105       99       96       80       74       65       62
       56       62       70       74       74       75       93      119      101      102      114      151      148      164      169      179      186      218      194      234
      254      302      308      349      385      421      425      488      565      582      669      712      769      856     1010     1100     1279     1519     1602     1856
     2116     2460     2813     3234     3682     4094     4532     5194     5455     5617     5567     5466     5037     4607     4061     3584     3183     2715     2433     2089
     1817     1606     1497     1280     1114     1040      952      846      772      674      623      570      504      431      421      378      371      307      286      234
      233      212      214      181      174      161      151      148      128      121      120      106      113       95       94       74       74       64       69       61
       61       94       78       65       60       89      100       82      112      120      133      133      118      144      194      188      193      212      232      240
      260      279      330      350      368      428      408      485      530      604      687      780      881      918     1042     1235     1261     1574     1746     2014
     2374     2682     3105     3582     4185     4976     5369     6240     6797     7153     7164     6878     6273     5563     4846     4214     3694     3131     2688     2270
     1939     1693     1547     1408     1202     1041      938      824      803      695      597      552      515      454      414      391      334      310      298      274
      235      222      219      169      190      169      150      143      129      121      121      110      111       83      104       75      105       82       77       78
       75       59       97       88       78      100      116       98      113      107      115      130      127      167      155      206      191      215      227      270
      276      313      269      376      371      424      488      506      566      620      677      821      855      939     1012     1182     1452     1568     1806     2183
     2460     2840     3419     3950     4797     5620     6816     7836     8884     9519     9473     8869     7713     6722     5738     4772     3890     3452     2926     2523
     2098     1891     1646     1516     1233     1042      979      866      792      689      596      640      555      449      427      386      351      339      286      245
      253      251      226      179      181      161      186      162      135      136      129      126      115      103      107       76       70       65       67       53
       57       68       71       66       72       98       97       92      108       93      119      123      156      158      163      170      202      220      218      256
      273      261      360      372      400      409      446      521      615      667      729      771      926     1034     1092     1241     1495     1662     1937     2360
     2585     3148     3718     4444     5367     6660     8205     9970    11815    13350    13360    12128    10131     8161     6656     5387     4444     3711     3210     2627
     2262     1890     1638     1517     1283     1189      985      807      737      726      586      589      538      491      419      394      322      328      311      299
      288      221      207      200      180      184      159      167      133      107      110      100      101      115       97       99       73       71       71       67
       66       59       70       74       78      112       98       95       96      100      133      138      151      141      161      190      185      207      220      256
      307      298      345      364      379      424      518      523      583      714      732      835      854     1021     1171     1307     1507     1747     2077     2300
     2727     3368     3967     4891     6111     7623    10070    13343    16866    20095    20054    16875    13009     9975     7624     6171     4978     4002     3297     2808
     2350     2012     1821     1551     1283     1142     1017      930      809      751      647      595      582      509      400      393      346      307      312      286
      252      224      224      222      150      164      184      159      132      125      149       92      111      103       93       68       81       78       74       65
       61       51       76       66       81       84       78      101      106      139      117      131      150      153      194      175      197      216      235      276
      292      295      316      390      405      450      498      540      597      643      792      841      936      976     1175     1355     1548     1886     2098     2484
     2891     3442     4084     5251     6513     8431    11614    16573    24903    35418    35369    24450    16360    11451     8607     6539     5208     4149     3477     2847
     2407     2087     1755     1537     1348     1143     1047      939      801      744      672      584      528      478      437      452      352      326      313      265
      232      240      197      212      188      179      171      114      143      120      120       96      111       80       93       90       84       75       81       66
       55       66       79       65       83      103      112      113      115      106      112      132      151      145      171      175      208      208      222      264
      273      304      329      349      431      470      470      485      614      646      729      826      888     1010     1203     1371     1582     1795     2085     2509
     2828     3481     4255     5257     6688     9228    12815    19463    33897    96834    96032    34173    19371    12512     9324     6729     5245     4413     3525     2930
     2517     2098     1818     1553     1378     1139     1062      903      840      770      616      585      559      514      458      423      374      345      326      288
      275      238      215      192      183      160      159      148      152      130      108      122      113      101       84      103       78       60       73       78
       73       63       66       76       97       87       96       89      102       95      128      145      144      137      180      191      219      199      235      259
      303      294      333      371      392      424      465      520      588      660      733      850      913     1006     1200     1374     1513     1794     1981     2383
     2946     3531     4330     5331     6894     9102    12705    19378    33717    93186    94294    34401    19396    12804     9013     6854     5362     4162     3602     2971
     2537     2137     1762     1570     1317     1235     1026      991      834      721      643      597      542      467      471      375      388      321      320      255
      242      232      214      187      191      183      152      139      138      140      120       92       90       96       99       86       67       71       48       82
       60       78       76       87       95       91       83       81      118      105      133      111      145      181      188      183      201      222      214      287
      284      300      352      371      439      400      448      531      547      617      753      779      984      996     1168     1379     1521     1727     2041     2504
     2878     3532     4252     5050     6542     8572    11792    16417    24753    35565    35573    24922    16406    11523     8500     6482     5151     4228     3530     2935
     2514     2027     1821     1601     1306     1253     1027      906      848      768      581      596      551      482      479      398      320      319      304      279
      239      219      206      210      194      146      172      139      139      134      104      102      113      103       96       76       90       70       78       85
       54       63       72       64       81       63       80       94      102      122      140      121      115      150      178      206      232      207      223      260
      258      301      365      362      393      382      467      500      604      643      778      844      923      970     1128     1315     1507     1758     1996     2321
     2827     3351     4021     4957     6187     7726     9989    13173    17082    19928    20095    16980    12966     9814     7555     5906     4847     4113     3419     2904
     2341     2085     1729     1468     1311     1109     1051      860      790      760      636      613      515      481      453      390      352      319      292      276
      240      230      201      201      204      171      166      154      142      128      123       91      109      112       93       66       78       81       86       68
       55       76       75       72       97      103      106      107       92      108      123      122      125      151      134      158      175      213      222      230
      268      304      314      366      363      445      459      522      581      654      753      789      886      966     1187     1261     1448     1671     2007     2255
     2692     3223     3770     4581     5525     6715     8294    10189    11879    13578    13478    12171    10047     8310     6728     5481     4512     3730     3167     2681
     2256     1974     1691     1452     1192     1137     1017      932      814      703      657      588      530      451      432      417      335      349      316      308
      251      229      220      208      204      216      147      138      130      122      127      118       93       99       87       70       82       84       70       63
       72       72       77       99       82       92       93       83      110      103       98      136      136      140      155      198      193      181      217      251
      258      269      314      356      409      402      473      534      547      680      679      765      853      983     1155     1225     1376     1571     1845     2154
     2523     2911     3439     4069     4829     5877     6690     8024     9005     9613     9665     8959     7933     6759     5811     4936     4171     3432     2791     2633
     2185     1930     1638     1400     1264     1171      939      894      815      743      662      613      505      493      441      402      354      326      277      292
      245      242      212      201      191      194      167      167      118      127      125      126       99      101       93       87       72       73       84       70
       64       66       63       80      103       92      113      114       90      118      131      137      144      177      165      146      197      223      202      228
      265      275      325      379      392      404      440      518      509      622      714      756      864      932     1049     1207     1364     1588     1818     2022
     2388     2739     3269     3690     4152     5039     5499     6328     6901     7280     7180     6944     6278     5722     4869     4281     3585     3194     2735     2348
     2026     1786     1595     1375     1236     1101      906      874      838      725      605      565      527      470      438      372      370      329      288      251
      250      194      258      186      194      167      144      146      166      122      103       97      110       84       80       84      110       67       60       79
       50       78       77       89       80       77       91      105       87      101      136      130      130      152      166      169      197      200      219      248
      262      285      288      334      422      410      440      500      545      598      656      730      819      870     1028     1150     1284     1418     1672     1961
     2166     2476     2935     3212     3713     4221     4569     5115     5489     5837     5780     5487     5109     4793     4055     3796     3181     2842     2516     2201
     1881     1605     1466     1327     1132      979      909      835      734      692      577      564      562      471      428      372      339      339      298      280
      234      239      227      210      165      187      174      148      129      129      121      102      104       90       79       92       87       80       65       67
       76       52       56       75       87       85       96       93       94      105      102      133      131      144      134      199      156      225      220      217
      281      266      277      350      380      380      410      458      522      590      674      740      830      887     1028     1043     1279     1404     1633     1682
     1995     2172     2423     2844     3133     3570     3949     4148     4569     4666     4672     4625     4255     3879     3571     3302     2882     2518     2343     1952
     1689     1585     1409     1250     1117      991      864      797      730      651      584      533      505      431      381      377      285      264      251      251
      221      215      212      172      183      159      134      147      125      109      145      122      105       94       90       78       72       79       71       66
       69       68       67       83      100      103      104      104      109      109      124      136      133      150      144      174      193      187      253      237
      257      292      312      320      333      386      438      455      558      571      604      634      756      884      931     1011     1175     1331     1447     1649
     1742     1998     2335     2532     2704     3108     3302     3463     3680     3725     3875     3758     3664     3288     3125     2784     2580     2300     2019     1828
     1615     1378     1279     1116     1099      975      861      746      693      620      576      519      463      380      385      381      319      301      261      248
      231      211      196      158      173      178      162      125      131      117      115      120      100       95       82       63       86       83       67       49
       65       73       85       72       90       93      102       89       93      107      119      124      134      169      144      158      188      181      227      215
      237      277      280      323      371      372      414      436      515      523      597      667      693      795      897      962     1096     1204     1358     1530
     1688     1828     2053     2212     2394     2653     2855     2983     3027     3111     3257     3086     3052     2889     2604     2446     2177     1968     1918     1727
     1457     1333     1230     1103      944      823      809      688      714      600      597      490      437      409      386      349      328      272      244      266
      243      209      199      205      159      144      147      138      127      108       89       99      101       84       85       79       75       65       60       62
       58       69       77       74       70       83       87      105      112      107      123      105      109      148      136      149      168      178      210      245
      242      288      279      293      374      378      384      420      448      517      572      641      700      778      826      905     1027     1143     1217     1346
     1539     1608     1789     1951     2136     2311     2443     2539     2574     2561     2680     2575     2492     2364     2232     2035     1978     1810     1733     1488
     1303     1268     1133     1022      906      856      773      663      660      570      510      468      444      427      361      322      287      269      290      282
      252      219      186      181      156      150      151      143      122      123      124      106       98       78      100       61       79       84       57       63
       58       62       76       58       90       82       88       68       84      104      128      115      120      136      132      155      187      162      198      207
      223      254      266      295      324      349      410      435      424      474      515      615      659      686      782      866      908     1033     1110     1241
     1385     1504     1680     1758     1904     1952     2135     2204     2228     2279     2242     2262     2183     2091     1936     1755     1817     1599     1494     1344
     1295     1116      989      923      834      819      704      634      577      585      478      472      427      362      339      331      327      293      249      240
      230      193      194      160      164      138      138      152      120      121      114      106       97       78       81       81       68       78       69       45
       52       75       65       71       79      100      106       90       96       96      105      108      109      133      157      132      175      203      177      230
      216      260      232      278      332      352      394      385      437      459      535      592      583      642      757      796      874      931     1043     1167
     1226     1268     1489     1540     1633     1824     1927     1835     1933     1983     1967     1961     1918     1814     1707     1602     1573     1457     1360     1258
     1051     1066     1019      889      785      739      676      612      570      519      476      409      399      366      356      312      310      313      275      247
      231      205      177      172      172      145      135      136      110      132      116       88       83       96       79       89       70       71       70       53
       72       60       65       92       77       81       80       89      111      113      109      122      115      144      140      146      141      189      192      232
      214      243      290      271      302      334      360      375      428      475      546      528      581      684      664      735      831      869      972     1032
     1074     1213     1326     1399     1502     1500     1616     1701     1670     1678     1697     1738     1692     1635     1454     1418     1320     1356     1196     1157
     1030     1008      924      875      722      672      626      591      549      499      443      386      381      346      309      296      287      260      247      227
      219      204      188      169      166      155      122      117      126      104       97       94      100       70       74       84       71       80       53       59
       64       66       61       68       79       78       84       85       77       87       99      107      133      132      135      161      142      184      172      190
      219      235      252      275      289      308      335      354      395      452      481      504      531      581      693      706      716      742      877      990
     1000     1095     1141     1257     1326     1266     1362     1531     1443     1547     1521     1447     1480     1394     1425     1331     1260     1247     1049     1032
      978      880      823      800      663      660      602      549      489      509      443      388      357      335      301      322      277      282      213      205
      236      191      188      162      129      165      115      138      118      132       99       86       95       83       83       78       65       65       72       54
       61       56       68       60       81       75       86       94       87      120      121       96      113      128      149      159      147      168      206      201
      178      226      255      251      299      301      325      336      377      410      488      498      517      597      562      600      721      759      756      869
      919     1010     1092     1118     1179     1193     1232     1293     1327     1291     1300     1281     1267     1279     1225     1184     1055     1048      994      967
      865      776      797      681      708      617      573      524      485      405      446      376      341      287      294      290      262      214      210      199
      217      190      151      170      149      141      116      129      109      129       93       87       89       81       74       69       79       71       76       72
       57       74       73       64       64       80       73       86       86       96      122      115      114      125      127      162      144      167      206      176
      176      211      231      283      271      298      312      356      313      357      427      414      450      503      529      616      632      651      720      791
      815      873      974      997     1095     1083     1171     1140     1126     1134     1190     1144     1102     1146     1175     1005      965     1009      866      882
      831      726      719      632      596      589      532      456      470      424      372      358      322      303      299      251      264      220      218      192
      196      181      131      131      152      140      106      109      126      114       97       98       75       65       67       60       71       68       74       50
       56       53       77       78       74       84       82       86       91      102      118      111      131      104      158      172      148      153      178      185
      180      183      235      220      268      295      287      350      352      374      403      432      446      465      484      606      569      697      699      763
      757      861      841      887      914      965     1016      992     1013      975     1011      983     1060     1018      966      912      888      922      802      785
      715      698      633      620      574      542      493      424      389      395      361      367      315      250      271      281      238      216      201      203
      189      176      148      158      131      122      135      119       93      103       91       99       88       87       83       72       70       58       68       72
       49       49       48       56       86       68      100       99       83       86       91      120      116      113      126      129      150      145      163      175
      159      178      218      218      217      262      266      311      319      356      354      403      444      442      474      529      590      564      590      673
      648      757      790      807      837      856      883      883      949      905      939      919      875      918      842      840      800      758      697      733
      714      648      550      528      526      473      441      443      382      412      330      305      305      284      250      228      247      221      195      171
      162      183      136      152      141      134      139      122      112       86       92       90       85       69       74       79       77       66       63       60
       60       48       63       66       78       73       77       74       90       91       96      107       93       99      111      122      147      147      152      150
      175      188      226      203      233      243      266      266      291      352      346      404      381      424      447      486      541      533      563      601
      642      681      731      739      742      770      811      803      839      829      837      833      764      765      780      728      698      736      650      674
      606      540      546      484      454      422      442      458      394      368      329      315      289      258      262      245      205      211      222      173
      160      167      141      143      113      139      128      120      114      107       79       77       74       77       73       60       67       67       48       57
       49       61       57       59       62       66       81       79       92      102       79      120      104      116      105      119      130      141      165      163
      194      196      210      207      234      246      240      292      302      286      336      363      388      389      432      418      443      505      537      611
      618      649      645      643      667      769      699      701      694      723      738      731      716      772      709      676      656      669      610      617
      533      526      507      489      456      438      387      377      376      329      311      283      262      261      238      199      192      229      191      159
      180      144      150      135      120      113      126      128       90       95       90       83       89       67       83       72       56       45       42       66
       51       65       61       59       63       49       78       62       66       79       92       94      103      109       95      127      114      146      160      142
      158      151      185      188      240      221      237      259      269      280      300      342      399      359      413      397      426      499      535      547
      505      609      567      582      611      565      666      625      641      700      711      674      684      623      698      617      591      562      512      545
      526      514      482      447      460      375      353      346      306      342      283      279      271      226      210      196      184      200      184      216
      167      134      129      139      100      137      106      101      102       71       87       70       89       74       87       63       72       56       52       67
       48       58       67       70       74       57       83       70       68       87       67       85       89      144       92       97      102      125      154      149
      154      182      197      191      190      192      185      255      253      295      324      342      338      372      380      377      413      411      465      469
      509      525      509      532      561      595      586      571      613      580      563      613      617      611      583      523      531      548      540      494
      435      461      441      436      378      343      351      306      277      280      274      238      231      206      216      187      183      199      171      159
      151      134      138      132      105      103      103      115       81       93       80       69       81       66       80       55       51       61       50       56
       45       48       58       50       50       62       76       85       79       87       88       80       88       97       95      115      119      137      142      157
      157      157      179      180      197      196      187      240      239      272      271      306      309      341      356      378      393      409      444      438
      450      470      482      503      511      552      509      507      570      562      546      508      519      570      499      503      469      484      474      442
      426      417      404      377      386      300      325      307      282      306      275      261      261      227      183      172      165      187      150      165
      132      133      122      114      125      111      106       93       99       88       80       93       63       69       57       59       49       49       43       56
       54       57       43       50       56       63       65       76       55       74       78       95       86      101      105      112      119      141      147      170
      150      166      166      177      200      192      174      217      244      230      246      294      300      286      297      346      348      383      365      408
      428      430      439      418      428      495      463      458      519      475      482      473      498      509      435      448      478      441      455      406
      407      383      356      370      346      305      343      269      281      257      235      256      229      195      183      186      179      162      168      159
      122      122      145      140      117      111      111       90       91       69       80       74       87       58       61       75       71       50       55       51
       58       65       46       58       82       61       53       75       64       77       60       91       93       91      100       98      130      117      132      122
      128      138      168      167      198      179      199      213      241      251      227      271      261      285      306      329      328      342      359      374
      389      376      384      419      430      423      462      436      432      475      413      433      490      459      438      412      411      423      391      357
      401      357      339      332      327      311      305      260      278      246      247      198      203      208      170      160      148      146      165      143
      119      141      119      125      116       92       78       83       90       95       73       72       69       66       83       50       70       40       47       52
       46       57       33       50       61       64       72       58       58       73       80       96       88       96       99      123      121      111      128      131
      119      131      159      161      161      164      164      200      207      232      238      235      253      247      254      287      333      296      341      352
      329      357      396      396      402      363      420      397      436      417      402      407      392      421      372      365      370      351      375      353
      317      344      303      314      305      250      276      257      222      191      244      225      210      195      161      170      170      148      136      117
      116      124      123      110      103       93       93       74       81       73       76       75       50       78       67       63       50       60       44       53
       59       47       51       48       62       52       63       60       67       72       81       61       66      117      100      111       86      103      108      114
      113      150      139      164      146      169      156      185      190      189      204      241      233      260      213      274      315      283      301      299
      318      326      345      344      347      319      406      369      400      368      395      387      372      404      361      357      337      328      368      335
      331      298      283      272      280      239      246      256      231      215      220      208      177      163      169      169      163      147      142      123
      102      107      128      103       95       98       85       90       92       79       57       75       67       56       58       74       57       52       44       44
       44       51       43       56       44       65       56       52       62       62       87       65       79       91      109       90      104       93      104      112
      105      129      138      142      143      171      173      154      206      206      182      205      218      245      232      249      288      291      274      290
      308      330      316      324      312      310      357      334      348      320      370      346      353      304      303      340      314      310      291      280
      299      281      278      269      294      245      235      234      194      202      216      175      176      181      161      167      138      145      142      136
      122      115      121      116       95       96       89       83       59       59       70       65       55       55       51       58       47       40       59       46
       33       47       44       62       58       57       53       57       84       53       71       87       76       83       84       89      102      107      101      103
      109      126      116      145      133      158      135      145      183      180      181      179      218      214      261      242      226      262      229      214
      257      286      260      321      303      295      321      320      347      330      337      353      308      329      321      297      260      297      260      258
      244      268      282      246      230      228      221      237      199      199      190      193      197      189      127      150      150      133      137      104
      111       88      107       86       96       72       81       82       81       68       71       62       57       68       58       62       47       38       50       33
       34       49       39       45       51       46       52       46       60       59       72       66       68       85       84       83       88      110       88       98
       94      127      126      133      126      104      169      138      176      185      201      183      184      225      198      214      220      231      199      229
      242      249      260      277      278      290      282      287      253      287      334      289      282      297      265      296      276      256      260      253
      241      264      228      198      223      201      167      183      189      145      168      157      161      138      147      144      124      132      104      118
      101      122      103      108       81       87       81       63       76       53       65       81       62       72       52       47       51       42       48       38
       59       44       57       40       57       43       65       65       61       69       60       49       76       72       94      104       93       81      105      112
      113      120      115      125      124      143      145      162      132      181      162      161      183      213      202      203      231      230      243      236
      196      232      239      252      246      263      264      242      320      256      282      278      259      262      254      254      252      242      260      246
      239      228      246      189      215      183      189      187      166      176      193      147      156      154      139      124      104      116       97      101
      105      109       97       85       89       90       68       81       70       72       74       57       58       51       46       51       41       39       42       38
       28       37       43       54       49       58       60       72       64       47       68       69       67       77       65       99       88       92       93       98
      118       96      103      112      126      112      145      129      142      151      163      183      196      178      192      195      212      196      220      224
      222      215      209      232      227      248      233      253      262      237      223      250      248      216      266      219      234      207      222      223
      210      217      187      195      200      174      166      179      179      137      160      142      121      147      131      142       97      105      114      126
       95      114       94       84       79       76       77       57       72       56       53       65       62       54       59       56       34       49       48       45
       46       49       41       52       51       33       53       47       53       61       59       64       76       77       79       76       79       82       71       91
       92       84      113      100      115      130      131      130      133      137      143      148      148      154      180      180      203      198      209      206
      224      205      229      241      218      236      205      201      224      263      228      219      219      224      217      228      225      233      211      204
      226      194      192      190      152      178      161      150      171      157      140      143      157      147      124       94      103      108       97      105
       89       92       76       92       62       70       76       71       68       59       52       69       60       55       48       65       37       42       36       35
       49       43       50       44       43       54       50       49       61       50       58       54       61       45       71       75       67       83       88       99
       88       82       98       86      100      104      112      145      129      133      133      148      161      154      170      173      169      193      194      188
      202      199      188      200      203      197      197      214      196      200      224      224      181      194      187      208      195      202      193      199
      210      163      198      166      173      147      125      167      152      148      114      142      142      117      115      130      120       95      106      107
       81       90       84       72       78       72       64       71       62       63       65       54       61       49       60       50       43       29       40       35
       31       52       52       46       41       54       47       42       49       50       56       63       57       67       72       72       72       63       79       93
       93       92      109      110       94      102      122      138      107      120      130      141      152      149      135      174      166      187      169      158
      194      199      203      202      172      193      175      192      231      177      196      194      218      192      202      207      189      191      163      172
      170      159      147      173      167      139      143      130      130      139      147      122      124      113      121      101      104       94       83       78
       99       81       83       83       79       69       55       54       65       56       58       50       52       43       48       42       60       38       43       30
       23       43       32       38       34       39       52       53       57       52       56       47       69       60       65       61       70       84       87       86
       85       78       97       79      105      101      116      126      139      113       97      152      125      142      149      115      162      145      172      159
      175      169      191      179      178      178      181      176      205      174      162      173      171      185      174      194      183      163      166      152
      146      178      173      135      142      146      155      124      142      110      141      134      126      116       99       94       93       90       82       94
       73       95       86       72       71       70       81       55       67       60       53       51       41       51       41       37       31       27       34       44
       33       33       38       48       53       44       56       40       51       54       58       63       50       71       62       59       62       47       72       84
       91       86       88       90       89       92      106      113       95      116      109      117      116      159      139      143      153      147      143      143
      136      155      150      154      178      157      183      166      174      173      170      189      188      181      167      169      164      170      154      177
      156      158      122      124      139      116      128      115      129      119      128      109       96       86       99       97       83       96       74       70
       66       65       66       57       71       60       68       58       55       59       61       62       42       43       46       38       41       43       50       34
       41       33       39       33       42       44       37       47       51       48       43       51       69       51       70       73       61       87       74       82
       80       70       79       86       84      102       90       86       91      114      117       96      120      108      127      114      136      129      155      154
      151      150      152      164      129      152      146      179      156      156      135      153      153      147      168      158      133      127      183      164
      135      140      141      168      135      126       99      110       94      109      103      100      104      108       75       94       89       94       98       67
       93       87       58       68       72       56       58       38       46       49       57       59       38       43       45       48       32       27       28       33
       36       26       29       47       34       32       43       47       32       49       50       49       69       52       59       61       62       77       72       72
       64       80       88       77       94      102      105       84       93      110      123      112      114      112      128      136      134      132      148      125
      127      133      136      144      151      131      153      161      145      143      146      146      128      149      136      144      137      145      139      122
      137      135      129      111      115      111      120      109       89       88      102       92      100       87       84       96       86       83       76       83
       59       58       75       76       71       59       56       50       61       35       45       70       53       40       34       31       34       41       35       28
       25       39       39       38       38       32       37       51       48       44       49       50       70       57       58       47       64       52       61       68
       66       79       73       86       89       78       91      110       93      100       92       94      114       95       92      115      115      107      131      120
      133      118      110      152      123      138      137      141      122      162      135      134      126      124      122      116      119      124      141      152
      123      142      103      113      103      122      124      100      106      100       96       99       96       97      105       76       68       88       67       71
       82       67       60       66       53       54       46       57       34       52       49       47       62       39       43       27       40       42       28       27
       33       39       28       40       40       34       44       46       54       46       44       53       46       49       48       69       73       61       75       67
       59       76       73       63       81       68       81       73       80       87      100       95      111      109      101      120       98      137      110      115
      122      124      109      118      119      116      132      128      114      102      124      121      120      124      139      126      144      162      141      118
      115      138       97       89      116       89       98       92      100      121       95       87       69       66       91       85       57       81       60       64
       70       51       64       67       63       49       55       51       46       50       42       50       51       38       39       45       26       32       34       28
       37       27       52       36       32       30       40       46       38       41       48       46       64       53       52       45       48       67       68       55
       53       44       84       67       63       92       80       92       85       80       90       82       83      103       93       91      101      101      114      121
      125      125      123      127      103      134      117      122      126      107      124      121      108      100      129       98      109      124       95      103
      107       83      119      101      100      104       89      101       78       87       78       87       84       97       78       67       71       63       65       65
       65       46       51       69       59       52       64       46       57       37       50       49       30       47       56       35       34       33       41       24
       17       37       28       29       33       47       32       38       36       41       41       41       44       44       46       52       45       62       50       61
       59       49       64       76       75       78       79       91       69       96       94       66       95      107      122      101      102       90       97      110
      113      111      104      125      112       99      114      113      132      126      126      112      130      135      133      121      114      111      102      100
       97       95       86      120       99       78       90       90      100       76       79       71       78       71       71       48       78       52       78       62
       50       56       55       56       42       52       48       52       54       44       44       38       30       40       28       36       28       44       33       29
       41       27       28       27       26       30       37       30       32       40       42       38       41       45       50       66       39       53       55       55
       60       66       62       65       58       66       63       82       80       68       90       82       96       82      101       82       93      100       98       90
       75       79      129       98      110       99       87      115       90      124      107      106      113       85      109      111      113      116      100      101
       90      104       94       96       97       94       85       80       82       68       73       80       73       63       62       76       70       59       76       60
       52       47       57       49       49       29       36       35       40       35       38       32       45       34       36       33       36       30       37       21
       26       35       34       27       38       34       39       34       26       46       41       35       48       49       53       37       47       47       62       51
       45       55       75       58       65       63       68       56       73       69       62       85       87       83       90       64       68       76       83       93
       81       84       99       93      100       80      104      100      106       99       88       89      102      100       95      104       88       84       91      117
       95       90       83       88       81       87       73       91       80       73       72       85       71       87       64       53       55       72       68       56
       51       46       42       48       56       51       37       49       33       38       42       29       39       34       32       43       37       28       23       42
       28       23       23       39       26       25       28       38       34       41       36       31       46       37       40       54       52       54       52       57
       57       49       59       51       48       62       68       65       75       56       69       80       75       73       97       73       88       83       74       95
       82       99      103      104       88       99       88       68       92       90      101      108       78       82       92      106      103       98      104       79
       88       95       92       84       78       85       74       72       60       71       78       65       58       73       72       63       60       54       62       54
       59       51       49       50       35       46       35       42       34       35       27       35       33       28       29       34       28       21       26       22
       24       26       24       30       31       22       27       35       36       36       49       31       44       34       44       46       44       45       47       47
       44       42       61       57       76       55       70       55       65       82       66       78       81       74       73       90       73       77       87       62
       79       89       85       75       75       82       96       88       90      100       83       92       81       92       92       62       84       91       86       85
      101       94       73       81       82       89       81       74       68       61       72       70       60       61       78       62       58       44       55       49
       54       38       54       50       32       37       48       43       37       37       32       26       39       32       28       23       32       28       25       28
       32       27       42       23       17       27       29       29       36       44       21       34       46       17       44       31       40       46       33       51
       43       44       59       46       64       52       64       58       73       68       54       53       58       83       59       68       64       58       80       59
       91       72       69       76       77       95       81       89       77       91       87       85       75       83       83       66       92       78       84       79
       76       62       65       62       80       76       92       61       56       57       70       48       52       73       74       54       47       55       49       58
       43       43       34       42       34       34       40       41       45       29       28       47       28       28       28       29       35       28       20       22
       24       28       26       31       27       38       26       30       31       28       37       34       39       36       39       44       37       37       31       38
       57       64       68       45       42       50       68       57       51       47       57       59       75       75       69       84       62       64       70       77
       52      105       71       85       55       75       76       71       74       90       57       67       83       77       82       73       76       60       80       70
       65       66       65       66       58       70       46       66       57       57       50       42       63       62       42       44       51       55       41       51
       40       50       53       37       35       45       26       47       40       33       38       34       29       21       32       30       39       24       23       21
