       25       27       27       32       20       35       38       35       44       37       35       37       41       51       41       55       47       41       52       59
       44       59       66       65       63       53       77       67       69       74       75       73       75       80       79       57       67       76       81       71
       74       87       79       84       96       83       84       83       83       85       76       94       69       79       72       97       80       79       72       96
       79       67       64       81       83       82       57       63       81       76       65       56       61       61       73       60       67       48       61       51
       61       50       40       46       40       47       52       45       43       40       42       32       29       29       39       36       29       23       17       32
       28       26       38       24       37       43       28       40       40       44       44       30       41       36       49       41       35       48       41       61
       46       54       45       49       62       61       59       57       64       67       65       93       74       64       82       78       77       92       77       87
      106       79       90       83      113       95       86       88       91       68       78       72       84       91       85       96       86       85       78       86
       80       79       80       81       66       90       58       77       66       86       70       77       75       86       76       68       57       51       40       51
       65       60       60       48       26       36       38       27       40       49       31       38       41       27       26       22       44       35       30       29
       33       27       21       34       31       38       37       39       41       38       42       50       43       33       42       51       35       49       41       59
       66       59       70       61       46       47       72       75       78       68       62       69       67       86       81       77       92       90       95       94
      100      101       89       98       90       83       96       93       98       96       90       91      102       73      100       87       88       74       68       82
       89       81       79       78       89       59       86       88       76       79       76       71       71       52       54       66       75       63       63       59
       52       48       63       56       35       53       52       46       43       41       56       40       25       30       37       31       37       29       37       36
       25       39       27       30       26       34       41       51       29       46       60       48       44       38       58       43       57       50       47       73
       54       53       57       68       72       78       84       68       58       60       81       74       95       91       66       73       90       83       98       93
       87       99       83       89       99       81       97       79      100       92       71       96       94      104       97       80       91       87       93      100
      107       84       91       96       90       79       84       98       77       67      100       66       67       60       97       65       64       56       67       71
       50       54       61       60       59       65       46       50       47       33       49       36       42       29       36       37       36       36       36       40
       32       41       30       18       33       35       31       46       41       46       36       36       40       58       50       50       62       55       59       61
       51       57       68       80       71       70       72       73       60       75       66       73       84       82       86       78       87       86      109       82
       83       98       78      104      105       91      101      113      107       85      136       91      114      101      103      107      107      100      110      105
       98      101       93       86       95      100       82       80       72       77       96       85       60       92       75       75       51       67       64       67
       60       63       73       59       52       64       52       46       43       44       45       44       39       35       32       36       37       28       40       31
       35       36       31       32       41       39       51       40       44       51       37       41       50       55       63       48       57       54       72       80
       77       56       63       76       73       76       71       72       81       72       97       82       81       92      101      101      114      105      102      105
       93      113      125      114      111      109      129       98      101      111      113      120      111      112       98      113      117      113      100      103
      112      108      106      102       83       99       85       85      105       89       91      101       81       87       90       80       77       74       50       59
       67       61       57       59       61       46       59       48       48       30       42       40       48       30       28       35       48       29       29       33
       32       34       37       42       39       45       37       38       51       50       50       56       55       39       56       53       45       54       72       63
       78       90       59       85       62       70       77       85       81       96       95      103       91       98      111      109      101      115       98       99
       99      102       91      145      106      120      117      106      125      131      115      133      102       96      135      129      129      104       90      115
      106      106       85      100      121       87       89       92      110      102       90       87       72       72       83       71       83       66       62       51
       54       60       74       53       55       55       70       56       53       54       45       45       56       46       36       44       53       31       34       40
       43       31       34       37       47       38       45       48       46       49       43       47       59       61       37       42       66       54       65       53
       78       73       76       78       74       82       91       81       85       80       90       86       87      123       98      111      111      108       98      122
      140      121      124      116      117      127      120      131      117      133      114      143      130      126      133      107      135      122      120       95
      107      107      122      125      113      100       97      100      122      105      106       83       95       80       81       71       79      100       75       71
       63       55       66       58       65       73       59       48       60       50       46       37       45       35       38       34       39       36       32       40
       36       40       33       39       53       38       39       51       47       51       62       51       50       44       60       61       59       62       72       85
       83       71       81       70       73      100       99      109      106      104      114       96      114      102      108      114      113      124      116      112
      143      130      127      116      120      122      146      122      115      134      114      163      131      128      141      126      128      124      124      128
      139      113      123      127      118      105      110      118       91      113       90       93       82       77       80       78       73       71       61       69
       68       85       49       65       58       58       55       55       50       43       51       49       43       58       52       23       21       37       39       33
       36       40       38       36       41       40       31       49       58       55       53       47       58       64       63       69       71       79       66       82
       84       66       70       85      102      107       89      111      103       94       91      112      102      121      107      109      133      125      130      136
      127      136      153      131      120      128      125      144      147      151      147      140      134      122      137      138      123      152      137      142
      131      128      137      132      127      132      134      106      119      108      108       94       94       88      104       72       81       91       84       76
       73       72       77       67       62       79       45       56       51       55       46       49       46       43       44       55       43       52       42       35
       45       39       34       39       41       61       58       42       64       57       46       44       72       60       60       70       70       77       70       77
       81       94       78       80      107      101       93      119       98      126      125       95      110      119      108      131      133      141      135      137
      147      136      168      146      158      154      139      149      143      173      191      150      164      161      158      149      145      147      142      131
      137      140      136      118      141      137      122      117      106      121      105      110       90       79       99       94      103       95       78       84
       68       59       77       85       77       72       51       67       51       43       62       50       40       42       50       38       57       41       34       40
       40       30       53       47       53       49       49       58       51       52       67       65       72       65       75       61       71       66       92       80
       91       97      105      100       86      116      128      118      123      132      107      115      121      117      138      140      158      140      184      159
      119      156      165      148      158      149      154      195      152      174      138      171      169      174      152      168      153      151      180      165
      130      153      155      149      133      114      115      118      121      114      116      103      110       78      113       84       83      106      112       76
       94       67       70       73       82       43       55       67       56       47       60       67       38       51       54       47       43       39       46       25
       46       47       39       37       46       51       68       66       56       60       51       68       60       74       74       92       95       88       73      101
       95       84       86      107       93      107      104      108      111      114      130      118      137      129      134      152      165      155      136      177
      123      184      169      170      169      164      165      173      186      171      187      193      191      183      168      169      169      154      149      177
      149      166      110      149      151      135      127      118      132      127      121      116      113      110      113      107      100      108       98       80
       81       70       74       69       63       65       43       57       54       60       53       63       59       51       52       45       40       38       44       41
       42       35       38       51       49       50       52       46       50       61       71       65       62       72       74       81       69       81       81       91
       90       85      103      103       97      116      134      120      109      121      139      128      118      105      137      145      153      142      171      156
      161      182      190      183      183      200      200      183      193      214      194      169      181      166      152      168      188      155      160      157
      193      168      146      156      151      123      160      150      136      123      128      119      133      117      121      117       89      101       94       85
       82       68       83       70       77       77       64       65       62       57       57       58       61       52       44       42       38       48       28       45
       44       47       51       37       50       63       67       67       55       57       60       83       65       87       86       84       78       78       85       91
       91       95       97      105      114      101      118      120      136      144      141      147      146      158      143      153      172      147      179      171
      190      176      215      195      194      233      191      200      211      211      218      201      207      195      188      186      191      191      158      169
      197      173      161      165      176      161      129      124      173      129      122      128      123      129      105      135       89      111       98       84
       88       85       84       90       71       78       68       73       66       63       75       55       73       52       62       54       41       50       41       35
       39       42       33       43       54       41       56       72       68       71       65       72       76       75       67      100       88       88       81      111
      109      134      102      109      109       96      112      127      134      149      137      162      178      159      170      176      186      179      199      169
      183      201      208      233      224      210      211      197      238      222      216      221      224      234      244      224      209      229      216      189
      203      180      187      187      168      175      176      159      147      149      154      139      127      133      129      118      120      116      105      103
      101       83       85      104       83       74       82       80       66       65       49       61       50       48       47       54       51       44       25       32
       49       42       47       45       45       61       62       66       65       45       73       63       78       81       67       80       99       86      112       89
       96      107      118      115      112      127      118      128      154      149      153      146      170      173      188      215      187      181      218      223
      215      197      210      224      235      222      222      208      228      251      245      216      213      236      187      240      241      209      220      209
      210      187      183      189      170      197      168      177      162      187      133      155      154      136      131      131      119      124      100      113
      103       97       82       95       68       94       78       85       65       62       68       69       65       49       52       57       45       45       37       50
       46       48       54       52       60       68       54       54       73       81       55       89       94       84       87       86       76       85      106      106
      119      133      117      126      125      148      126      139      167      139      151      171      159      195      178      192      205      199      187      207
      213      235      219      268      230      224      246      227      254      262      283      269      258      247      231      240      269      237      196      259
      226      211      202      216      204      200      187      196      178      156      178      165      156      131      124      128      126      139      118       95
      106      114      102       96       91       71       65       86       75       61       57       54       63       54       51       69       42       35       59       46
       54       56       53       56       56       55       64       60       70       64       80       69       71       86      102       89      101       98      109      119
      121      138      133      139      131      150      137      140      163      163      155      186      205      169      196      197      231      208      215      238
      255      259      254      227      236      285      256      281      237      260      246      255      270      281      261      242      262      261      255      248
      249      218      223      208      201      192      194      166      194      195      189      188      137      131      150      154      134      139      110      106
      104      129       96      101       80       83       83       77       74       73       67       69       73       51       54       46       44       72       57       46
       50       47       60       48       53       59       74       61       64       64       82       68       76      105       81       82       99      107      114      115
       98      140      117      139      149      171      164      157      144      176      174      199      206      200      266      224      237      253      245      261
      243      242      260      302      297      279      292      273      268      302      298      258      281      273      277      245      250      280      269      256
      226      239      209      247      214      208      204      216      195      202      181      181      158      142      150      137      125      126      129      118
      115      120       87       97       98       90       92       72       86       84       79       70       69       57       46       67       62       48       43       62
       54       57       62       54       57       68       63       67       64       75       79       84       87       78       83       96       78      107       91      126
      146      128      140      142      150      150      184      197      173      189      217      222      221      181      181      243      208      252      253      283
      306      274      284      302      309      300      294      306      302      316      315      353      323      329      280      298      298      321      288      290
      318      276      245      225      266      226      232      229      228      190      204      182      198      168      157      183      164      114      140      122
      109      106      105       97      110       92       86       83       78       75       72       69       65       70       61       65       55       65       44       52
       67       56       67       50       56       59       76       67       57       74       94       85       78       99       98      107      120      108      117      120
      126      159      121      133      185      175      176      180      211      195      205      182      229      211      223      280      256      269      281      300
      300      275      306      361      320      312      318      339      335      321      326      350      342      314      305      304      331      329      308      317
      332      308      253      255      285      262      247      224      246      213      199      196      176      164      139      181      145      157      137      112
      127      110      101      103      103       97       75       84       84       82       59       72       65       66       69       55       52       55       49       61
       56       67       61       68       69       63       66       72       71       84       88      100      108       77      104       80      116      104      118      148
      120      134      149      157      163      167      179      190      205      218      243      223      265      276      229      235      329      294      304      316
      308      331      315      355      357      360      375      400      364      373      351      366      386      358      381      373      368      298      334      341
      309      326      283      301      272      267      253      237      198      229      221      195      193      185      154      157      164      155      128      139
      125      125      103      129      104      110       99       83      106       87       90       68       74       66       74       49       61       57       43       44
       43       53       66       59       75       66       66       63       75       61       90       88      100      114      118      109      123      111      124      141
      154      139      164      164      174      182      198      196      223      226      202      260      251      248      287      276      283      301      300      317
      329      326      350      370      376      376      367      397      428      389      423      401      382      415      390      379      354      380      363      356
      343      331      324      300      295      267      263      239      248      251      240      191      208      182      195      177      181      149      164      135
      136      123      128      134      127      101       89      100      105       83       90       86       73       72       88       61       56       56       52       47
       60       66       53       56       71       72       59       75       68       80       88       80       90      117      119      116      122      133      120      136
      154      176      159      172      179      189      211      211      186      216      246      247      256      304      302      326      341      350      360      367
      367      370      389      380      399      444      423      425      469      434      458      422      436      435      416      419      427      422      381      386
      353      363      320      337      300      293      282      270      235      251      248      268      192      199      191      157      163      163      136      134
      132      116      138      111      105      110      101      105       78       79       81       83       78       64       61       56       60       59       56       48
       41       51       68       64       64       73       65       86       80      102       90      105       96       99      116      110      135      131      143      129
      169      156      177      184      228      221      219      237      254      247      265      280      287      323      320      346      361      374      420      404
      448      431      442      438      422      465      482      470      489      476      446      505      516      499      455      457      420      431      450      425
      416      335      338      350      326      314      288      252      266      271      256      239      218      229      200      153      166      159      176      157
      151      120      145      136      126      113      125       95       82       83       75       79       86       83       80       66       59       47       61       55
       50       63       62       59       73       82       67       71       89       95      108      107      108      128      128      127      154      138      145      160
      184      192      182      211      193      215      224      248      264      260      282      283      307      315      339      355      356      380      422      448
      398      434      485      465      445      510      545      557      550      501      532      556      527      500      517      539      477      479      493      452
      452      418      363      371      368      363      314      295      280      271      297      250      270      229      200      195      198      167      159      170
      165      139      133      127      145      117      106       84      104       95       78       93       76       64       62       65       61       62       59       54
       60       52       52       71       69       73       65       73       82      114       92      104      114       95      121      115      132      140      128      151
      151      188      167      183      211      238      231      266      250      274      315      318      318      352      348      403      392      425      425      427
      489      474      530      547      562      561      539      555      523      578      573      592      566      544      596      511      475      520      499      479
      475      448      402      404      367      392      341      298      318      299      288      264      231      243      243      221      199      206      144      160
      167      134      135      130      134      146       99      105      102      102      105       86       84       83       76       65       67       57       69       49
       64       61       60       71       53       79       81       81       78      111       97       91      108      126      132      135      120      125      145      163
      183      207      192      187      222      245      244      268      287      281      347      341      362      399      395      433      431      467      520      484
      495      539      581      497      580      617      603      636      624      627      644      627      612      674      603      557      591      577      497      509
      517      461      469      402      416      372      361      382      324      324      292      279      271      246      231      239      191      189      175      173
      167      134      141      153      121      127      107      127      100       98       94       92       92       94       78       91       67       59       66       54
       57       65       56       79       70       79       81       83      107      104      115      110      129      111      129      150      124      172      155      159
      182      215      217      212      244      245      262      248      299      322      353      400      343      412      396      489      472      486      526      514
      471      552      612      624      631      692      611      651      679      711      690      651      721      681      675      672      641      624      584      584
      515      526      459      469      466      428      404      377      369      317      315      252      264      264      246      232      208      190      209      182
      158      132      151      147      129      133      107      115      106       92      111       98       82       77       77       82       81       70       66       69
       65       67       66       62       68       79       91       87      106      110      112      116      124      118      134      142      125      163      192      178
      168      186      197      208      250      253      266      289      298      319      350      365      360      425      482      490      497      598      614      630
      617      635      677      675      654      738      722      781      772      819      717      753      760      728      704      717      682      608      663      575
      576      542      527      499      427      411      433      377      374      346      365      307      269      265      258      250      232      185      195      177
      157      167      173      157      149      135      120      125      113      105      115      120       98       91       92       87       69       62       54       48
       55       71       73       92       85       86      101       95       83      100       92      110      107      103      127      135      141      162      181      156
      217      236      200      224      230      267      295      304      305      318      370      362      425      468      467      527      517      574      556      671
      711      764      697      810      794      815      830      801      845      851      827      822      835      823      822      808      725      771      703      696
      648      617      550      549      541      468      489      395      366      318      371      330      306      282      297      234      228      233      219      184
      178      211      186      147      123      133      145      129      120       97       93       83       91       76       74       91       73       67       71       61
       50       77       71       69       93       81       86       92       95      115      102      122      114      150      133      150      167      170      184      215
      216      240      222      247      244      281      314      301      319      376      410      424      496      493      509      586      569      612      659      718
      770      823      787      871      880      913      911      907      973      944      986      992      972      892      891      895      843      771      768      767
      697      695      600      571      522      478      482      443      440      407      345      307      371      330      273      248      246      225      252      205
      197      193      180      190      156      120      117      111      110      104      105      106      109       94       79       78       70       73       62       63
       76       73       72       77       61       87       84       79      107      111      123      100      102      139      137      152      156      187      185      219
      208      195      234      240      281      279      322      329      359      392      384      405      469      498      514      558      622      664      688      771
      826      860      931      961      921      997     1037     1051     1103     1071     1097     1018     1067     1127      970      901      909      901      829      798
      761      716      706      578      539      502      513      556      495      439      356      354      339      332      299      271      264      247      223      246
      183      174      156      174      145      142      126      122      123      142      106       97       78       73       82       77       72       68       66       65
       71       69       82       77       74       81       99       98      106       97      114      120      141      131      137      174      153      184      191      178
      183      226      240      270      284      295      333      404      379      379      440      503      555      573      594      653      626      726      753      744
      857      962      942     1067     1068     1142     1202     1186     1113     1181     1173     1197     1206     1158     1137     1054     1026      980      888      886
      912      710      749      639      578      542      575      485      475      469      408      356      371      318      286      288      271      242      211      215
      210      194      207      157      152      141      138      141      127      106      109      120       90       91       94       86       71       63       60       61
       72       74       57       80       74      106      104       96      113       95      129      118      115      137      133      192      193      159      193      182
      211      242      264      315      306      312      313      359      441      430      448      540      526      567      648      653      728      761      831      786
      927      986     1071     1091     1200     1267     1346     1326     1351     1366     1351     1362     1265     1246     1275     1252     1124     1144     1062      990
      959      818      730      712      692      658      574      551      488      469      458      399      366      319      342      274      272      255      245      220
      219      192      186      165      140      155      133      113      128      107      103      111       91       92       81       81       76       84       78       65
       74       70       73       81       75      105       79      120       83      118      111      135      112      146      153      176      163      180      168      213
      212      236      249      294      295      295      344      377      394      430      491      549      612      604      690      717      764      821      797      945
     1010     1108     1171     1291     1355     1393     1400     1472     1521     1537     1621     1534     1551     1513     1408     1285     1244     1186     1060     1027
     1021      892      831      741      734      646      607      571      500      479      477      385      381      393      321      307      290      254      244      260
      223      194      183      165      162      137      157      132      135      115      133       89      116      104       86       83       85       73       81       64
       62       72       70       86       84       87      105      109      100      114      120      135      124      149      138      185      183      200      234      212
      233      243      287      307      343      366      345      408      420      506      481      546      577      655      664      784      825      922      969     1047
     1149     1190     1342     1434     1437     1588     1606     1682     1684     1768     1802     1703     1665     1643     1521     1550     1334     1283     1239     1196
     1051      987      947      876      809      683      613      563      562      545      452      421      366      393      323      345      309      284      284      282
      210      238      204      166      153      184      164      121      138      130      132      110       96      113       81       58       90       76       65       55
       74       69       77       85       86       99      105      123       99      111      116      125      148      140      147      156      196      215      216      253
      243      272      273      294      325      362      365      422      426      489      492      584      625      698      775      766      909      991     1051     1210
     1237     1400     1565     1614     1652     1764     1941     1963     2097     2073     2037     2073     1973     1913     1827     1611     1555     1454     1352     1276
     1192     1098     1023      894      797      756      681      621      592      533      509      489      415      412      365      345      314      277      252      258
      208      211      188      181      176      204      156      153      151      113      125      112      120       91       92       82       69       94       71       55
       69       66       79       88      101      106      115      115      128      102      122      111      158      142      184      186      182      187      221      258
      247      253      262      273      348      344      413      416      475      484      556      631      730      722      760      877      985     1009     1128     1242
     1329     1534     1732     1708     1951     2108     2098     2303     2295     2414     2331     2309     2306     2229     2096     1962     1794     1708     1576     1430
     1319     1137      971      978      824      857      697      744      585      568      488      488      407      408      362      351      305      314      261      243
      223      242      200      184      177      168      149      144      137      122      111      110      112      102       94      107      100       67       77       72
       62       72       92      101       96       87       88      134      133      113      118      136      143      135      168      182      192      201      217      245
      272      294      279      325      359      373      379      490      461      540      556      659      724      794      855      910      951     1129     1284     1318
     1562     1694     1844     1898     2183     2317     2484     2692     2712     2759     2737     2639     2643     2623     2307     2198     1963     1811     1584     1519
     1376     1236     1096      999      944      871      772      718      651      575      560      473      483      413      372      360      299      318      284      252
      256      228      209      202      178      149      170      140      145      125      103      109      110      108       96       88       91       80       81       75
       52       79       91       88      103       85      119      108      113      134      122      127      134      166      175      158      200      210      224      236
      255      260      292      328      364      395      426      469      494      565      586      657      736      849      879     1046     1052     1230     1348     1437
     1648     1884     2058     2314     2537     2719     2990     3210     3124     3355     3298     3290     3077     2927     2658     2441     2369     2073     1880     1664
     1544     1253     1229     1085     1052      930      848      730      658      618      504      524      438      453      385      388      331      304      278      247
      232      255      190      210      192      170      163      139      141      118      109      115      108      118      102      102       72       80       68       65
       74       66       87       76       73       94       95       98      109      126      131      126      138      178      203      187      177      243      235      246
      278      286      287      303      403      383      458      456      578      594      623      654      789      857      940     1020     1136     1299     1457     1562
     1817     2000     2292     2668     2858     3154     3253     3570     3935     3972     4013     3877     3779     3455     3132     2827     2481     2173     2073     1820
     1644     1448     1257     1136     1056      998      840      771      697      639      540      531      478      404      424      363      352      303      283      267
      259      222      218      197      213      176      165      136      149      147      112      120      101      107       91       90       80       85       76       61
       63       82       78       83       80       84      105      109      125      127      124      142      154      165      155      167      202      203      244      262
      303      308      294      343      356      424      432      450      570      588      588      701      765      916     1008     1045     1221     1411     1586     1665
     1925     2245     2579     2901     3212     3637     4033     4383     4617     4918     4826     4685     4384     4070     3644     3359     2742     2491     2200     2007
     1772     1525     1392     1249     1140     1033      878      745      677      631      603      508      456      452      414      392      328      321      313      297
      245      215      217      197      184      185      179      147      152      131      116      112      116      109       94      106       91       69       76       64
       70       63       88       77      102       94      126      110      121      138      119      129      158      182      177      197      209      225      282      248
      297      292      335      298      375      398      473      518      536      585      729      735      844      886     1004     1165     1319     1440     1709     1794
     2027     2478     2779     3155     3667     4270     4824     5431     5767     6277     6231     5898     5377     4858     4329     3789     3225     2817     2476     2181
     1910     1642     1431     1311     1166      986      941      845      739      662      610      570      512      482      416      403      345      352      285      288
      268      252      218      209      183      176      154      140      161      138      106      117      124       98      116       84       93       94       74       64
       81       69       92       85       91       82      102      114      108      145      154      157      134      185      187      176      209      250      251      267
      270      297      358      359      380      392      442      512      590      643      601      761      800      995     1024     1168     1310     1508     1643     1975
     2246     2606     2985     3569     4142     4834     5817     6751     7568     7783     7940     7443     6726     5922     4927     4181     3621     3069     2598     2291
     1966     1776     1504     1372     1182     1048      946      843      752      649      603      625      562      448      429      410      332      343      302      266
      278      241      244      193      171      168      164      161      125      150      132      123      101       97       93       73       81       80       77       59
       80       90       91       74       92      109       93      106      141      121      117      152      160      150      166      222      217      247      227      254
      291      293      359      361      403      414      460      465      555      601      678      779      844      992     1089     1232     1362     1498     1749     2069
     2426     2829     3316     3859     4756     5638     6778     8117     9775    10478    10755     9708     8493     6789     5731     4755     3892     3273     2691     2489
     2100     1830     1571     1361     1195     1061      956      887      772      687      631      553      507      491      485      389      342      317      270      297
      254      260      249      217      220      167      166      154      132      146      144      108      101      100       99      128       99       71       67       69
       72       90       78       92       87      123      110      105      123      128      122      151      175      172      166      197      226      224      241      272
      289      308      328      342      387      418      489      555      626      628      710      837      891     1042     1089     1285     1460     1612     1795     2183
     2539     2912     3538     4267     5140     6464     8232    10456    13110    15474    15575    13376    10354     8179     6441     5192     4118     3538     2981     2486
     2138     1850     1583     1405     1256     1089     1010      911      789      697      624      548      505      511      458      412      355      365      353      280
      269      242      258      207      200      177      142      176      164      139      130      120      126      112       91       92      103       80       72       67
       61       81       75       97      107       97      124      118      125      137      149      186      145      141      177      194      191      213      255      257
      274      315      358      384      406      463      500      544      618      634      748      859      902      953     1069     1288     1448     1714     1896     2230
     2522     3048     3655     4503     5529     7240     9487    12966    18540    25399    25348    18628    13282     9433     7056     5516     4531     3738     3083     2588
     2230     1907     1638     1427     1240     1112      997      937      818      716      643      580      528      484      423      382      346      366      324      274
      277      243      232      222      208      181      175      142      147      132      108      120      110       99      100      107       85       90       91       83
       63       89       93       80      113      108       96      118      125      130      128      168      164      161      201      194      207      221      244      257
      265      301      333      360      361      388      485      531      593      628      721      747      914     1014     1158     1280     1428     1579     1840     2180
     2726     3044     3771     4713     5808     7553    10062    15131    24714    55942    54566    25069    15285    10579     7639     5689     4616     3822     3103     2660
     2202     1946     1644     1463     1314     1150     1028      923      804      727      598      581      551      468      467      396      363      350      302      304
      289      224      239      199      180      203      187      150      157      159      144      133      119      112      110       96       79       92       76       85
       55       85       80       71      107       93      120      115      113      119      118      161      134      159      186      185      198      204      260      249
      278      288      357      401      396      502      468      496      580      633      745      878      945     1014     1125     1284     1491     1743     1902     2271
     2641     3049     3705     4775     5970     7636    10109    14954    24725    55940    54981    24680    14945    10405     7611     5833     4594     3790     3171     2645
     2192     2009     1660     1502     1263     1093     1030      891      808      719      710      563      560      491      433      416      390      364      303      293
      275      244      225      218      199      188      169      182      146      156      131      120      115      123       97       83       84       80       75       65
       69       97       86      115       99       97       98       98      134      126      157      122      168      167      206      173      211      223      270      251
      271      330      365      370      426      426      498      524      571      692      696      806      891     1024     1080     1264     1514     1668     1787     2185
     2658     3064     3718     4589     5628     7144     9385    12705    18137    25308    25018    18890    13212     9719     7055     5751     4487     3916     3152     2660
     2304     1891     1641     1471     1293     1049     1008      892      831      718      642      617      523      481      423      411      387      359      345      301
      247      263      207      215      200      190      186      160      154      125      131      115      122       97      111      110       79       66       88       61
       70       80       83      106      106      103      115      101      128      125      137      155      149      201      199      204      207      222      225      282
      263      302      336      392      415      456      475      538      588      611      729      798      831     1070     1111     1163     1399     1645     1909     2228
     2585     2920     3505     4179     5267     6612     8290    10747    13110    15046    15436    13474    10467     8080     6632     5158     4240     3555     3038     2570
     2208     1846     1683     1515     1304     1075      983      886      749      673      669      569      490      486      470      400      359      358      318      286
      270      237      218      210      186      174      141      146      155      145      124      125      109      100      101       93       87       88       74       82
       76       77       88       90       85      111      109      112      110      137      145      144      141      200      187      201      206      229      212      294
      291      262      325      362      390      410      498      528      591      637      708      745      934      991     1057     1273     1321     1552     1845     2103
     2411     2820     3270     3941     4844     5687     7050     8230     9699    10608    10676    10034     8381     6905     5813     4688     3893     3360     2793     2340
     2005     1850     1601     1377     1270     1065      999      897      818      702      632      537      548      481      445      399      344      310      325      329
      270      219      195      193      207      192      154      159      160      119      129      100      108      103      103       96       81       81       92       68
       79       78       86       94       84       94      105      117      120      102      163      147      156      187      175      182      205      218      216      279
      269      282      336      386      341      430      448      496      553      625      696      772      869      991     1038     1151     1358     1458     1710     1916
     2266     2649     3064     3603     4095     4994     5899     6663     7439     7828     7895     7264     6681     5802     5052     4268     3569     3201     2656     2303
     2004     1718     1603     1368     1212     1077      993      847      765      688      610      628      537      458      434      390      352      283      305      282
      256      247      251      220      181      201      161      183      152      156      111      113      122      117       95       87       87       94       85       67
       76       82      105       81       94       96      120      109      110      119      136      137      147      180      185      170      198      225      239      230
      274      322      318      304      344      373      428      527      550      597      644      776      768      945     1031     1144     1343     1447     1700     1861
     2145     2395     2785     3271     3759     4324     4819     5481     5810     6147     6245     5720     5400     4843     4272     3707     3282     2833     2411     2230
     1931     1612     1465     1233     1109     1078      934      829      748      667      641      573      447      467      435      391      343      286      275      272
      260      250      211      188      219      173      153      126      133      137      131      118       83      105      102       91       98       93       74       72
       73       91       73       89       99       94      115      117      115      129      148      159      133      176      180      214      184      209      211      223
      278      293      293      346      413      422      453      472      562      620      628      710      814      848     1026     1085     1263     1436     1617     1776
     2095     2201     2523     2985     3179     3693     4002     4496     4697     4904     4941     4817     4422     4043     3727     3503     3035     2556     2268     2013
     1719     1558     1425     1205     1116     1017      897      754      737      677      554      513      508      468      454      381      367      344      283      259
      230      226      233      188      204      188      153      119      142      140      125      112      111      110      105       81      101       94       73       72
       74       76       76       83       98       97      126      101      120      115      132      140      149      154      169      198      189      227      248      255
      252      296      322      342      379      380      405      506      542      596      626      716      800      849      986     1094     1131     1330     1529     1682
     1877     1970     2318     2537     2864     3132     3426     3717     3907     4140     4022     3969     3844     3612     3041     2839     2640     2326     2076     1819
     1689     1449     1363     1189     1078      979      823      810      702      641      560      537      543      433      405      398      356      310      313      290
      276      242      238      184      182      186      142      157      131      136      123      121      110       88      119      104       88       91       64       84
       62       72       85       83       88       95       88      118      129      122       96      139      140      180      158      196      196      247      233      220
      271      258      306      357      367      390      423      437      500      522      606      677      787      832      883     1047     1105     1236     1301     1534
     1614     1909     2054     2314     2493     2772     2969     3077     3238     3336     3390     3234     3182     3002     2719     2549     2342     2117     1962     1720
     1516     1351     1191     1110     1012      981      800      774      647      598      538      507      475      454      411      375      314      292      297      289
      245      225      222      189      184      159      150      146      144      137      131      120       94      114       82       88       82       92       89       73
       76       69       76       86       90       89      109      103      112      127      120      137      117      161      156      179      190      209      242      261
      256      266      310      316      353      394      395      422      508      551      584      713      679      809      828      970      999     1208     1359     1421
     1672     1732     1852     1964     2228     2380     2525     2690     2804     2822     2741     2744     2721     2483     2422     2208     1953     1818     1740     1552
     1380     1234     1114     1031      962      820      751      732      594      579      576      504      471      417      394      355      307      325      281      279
      236      234      220      199      168      177      159      128      146      113      130      117      112      102      113      105       87      107       79       67
       65       84       76       69      106       84       98      115      112      123      129      137      145      158      176      164      210      215      214      219
      247      288      308      326      372      409      400      501      468      504      575      619      646      764      784      861      998     1034     1210     1233
     1434     1536     1650     1840     1925     2091     2191     2258     2404     2438     2422     2342     2289     2119     2056     1993     1781     1689     1563     1434
     1333     1149     1052      981      817      816      791      682      663      537      493      482      480      410      377      362      334      285      285      279
      236      235      225      203      169      163      157      144      136      113      116      108      119       97       96       81       91       92       77       64
       70       84       74       77      100       97      102       86       94      128      123      132      130      147      141      182      172      169      215      229
      268      298      276      301      324      381      372      394      467      530      534      639      667      726      771      821      909      988     1080     1201
     1267     1342     1546     1533     1723     1892     1914     1967     2055     2082     2131     1981     2070     1897     1841     1751     1609     1489     1431     1291
     1146     1101      985      911      873      728      700      642      610      550      513      519      437      403      345      326      328      297      265      255
      225      212      200      170      164      168      159      146      139      134      124      101       90       91       94       92       96       85       75       67
       65       77       69       69       76       86       86      107      135      107      132      133      142      148      153      188      195      193      204      234
      247      252      267      300      341      346      397      394      434      472      550      592      588      687      706      820      851      906     1015     1033
     1208     1305     1296     1405     1523     1608     1730     1745     1757     1865     1857     1732     1765     1630     1663     1628     1486     1396     1244     1147
     1060      992      969      861      796      777      664      595      579      524      500      448      445      354      331      319      289      284      266      239
      223      194      188      177      177      175      148      123      127      126      105      107      116       80       87       94       83       84       64       56
       62       75       78       83       69       76       82      102      115      111      107      141      129      170      138      155      180      176      200      233
      234      264      283      319      348      347      399      395      469      480      510      547      606      636      690      702      786      895      876      983
     1063     1127     1231     1246     1370     1501     1585     1495     1613     1649     1610     1618     1564     1508     1493     1385     1342     1221     1148     1110
     1044     1030      874      760      693      695      655      538      568      458      448      466      377      366      368      320      297      287      264      224
      229      209      217      168      187      175      155      145      132      116      106      116      102       98       85       89       63       72       82       76
       70       59       71       97       99       85       98       94      109      104      120      125      139      148      143      175      152      176      216      210
      243      227      289      308      299      305      380      368      419      459      461      488      528      560      640      714      775      832      854      919
      951     1090     1072     1182     1185     1271     1306     1347     1399     1352     1409     1437     1351     1278     1290     1217     1179     1158     1060      982
      907      863      776      774      746      639      622      538      498      507      492      460      374      355      327      309      268      263      249      245
      246      189      217      184      177      141      141      161      116      122      131      108      133      116       84       79       68       67       80       66
       59       73       80       77       79      104       96       97       97       91      108      117      145      165      155      130      151      186      197      202
      208      245      259      258      312      354      342      354      400      401      477      496      496      545      580      673      669      738      785      837
      833      973     1021     1055     1080     1102     1136     1230     1232     1187     1177     1218     1177     1213     1196     1088     1041     1011      961      907
      815      781      756      709      668      624      565      523      526      419      437      397      362      323      288      289      251      242      244      246
      219      163      203      152      131      158      143      131      119      112      108      121      107       82       77       74       78       80       71       84
       80       70       86       80       78       76       86       77       90       91      130      115      134      144      135      156      143      176      178      173
      235      228      236      242      294      285      331      392      356      373      412      428      462      518      582      591      673      655      699      766
      790      863      921     1009     1033     1033     1027     1039     1059     1181     1184     1091     1033     1026      937      987      918      870      858      834
      802      733      684      706      569      615      519      499      485      414      405      368      348      303      296      294      256      253      221      243
      210      168      203      168      153      137      141      148      118      113      103       96       83      101       65       88       55       77       83       63
       53       83       64       75       87       90       86       98      111      100       99      126      112      120      160      141      154      160      178      173
      212      219      245      261      260      292      326      341      386      383      379      402      458      506      542      587      617      627      686      672
      730      768      828      851      943      904      925      958      998      958      970      940     1018      924      900      888      896      894      831      721
      727      713      603      593      601      547      499      438      472      379      374      352      340      289      284      249      274      245      192      208
      176      170      145      150      171      159      119      129      105      107      101       86       98       68       81       87       69       81       75       49
       61       78       69       67       74       89       97      102       94       98      106      113      123      138      125      122      151      180      174      180
      193      220      230      260      241      263      280      349      315      378      375      372      450      457      527      529      510      564      700      657
      723      718      705      781      842      823      856      859      886      854      897      890      901      901      804      786      761      754      704      723
      692      611      579      534      539      515      450      447      415      354      367      376      324      268      278      285      246      221      211      204
      182      165      166      151      139      145      134      114      135      114       97       89       77       96       71       88       62       61       75       53
       64       60       66       62       73       77       82       98      117      101       90      111      108      122      112      136      153      150      166      185
      181      216      219      250      236      248      265      279      311      348      357      403      454      401      460      503      513      552      586      635
      598      607      671      730      695      713      766      785      831      790      828      781      815      775      745      740      731      664      669      636
      611      570      472      540      537      460      456      463      388      369      353      324      296      282      268      242      241      218      226      194
      167      178      191      134      126      132      110      125      112      110       96      100       71       99       86       75       63       68       80       72
       72       64       66       82       67       64       91       79       99       90      110      115       84      126      129      138      158      162      164      181
      185      216      199      205      214      250      265      313      302      316      350      367      393      425      444      469      478      504      537      564
      585      614      624      632      701      637      707      708      749      747      740      701      685      707      717      646      634      624      609      565
      582      503      471      483      441      424      426      375      383      309      324      303      296      264      270      219      214      217      187      189
      166      172      156      133      134      114      114       99      104      125       90      100       78       75       88       70       73       71       66       65
       41       71       63       70       65       78       72       84       85      108       99      110      114      130      131      127      141      154      159      153
      153      168      192      192      229      216      259      251      297      299      300      309      350      428      424      433      466      485      505      499
      567      542      544      596      613      556      660      620      676      697      679      613      644      666      689      626      590      603      578      532
      507      448      473      488      437      424      386      397      355      329      280      289      292      230      210      218      196      210      193      200
      134      161      132      138      138      112      127      121       95       99       76       82       82       88       73       74       63       72       62       59
       69       64       61       69       61       81       82      100       81       79      110      101      115      121      138      115      129      134      145      149
      164      193      211      234      246      208      244      261      270      294      347      326      312      346      393      405      414      413      409      475
      488      518      558      567      604      599      615      627      647      570      653      594      641      621      590      532      528      510      468      518
      497      469      448      421      393      381      374      340      287      298      307      252      239      230      255      200      203      193      193      180
      159      162      144      112      122      128      120      104      106       93       82       95       73       70       82       80       64       55       69       59
       53       56       61       69       65       71       72       76       65       89      102       94      103      122      101      100      125      128      152      158
      161      166      158      200      195      230      205      246      275      249      287      324      313      321      330      370      391      383      388      433
      480      475      477      508      528      497      535      560      514      477      543      564      518      520      532      494      468      490      461      455
      447      427      373      375      356      358      339      309      284      294      261      248      221      222      199      201      191      203      192      161
      150      136      157      126      120      130      122      120      102       89      113       95       78       91       91       63       70       59       65       59
       40       51       54       70       66       79       79       81       74       67       91       92       92      121       91      131      121      121      137      141
      166      136      182      184      197      198      201      208      235      220      275      284      345      286      345      381      338      368      380      414
      435      438      443      491      452      506      462      475      502      469      493      499      467      485      429      475      432      476      454      464
      394      395      386      351      375      301      334      284      266      277      252      249      224      241      216      207      184      177      193      166
      158      142      126      129      123      137      117      100      105      102       97       77       94       83       82       72       57       64       57       53
       47       50       73       67       64       63       65       69       67       67       80       97       99      117      104       96      130      156      128      146
      155      153      153      175      170      173      199      214      239      218      234      281      304      285      296      333      297      318      374      334
      427      404      390      380      387      414      440      435      445      454      436      479      471      447      451      474      410      403      424      369
      351      353      380      333      337      313      308      298      266      247      233      215      208      215      213      176      167      170      178      152
      139      145      141      121      118      136       83       90       78      106       80       73       68       65       65       69       51       42       54       57
       64       59       64       69       54       77       76       76       77       94       98       88      100       93      101      131      117      114      122      135
      148      129      135      175      160      191      177      186      195      203      231      253      268      271      288      287      318      310      350      335
      330      363      365      364      350      408      409      440      433      421      416      396      366      395      396      386      400      394      373      359
      336      350      332      323      311      272      278      236      252      236      237      238      198      187      200      190      190      165      146      135
      144      127      142      128      107       95      108      107       86       82       82       92       66       74       61       65       69       56       47       50
       38       38       53       63       57       53       76       84       88      105       79       82       88       90      120      122      135      122      131      156
      128      154      180      155      175      194      190      218      185      209      243      240      240      244      271      291      314      347      316      326
      323      346      342      364      380      390      350      379      402      357      370      412      374      393      377      360      347      354      346      324
      286      300      305      286      273      262      242      249      236      238      178      202      192      166      183      202      173      156      149      128
      134      118      116      127      125      100       82       87       94       69       61       73       77       65       61       70       53       54       62       45
       59       64       64       57       77       77       66       63       85       80       78       91       94      103      109      121      101      140      133      128
      115      142      131      135      153      174      186      186      172      227      194      235      234      263      245      254      297      288      304      338
      312      316      340      356      330      347      329      354      347      341      344      342      369      351      344      322      320      308      327      289
      287      295      297      290      262      241      271      254      217      234      189      226      174      170      159      159      143      147      145      145
      135      132       98      113      102       93       91       89       73       77       77       80       79       62       76       52       60       70       64       51
       47       47       49       61       54       64       84       60       64       67       75       93       93       97      113      105       96      127      112      127
      131      134      155      148      138      150      163      194      188      185      217      205      210      238      222      249      273      269      250      299
      288      253      299      285      337      301      306      325      294      347      301      295      319      301      282      274      309      279      288      289
      290      251      244      254      262      218      244      220      203      203      193      169      166      165      161      155      159      145      108      122
      135       89      110      100      115      108      102       83       94       75       70       67       73       66       83       47       56       40       55       42
       32       58       55       49       52       59       78       54       55       69       85       73       71       98       91      111      115      109      111      117
      128      120      126      124      143      188      164      189      174      211      202      182      227      225      221      219      269      263      223      267
      282      271      251      292      294      281      276      319      306      282      286      286      277      296      303      286      279      278      267      273
      241      209      231      257      233      232      168      219      199      192      178      169      166      146      175      139      153      112      156      135
      125      115       99      111       82       85       96       82       72       71       78       57       59       61       60       58       54       42       55       42
       59       46       48       48       61       69       58       54       63       78       71       66       89       86       76       92       95      128      115      117
      123      139      125      131      125      154      152      165      172      164      200      180      209      185      191      209      215      226      235      253
      280      251      272      292      271      277      251      265      280      294      264      271      292      277      243      260      241      261      218      237
      241      237      271      249      209      236      196      183      210      189      169      167      184      162      120      148      130      137      125      113
      116      104      100      110       85       89       81       75       72       68       79       63       69       62       62       57       51       66       57       54
       46       34       50       49       44       64       63       56       70       62       74       54      102       94       78       84      100       91      119      102
      111      121      131      134      132      123      161      158      181      175      196      186      162      196      208      187      187      233      230      222
      211      231      239      234      233      272      260      266      267      273      232      236      271      278      227      239      237      228      239      239
      225      234      209      217      200      196      206      166      173      167      173      145      140      142      131      137      133      109      128      101
      112      111       96       88       81       86       73       79       68       63       63       64       72       50       58       56       47       50       42       58
       36       52       61       46       52       61       55       67       59       64       56       65       67       75       76       91       91      104      107      102
       96      115      119      135      119      122      141      137      140      168      174      186      174      155      189      188      207      217      211      188
      218      226      224      241      224      237      207      228      227      220      250      246      230      258      221      193      221      224      217      192
      202      177      201      185      185      210      194      185      177      138      151      162      141      132      133      143      104      106      113      106
       92       93      102      100       88       77       87       79       62       82       48       46       73       61       50       41       56       45       47       59
       40       48       42       41       54       51       56       64       70       61       55       72       85       90       81       87       90       98       92       94
      103      106      113      132      117      133      106      141      154      131      165      175      158      178      158      195      173      203      188      198
      216      192      213      219      201      210      226      215      182      226      214      224      216      211      206      223      222      186      198      224
      221      188      188      191      170      208      166      153      135      159      136      157      126      121      123      140      100      114       99      107
       96      100       88       84       85       69       70       68       75       55       61       59       51       54       58       30       44       39       51       37
       39       37       43       43       44       49       62       78       59       67       57       59       79       94       69       84       90       98       74       83
       94       99      113      105      131      116      117      108      141      142      158      155      144      127      145      158      177      148      199      171
      175      205      234      215      189      206      226      219      211      200      205      221      184      204      198      196      202      214      204      186
      183      179      184      182      186      171      172      156      156      148      159      127      146      131      118      110      117      105      101      109
       93      118      100       78       81       90       75       79       70       54       61       66       56       54       68       50       54       51       47       52
       38       44       53       52       46       55       53       42       48       56       75       65       76       72       76       73       66       76       84       81
       90      104      111      105      122      109      118      122      125      153      143      152      127      156      151      158      175      185      176      151
      185      158      217      206      215      179      199      179      172      198      203      191      210      196      201      187      182      190      183      192
      153      191      155      153      144      157      170      162      158      133      123      149      130      119      112      131      108      109       85       97
       98       75       80       90       75       70       66       71       64       68       74       67       64       61       67       50       37       39       45       38
       40       41       46       49       55       61       51       45       46       54       67       72       67       67       66       84       70       75       91       86
       79       97      104       99      101      100       95      103      115      128      127      123      143      170      151      144      151      155      149      173
      189      177      185      183      195      160      197      186      168      174      184      183      194      160      181      181      152      149      163      176
      170      166      162      144      156      130      138      146      138      120      118      116      105      106      122       97      109      103       99       90
       85       94       66       81       75       66       78       79       61       67       71       57       42       54       50       37       39       37       42       33
       44       41       49       41       44       30       59       47       45       57       59       67       67       75       73       71       80       75       88       73
       89      105       73       99       98       99      134      115      118      133      120      116      123      132      141      140      150      159      149      151
      168      149      165      166      161      172      172      185      162      166      186      170      163      191      162      172      149      149      156      157
      139      166      141      153      148      127      116      112      136      103      134      102      104      108       95      113      107       91       99       76
       94       85       62       60       61       74       48       69       63       46       44       53       62       58       43       42       45       44       41       33
       38       40       37       31       50       44       45       31       60       47       68       67       65       54       61       63       69       64       68       79
       93       85       78       85       94       82      106       83      112      136      122      141      117      136      121      149      128      121      131      132
      149      144      160      151      148      161      165      142      154      169      163      156      184      152      133      151      150      144      145      133
      148      144      136      143      127      164      128      114      117      119      125      111      109       91       88       85      106       81       71       86
       93       90       66       66       75       73       66       56       50       55       60       62       48       44       61       41       43       50       45       43
       36       39       49       39       27       42       41       42       56       55       51       53       61       69       42       65       78       64       64       63
       78       76       89      100      105       97      111       97      111      117      106      135      110      121      129      123      144      126      152      134
      141      134      173      128      150      150      135      149      158      139      156      146      154      148      136      160      133      134      135      147
      142      144      150      125      136      120      103      111      110      114      123      102       98       79      101       97      106       80       82       77
       72       69       67       78       52       61       62       53       58       45       53       75       46       51       51       37       33       54       35       36
       38       26       41       35       27       47       47       51       45       65       51       52       55       71       58       61       57       63       70       73
       66       73       72       84       81       78       96       92       99      111      109      101      105      128      109      119      148      117      132      125
      135      131      133      146      124      122      151      131      164      135      156      139      126      151      131      142      131      138      135      130
      124      124      121      114      104      115      113      115       87      117      111       86       95       95       68      103       82       97       85       77
       70       75       79       69       64       58       50       62       57       60       40       43       46       44       51       35       39       48       33       35
       34       39       42       54       39       47       54       37       47       48       49       47       58       46       62       53       74       68       61       70
       76       78       93       80       85       86       86       91       95      105       87       97       97      103       92       97      104       94      134      114
      117      135      140      154      125      149       98      147      148      122      133      159      123      131      130      119      140      119      131      122
       98      127      127      147      125      121      106      107       93       96      112       87       88       94       82       91       77       58       72       84
       66       67       63       75       68       52       56       67       60       52       50       40       48       47       43       51       44       39       44       39
       26       40       40       27       53       37       36       41       45       47       47       57       55       61       53       56       64       83       66       60
       73       70       60       68       80       78       81      101       89      108      109       83       99       83      108      100      111       94       99      121
      101      101      120      121      109      133      106      109      113      116      126      130      126      152      100      127      112      131      122      114
      124      106      122      105       97      107      126       83      111      100       91       90       97       80       77       83       65       74       74       63
       62       59       66       76       62       59       37       64       62       53       55       35       46       46       39       53       33       37       35       40
       21       41       31       44       39       36       41       37       43       41       47       64       68       50       47       52       72       58       66       83
       74       63       55       70       78       80       79       76       98      102       69       94       94       73      115       84       90      102      111      124
      119      111       97      110      111      121      139      108      120      122      121      113       98      105      122      106      130       88      120       94
       96      107      104       91       89       90       94       81       94       74       81       72       76       93       68       66       58       82       80       62
       94       72       55       63       49       44       57       31       44       51       46       51       38       43       42       50       50       38       38       34
       36       32       42       32       36       32       41       40       43       54       48       49       60       49       50       49       57       57       53       63
       60       70       63       80       77       63       80       67       71       77       94       91       95       92       92       96       90       90       75      105
      109      104      105       99      107      124      116      106      108      110       92       94       93      106       90      124      102       99      119       91
       86      106       99       89      100      101       94       84       97       74       77       80       92       56       74       75       72       61       74       66
       67       63       58       52       52       45       41       55       49       39       51       63       48       44       33       43       45       30       32       37
       23       27       41       47       37       30       42       34       51       49       41       45       56       47       44       46       43       53       65       61
       62       80       61       71       58       67       74       80       69       83       96       80       76       71      104       87       97       86      108       98
      108       88      103       91      115      103       94      101       99       97      111       81      102       88       99       91       98       95       94      101
      106       92       97       89       77       84       93       94       92       76       98       76       78       76       64       61       62       63       68       51
       61       74       65       56       41       55       28       54       40       36       48       37       44       39       48       41       42       43       47       36
       25       31       32       27       34       40       39       39       37       30       41       45       36       33       51       44       49       55       41       51
       63       59       62       57       62       65       58       71       81       73       78       79       74       73       93       88       83       75       95       80
      109       90       88       94      103       92      100       88       86      102      100       91       95       96       97       79       85      108       88      103
       87       94       79       75       81       75       82       60       81       68       82       79       69       66       56       59       57       72       67       65
       60       43       51       49       52       63       33       59       54       44       34       35       35       36       34       53       37       41       43       31
       33       43       29       27       30       31       36       36       36       29       31       45       50       49       43       42       43       57       59       67
       56       71       56       59       63       64       66       78       63       81       74       60       70       56       52       79       94       76       78       85
       96       87       91       91       79       85       82       88      114      100       81       90       99       73       83       84       98       70       76       70
       67       93       93       69       92       81       73       70       71       57       79       72       66       52       71       45       68       46       65       56
       64       58       43       55       53       40       45       42       41       52       29       55       39       42       30       34       29       31       35       47
       28       26       35       27       31       30       32       37       35       44       34       36       42       48       44       52       37       62       56       37
       38       65       58       65       57       65       61       57       70       60       54       70       71       64       69       69       91       79       79       87
       76       60       78       75       88       88       82       72       88       92       77       99       77       92       87       75       91       65       81       72
       83       71       76       64       91      106       74       66       86       77       55       61       70       57       66       65       57       77       56       48
       55       47       56       33       46       40       36       49       28       36       37       37       40       37       27       37       27       36       30       39
