       32       21       24       27       34       33       36       39       35       41       29       42       39       32       40       40       46       44       47       58
       57       43       55       63       69       57       66       78       75       71       70       70       67       66       70       68       68       74       94       74
       73       84      102       96       81      106       85       77       91       74       76       84      102       82       89       82       73       72       96       74
       90       81       77       72       74       73       71       79       70       77       79       63       84       68       44       51       60       69       57       67
       65       57       52       63       48       49       38       46       32       43       37       43       38       29       39       30       39       28       33       41
       36       22       30       34       32       47       34       31       39       42       38       53       43       41       51       52       57       57       56       55
       56       58       51       70       68       58       77       47       73       82       81       64       78       72       71       92       80       93       91       98
       80       94       97       77       74       95       87       81       87      106       62       97       96       97      104       85       76       88       66       87
       85       96       88       73       90       83       74       87       81       73       77       73       65       55       61       65       58       47       54       60
       44       51       51       64       57       46       38       53       46       38       32       23       30       37       46       40       49       31       34       23
       19       26       26       33       38       35       27       36       44       54       36       34       36       48       55       59       61       64       59       40
       66       50       77       66       56       46       54       65       80       81       76       74       88       70       85       79       83       82       83       84
       75       80       92       95      109       98       97       80      109       97       88       96       88      109      107      100       88       97      101      103
       83       86       82       86       89       69       77       82       81       76       80       88       68       64       75       66       58       45       64       55
       62       61       47       60       53       46       51       37       43       46       36       44       38       44       31       39       26       41       34       32
       37       43       32       36       39       40       31       38       47       49       39       52       36       57       48       41       55       53       55       65
       50       63       64       77       65       80       75       82       68       81       85       77       92       83       93       82       77      102      103       86
       99      102      106      105      119      110      116      107      100      107      104      100      132       96      115      122      100      114       94       91
       80      110      104       91      108       79       70       72       76       86       83       73       76       87       55       79       69       67       60       73
       57       58       55       52       57       38       48       37       35       41       33       44       47       26       43       44       50       42       28       40
       44       34       33       28       39       32       42       37       48       42       43       56       44       53       59       54       45       57       49       74
       67       72       70       72       80       64       65       80       95       77       89       77      103       90       99       83       87      109      102       98
       84      124      100      103      120      122      121      111      120      106      149      124      116      115       85      103       99      110      110      101
      104      117      112      103      107       97      125      100       86      100       89       83       75       72       89       82       78       68       53       53
       64       55       55       52       42       61       65       58       44       54       44       43       43       41       45       31       31       30       31       33
       31       43       34       30       37       44       33       44       41       33       63       77       52       61       63       51       54       64       64       74
       65       68       62       80       67       91       78       88       84       88      100       79       78       84       79      104      124       97       93      113
       95       94      120      117      133      102      118       88      106      136      124      122      108      132      120      102      110      102      104       95
       84      109       93      105      113      114      107      109       94      110       63       71       84       79       71       85       69       77       84       60
       54       65       62       60       49       67       66       51       47       50       47       44       41       51       37       45       39       42       34       32
       31       37       38       39       38       31       37       33       57       46       63       46       60       51       53       60       65       71       68       58
       67       84       80       71       74       71       83      100       97       97       90       91       85      104      110      117      106      123      119      125
      101      111      131      106      121       91      112      114      138      128      135      126      124      140      125      110      114      120      105      121
      129      124      105      116      118      118       93       93       96       95      102       98       97       86      102       62       88       81       72       73
       62       64       58       59       67       60       46       54       47       57       42       48       37       43       21       40       38       37       38       30
       40       44       45       48       34       39       31       49       55       47       45       72       69       67       77       67       71       72       61       65
       77       59       57       88       74       74       97       96      108       82       98      104       92       87      103       98       97      112      108      139
      135      124      126      138      117      108      110      131      131      131      135      117      149      149      132      141      135      136      122      112
      128      107      119      121      113      107      106      113      105      102      120       84      102       99       92       76       80      100       76       75
       72       75       55       55       58       40       52       56       49       53       54       51       37       35       42       40       34       33       43       40
       32       49       56       34       49       38       27       35       44       52       54       54       58       64       77       60       59       85       74       55
       81       80       73       96       77       82      108       97       93       91      102      122      146      110      121      118      125      133      126      163
      132      145      135      132      133      127      157      136      154      133      155      156      121      132      140      152      130      133      120      143
      138      105      128      128      125      103      132      116      132      108       98       90       96       98      104      101      114       86       99       84
       85       70       67       68       56       68       73       59       55       54       53       54       49       34       43       42       39       39       45       39
       42       44       29       43       39       61       47       52       58       59       54       51       50       73       68       59       63       79       69       75
       86       84       87       94      113       79       81      100      108      132      123      117      112      105      112      136      133      110      123      151
      145      154      153      148      142      157      153      146      173      153      138      147      164      151      141      147      152      148      150      145
      151      157      119      135      101      135      125      113      132      113      121      104      100      106       78       96       89       87       84       86
       69       69       66       77       73       69       64       59       56       44       38       46       57       37       43       41       35       34       44       24
       42       43       53       35       48       50       53       48       47       40       60       78       50       82       50       69       74       76       89       94
       80       79       76       80       91      105      101       96      117      101      104      117      133      130      157      113      138      161      134      143
      160      135      171      162      145      158      145      146      165      154      191      177      158      178      150      183      124      167      169      150
      149      130      144      136      142      120      153      110      113      123      100      107      107      101      117       88      121       91       71       73
       70       73       81       78       57       65       61       55       52       42       50       61       57       45       41       53       59       41       47       49
       42       35       42       51       50       42       50       49       50       48       53       66       68       76       86       69       66       80       73       98
       89      100      102       98       94       99      103      116      104      140      135      137      152      132      148      154      145      168      137      133
      181      175      179      148      182      160      212      191      175      155      165      154      177      163      205      173      177      164      166      157
      170      160      153      138      123      128      132      124      159      135      121      112      100      111      108      118      104       94      102       95
       75      108       76       78       75       71       63       69       54       71       48       56       62       56       54       37       35       56       54       27
       48       52       46       34       53       56       55       58       46       55       60       66       56       70       75       82       78       64       67       77
       93       99      103      111       98      108      117      126      124      137      130      114      117      153      154      159      149      150      135      151
      189      170      166      175      187      178      181      178      197      183      186      192      191      186      167      182      165      175      171      163
      153      170      157      163      154      135      171      143      146      134      113       96      131      125      114      116      106       95       83       82
       80       96       76       85       85       87       69       64       59       54       51       64       52       44       39       42       46       47       38       32
       51       44       58       47       52       45       58       66       54       72       52       57       78       62       72       85       66       94       79       90
       86      105       83      113       87       99      114      120      130      154      127      152      143      152      163      163      158      183      166      132
      175      198      169      179      207      200      214      208      194      172      168      208      191      184      204      160      177      189      179      172
      178      153      176      163      163      179      156      131      150      126      143      131      114      116      123      112      100      111       93       86
       85       79       93       86       80       82       77       80       64       62       67       58       52       56       50       41       39       48       44       45
       43       45       39       44       51       55       44       57       68       71       71       75       82       73       91       79       92       76      112       94
       99      112       93      121      104      119      134      156      130      138      133      175      170      162      186      176      153      165      233      205
      210      217      198      205      222      229      236      192      223      203      194      200      208      209      221      211      205      203      210      190
      182      184      177      177      182      169      158      136      138      136      147      149      146      134      128      118      136      112       99      113
       90       96       87       79       84       83       91       80       69       69       63       62       64       47       48       51       58       47       54       44
       38       51       47       41       51       46       50       65       48       80       73       65       83       83       85       87       86       84       91       98
       98      100      109      123      135      114      133      123      161      147      141      148      178      182      180      203      168      194      235      215
      218      212      190      209      224      226      215      243      222      230      217      207      196      239      241      228      226      202      215      219
      233      213      230      197      190      166      180      156      179      135      172      154      136      135      131      133      121      103      117      105
      107      111       94      103       94       95       92       71       83       58       57       65       50       60       59       54       57       53       40       51
       33       53       63       49       49       64       49       66       68       82       76       86       85       81       98       81       98       88       88      103
      114      111      109      133      154      142      145      144      131      160      179      140      191      205      198      202      193      205      213      212
      224      212      234      249      226      253      246      258      248      302      264      245      249      255      234      247      258      228      215      214
      230      219      184      195      187      180      184      184      155      167      171      173      141      139      149      152      135      102      137       97
       99      116       90       87       91       92       80       78       87       81       68       75       73       50       47       55       50       44       60       44
       51       49       65       48       65       53       46       75       60       73       84       74       75       75       89      125       86      102      117      114
      121      105      104      128      152      159      143      155      140      165      194      151      192      219      224      183      225      214      192      224
      223      236      265      263      260      263      237      271      270      276      278      250      281      265      283      257      244      241      239      229
      250      226      245      222      220      212      212      176      202      184      167      157      154      152      158      121      143      122      102      119
      112      115      105      113       91       82       81       76       69       72       68       60       66       68       68       57       45       39       56       45
       54       57       48       51       48       74       53       65       84       77       80       90       84       79      106      119       98      104      117      111
      130      148      131      147      148      148      141      177      173      166      179      192      195      204      221      231      241      237      240      240
      262      250      256      280      252      304      297      283      287      289      278      293      291      272      274      298      275      257      262      248
      246      236      252      230      234      225      209      188      173      202      179      184      162      147      150      151      136      144      136      109
      117      117      111      112      101      107      105       85       76       62       62       76       73       54       73       73       59       63       57       52
       50       49       43       53       69       49       75       67       82       73       85       84       77       96       93      102      114      108      122      113
      120      125      149      139      157      153      169      156      193      200      161      189      198      215      251      247      252      256      288      258
      275      273      297      294      311      285      311      300      358      287      318      327      301      305      312      304      290      269      285      252
      270      244      269      256      245      223      204      225      223      219      167      182      177      163      168      137      140      129      132      125
      108      138      123      121       95       91       91       97       79       76       87       81       65       64       59       56       58       51       46       53
       52       42       50       66       74       45       53       91       54       67       97       92       78       85      103       98      103      107      102      128
      150      155      146      157      154      158      179      181      190      212      207      233      213      248      260      261      258      268      305      279
      328      293      317      308      345      318      351      377      285      342      372      346      357      329      341      346      345      317      309      284
      278      297      265      257      266      247      228      231      206      207      172      192      192      183      187      152      163      131      123      149
      132      118      112      132      110       89       92      104       79       80       81       74       55       69       63       53       52       56       53       53
       60       60       73       51       67       77       63       73       68       72       74       84       77       96       96      129       96      107      129      125
      145      149      151      165      166      185      197      188      185      230      217      266      236      250      269      283      284      271      305      315
      357      326      354      369      358      387      379      371      383      360      340      370      382      363      388      334      352      353      326      309
      317      318      283      278      287      269      274      240      220      208      211      190      204      197      179      168      158      144      144      141
      135      137      121      121       88      115       96      114      100      102       82       77       67       58       69       65       53       67       58       47
       58       55       57       66       69       66       72       65       80       74       86       93      104      107      108      110      121      134      139      148
      141      148      169      173      171      179      203      202      231      247      232      241      251      289      289      273      311      308      344      331
      392      395      372      383      440      391      439      392      403      405      380      393      421      403      419      365      428      396      342      331
      370      331      305      307      334      250      260      253      254      253      217      224      193      192      213      208      171      169      147      136
      129      130      129      121      113      116       92      100       97       77       72       83       95       82       69       70       64       55       49       55
       49       62       52       55       68       65       56       68       85       63       89      107      110      104       94      123      122      111      160      148
      154      170      180      174      174      232      210      177      249      241      263      221      241      308      294      299      352      340      365      396
      362      395      390      429      389      424      489      401      439      459      439      441      422      387      461      424      421      394      410      350
      383      340      352      350      326      307      296      261      282      252      246      220      191      190      203      165      176      168      150      149
      134      144      122      131      118      118      115      103       85       77       77      103       86       80       76       78       73       72       60       58
       55       66       59       60       69       70       81       71       64       80       80      113      113      106      122      118      140      151      140      132
      145      154      155      187      207      197      199      218      247      250      269      289      300      305      306      331      380      333      378      387
      383      450      468      438      439      462      498      496      479      461      475      457      501      497      498      465      472      455      403      411
      412      363      365      344      323      337      318      268      322      284      270      241      196      234      199      198      182      177      167      173
      164      138      155      130      133      119      106      110      103       91       94       77       89       70       58       56       58       69       49       62
       67       56       60       64       68       58       72       71       87       93       94       93      106      120      117      113      127      134      152      165
      166      166      168      191      231      212      246      234      254      254      296      296      352      361      327      313      369      417      454      445
      449      461      455      496      472      526      552      539      532      521      528      519      533      538      529      495      499      483      425      452
      428      399      393      373      331      361      310      296      320      277      293      234      237      213      214      196      184      164      182      171
      163      137      119      143      119      121      129      120      141       92       90       84       89       76       57       67       68       56       65       43
       58       67       62       64       71       97       71       92       95       87      105      118       99      112      109      134      148      119      184      151
      166      198      174      215      220      215      237      267      289      294      297      334      342      340      375      391      404      429      440      506
      470      454      553      500      571      586      564      535      582      561      559      606      583      594      536      599      541      538      578      532
      445      448      406      420      430      387      341      364      339      298      269      278      293      235      214      222      203      219      178      159
      179      169      130      145      138      109      112      102      101       94      100      115       81       79       68       74       75       69       48       56
       46       61       80       65       74       70       82       83       94       88      104       92      111      108      140      134      158      165      138      180
      181      201      211      203      197      252      257      277      304      297      318      355      338      400      423      434      457      464      506      536
      518      511      591      608      590      596      633      690      653      665      647      627      642      615      621      610      561      548      581      590
      523      482      474      457      442      426      355      350      341      311      282      258      269      272      264      208      222      205      191      174
      163      154      139      153      122      125      113       95      105      103      103       91       76       81       86       73       71       75       74       68
       59       54       67       90       58       66       82      105       92      111      100      107      129      119      152      151      130      153      146      148
      185      226      194      231      221      244      286      278      287      321      398      370      388      386      461      455      474      501      494      547
      527      575      599      639      618      653      727      668      678      675      758      738      679      709      715      626      608      639      605      569
      561      558      507      513      434      428      443      386      350      340      330      282      303      256      264      262      203      209      172      175
      188      164      158      170      137      127      125      137       99      110       96      115      105       88       84       87       60       76       52       49
       53       63       56       57       80       92       92       82       93       93      111       88      133      154      135      146      165      162      207      192
      197      219      205      221      250      265      259      297      313      331      330      438      402      465      434      474      533      539      523      597
      667      652      713      693      734      764      786      823      769      805      812      755      690      761      792      678      727      686      617      603
      636      565      530      516      438      487      484      444      371      376      338      337      323      268      267      244      241      238      213      209
      193      163      184      159      155      161      137      128      108      125       95      109       97       90       77       80       80       68       63       72
       56       74       79       81       75       87       81       96       87      114      115      119      135      135      130      157      172      150      172      190
      229      233      221      238      253      265      274      331      327      337      344      446      420      444      492      499      581      587      594      666
      715      711      734      792      741      841      828      866      869      826      851      876      857      823      881      800      763      722      734      692
      592      647      535      579      553      524      456      455      395      346      340      339      330      282      277      257      247      220      214      218
      188      177      168      165      161      147      133      123      108      132      105       93       97       96       78       86       89       70       76       64
       62       69       76       82       82       93       92       89      104      112      119      125      127      140      141      147      159      173      196      186
      241      214      247      251      294      291      317      338      377      384      435      428      476      495      501      571      574      646      661      727
      758      762      788      845      892      884      898      953      913      915      993     1022      981      968      873      904      863      826      794      730
      663      713      600      593      510      532      492      462      447      398      372      365      316      321      324      276      278      249      226      209
      217      189      190      172      149      138      124      117      112      103      104      112       96       89       85       91       74       56       80       74
       56       60       71       76       91       81       82       96      103      112      133      131      132      134      147      155      158      157      177      167
      193      207      267      234      307      281      335      365      395      394      433      471      469      569      555      627      664      667      704      772
      816      854      867      908      995     1012     1021     1092     1039     1085     1129     1063     1050      988     1098      996      940      993      895      769
      768      736      658      666      615      575      529      495      514      443      399      392      376      353      326      322      259      289      252      213
      182      180      191      172      175      169      122      144      130      124      103      112       93       92      104       97       92       80       63       83
       62       61       75       79       75       94       94       92      114      103      111      126      132      141      160      182      169      186      195      223
      225      238      267      302      292      315      354      346      444      419      430      488      492      572      588      704      710      739      760      874
      889      997      926      990     1136     1122     1122     1252     1205     1196     1243     1215     1176     1152     1152     1113     1024     1043      991      916
      843      800      782      700      615      612      568      525      508      460      376      364      367      334      295      287      307      282      280      242
      215      197      187      195      169      167      150      164      147      111      129      106       93       98       99       74       80       79       71       59
       64       68       74       75       80      104       94      117      110      115      125      137      125      149      173      182      187      208      186      223
      224      225      280      279      322      364      363      391      439      450      511      564      589      606      687      730      722      793      828      890
     1075      989     1110     1163     1213     1229     1299     1414     1370     1373     1457     1335     1362     1305     1310     1266     1118     1132     1030      969
      928      915      801      790      675      673      597      593      507      498      452      430      381      365      343      297      287      281      256      238
      216      223      190      163      160      146      150      142      153      121      115       95       87       99       92       85       93       70       69       58
       64       75       66       79       77       89       90      115      113      115      126      147      131      155      160      142      185      185      200      233
      199      273      270      338      340      348      349      437      444      469      485      566      589      654      738      689      787      911      915     1037
     1055     1143     1199     1308     1391     1389     1408     1482     1573     1484     1571     1598     1516     1528     1472     1382     1314     1261     1166     1142
     1011      952      891      809      741      717      632      614      572      495      461      466      411      382      379      320      303      259      287      254
      226      207      181      185      161      173      140      139      124      110      127      119      123       96       78       96       88       91       84       77
       65       77       77       75       98       84       88       85      118      129      128      134      156      151      165      188      198      189      241      228
      229      266      314      317      299      398      377      439      449      502      537      584      626      659      728      801      882      957     1071     1088
     1155     1258     1325     1500     1564     1552     1638     1704     1728     1791     1720     1816     1683     1720     1546     1557     1485     1314     1313     1222
     1123     1034      994      850      851      747      654      616      568      502      496      449      452      406      386      347      316      305      267      247
      252      231      230      202      207      158      148      137      157      124      135      126      106      102       83       96       94       86       88       82
       75       79       78      108       89       81       98      113      133      113      132      132      155      156      188      166      199      235      212      231
      280      279      285      285      328      323      392      454      484      517      600      624      667      686      742      869      974     1062     1061     1146
     1285     1352     1494     1559     1665     1857     1870     1973     1995     1980     2001     2011     1955     1866     1795     1697     1621     1455     1369     1291
     1230     1066     1015      929      913      814      737      682      574      571      534      469      424      373      390      342      343      336      288      253
      220      212      218      211      177      175      164      134      131      135      136      105       88      114       85       88      108       86       79       77
       52       67       66       89       77       98       90      129      101      133      142      120      156      160      173      208      192      216      231      261
      263      323      290      334      357      355      387      502      516      569      615      642      634      732      842      841     1009     1095     1193     1262
     1457     1568     1667     1789     1949     2066     2158     2321     2311     2221     2438     2304     2300     2160     2039     1931     1747     1662     1609     1371
     1278     1249     1142     1002      863      842      799      719      653      592      555      496      418      420      380      379      323      321      258      275
      235      235      198      211      230      178      184      160      154      141      118      116      120       95       94       96       86       76       76       61
       64       70       77       95      106       98      103      104      116      126      160      137      164      173      166      201      209      184      213      294
      261      291      302      353      362      424      444      481      515      598      664      693      717      809      892      986     1076     1169     1276     1429
     1564     1696     1808     2047     2209     2280     2424     2575     2663     2703     2659     2754     2571     2408     2418     2179     1948     1860     1654     1585
     1498     1245     1237     1066      974      876      824      790      655      659      571      542      483      454      379      360      323      333      326      272
      243      197      225      178      198      195      146      134      129      110      146      128      105       94       90       90       84      109       71       87
       75       73       75       81       84      111      106      141      114      118      171      153      157      173      175      204      239      227      249      302
      262      303      315      351      406      405      494      539      563      603      644      675      764      849      920     1091     1149     1282     1470     1525
     1676     1910     2071     2300     2365     2643     2804     3074     3106     3151     3243     3131     2972     2867     2766     2481     2378     2099     1935     1721
     1619     1416     1277     1158     1017      959      932      792      692      701      612      580      533      499      415      356      358      303      288      298
      273      241      226      210      206      144      176      154      148      137      138      138      115       91      111       76       89      110       80       85
       73       68       77       93       94       99      115      115      117      121      137      143      144      175      199      195      202      246      255      244
      283      329      359      346      417      441      494      498      570      597      649      756      799      882      978     1078     1267     1304     1470     1706
     1900     2180     2315     2605     2837     3062     3289     3627     3744     3904     3929     3821     3513     3444     3114     2907     2502     2335     2116     1882
     1682     1587     1372     1281     1124     1026      882      844      753      633      640      559      569      461      407      402      399      300      314      288
      245      259      239      182      182      177      182      169      157      152      137      110      123      112      101      105       86       96       63       75
       65       95      100       90       62      117       82      112      117      136      154      156      184      183      193      199      188      244      240      280
      298      301      358      382      382      440      462      538      594      624      714      798      827      929     1030     1182     1315     1505     1573     1845
     2047     2298     2594     2988     3335     3491     3908     4037     4465     4615     4666     4505     4274     3979     3508     3204     2855     2605     2327     2081
     1912     1690     1472     1280     1152     1075      942      862      793      727      692      564      500      479      421      418      339      366      287      350
      297      259      234      208      231      172      175      152      186      160      118      130      144      107       99       98       99       79       97       80
      105       77       88       92       88      107      105      118      107      129      141      147      169      150      203      201      216      244      262      283
      263      328      342      369      392      452      495      541      603      627      756      753      915      981     1155     1229     1389     1529     1733     1960
     2219     2559     2884     3196     3554     4239     4654     5040     5526     5570     5609     5445     5041     4713     4196     3761     3296     2981     2637     2135
     1968     1752     1527     1375     1256     1126      978      887      780      741      663      591      523      504      478      400      403      356      335      281
      268      253      231      211      206      210      168      150      142      137      129      116      105      100      107       98      121       90       86       76
       73       86       74      104      100      111      103      114      136      144      170      159      166      173      206      187      184      252      259      311
      318      343      326      378      450      462      466      579      624      632      731      859      885     1007     1186     1291     1425     1636     1889     2131
     2389     2797     3032     3696     4275     4901     5602     6167     6778     7037     7061     6796     6108     5497     4914     4091     3729     3160     2761     2431
     2138     1771     1673     1483     1293     1114     1065     1014      825      704      705      589      537      540      492      469      399      346      333      277
      274      263      219      242      223      204      188      180      148      145      153      128      124      107       84       86       90       89       86       77
       78       76       67      100       90      105      107      132      112      161      177      148      166      190      232      202      183      223      279      281
      274      370      350      370      442      473      504      561      574      669      774      851      941     1058     1188     1295     1511     1713     1967     2244
     2578     3039     3506     4022     4857     5705     6627     7483     8772     9154     9206     8507     7511     6697     5726     4698     4121     3581     3088     2630
     2266     1971     1707     1523     1254     1146     1064      942      846      803      671      672      640      513      470      440      372      332      348      318
      284      267      253      234      216      208      187      148      164      153      132      124      114      135      107       93       90       92       79       69
       81       88       87       96      115       99      101      113      140      139      138      159      193      181      172      221      229      256      290      285
      308      319      367      390      448      477      535      553      621      751      773      858      909     1073     1238     1336     1512     1903     2009     2392
     2693     3213     3810     4551     5468     6679     8026     9498    11515    12466    12858    11516     9594     8035     6498     5377     4413     3831     3259     2716
     2303     2084     1807     1564     1403     1239     1008     1007      871      805      681      634      546      494      514      389      404      392      329      298
      313      257      221      209      238      201      180      170      171      139      166      125      139      108      129      105      107       81       97       76
       76       84       65       97      105       93      120      119      155      140      119      162      175      206      190      215      236      257      248      317
      321      333      371      417      448      465      543      588      639      715      762      900      968     1086     1297     1403     1488     1808     2187     2536
     2787     3507     4171     4825     6004     7295     9524    12462    15534    18335    18452    15504    12392     9355     7415     5872     4931     4125     3493     2862
     2467     2122     1806     1609     1473     1234     1167     1023      903      758      738      691      589      523      502      439      429      422      373      332
      279      284      261      227      241      231      171      163      163      135      171      128      118      108      132       92       83       83       82      100
       78       81       96       91      104       91      115      113      121      125      160      160      181      164      201      195      259      238      240      315
      322      332      359      412      412      475      532      589      656      727      734      871     1021     1094     1244     1500     1634     1840     2248     2523
     3033     3618     4196     5197     6404     8221    11154    15559    22228    30760    30982    22312    15155    11038     8444     6569     5163     4207     3461     3006
     2586     2184     1814     1675     1468     1276     1142     1021      936      726      750      702      566      525      493      440      421      394      351      342
      304      295      250      216      240      190      193      190      179      150      160      130      135      111       98       88      105       97       84       86
       86       89       90       91      111       99      116       99      118      147      174      159      191      173      206      210      223      255      286      281
      312      323      399      405      438      482      523      595      627      702      817      938      995     1129     1256     1381     1628     1924     2255     2579
     3093     3666     4444     5300     6726     8765    11964    17899    30040    72251    71672    29917    17457    11987     8907     6811     5427     4282     3555     2942
     2638     2113     1912     1697     1532     1327     1103     1026      930      820      721      737      624      531      477      441      397      382      379      329
      303      266      270      221      226      182      194      169      147      133      140      143       99      133      109       84      104       69       83       71
       94       75       73       94      113       89      122      121      130      134      142      152      157      170      180      211      236      241      279      296
      311      352      352      399      433      509      553      599      653      748      795      908      976     1119     1316     1504     1594     1912     2095     2638
     3101     3702     4282     5204     6637     8792    12106    17547    29700    70867    70674    29957    17537    11735     8708     6998     5365     4288     3595     3075
     2579     2238     1919     1663     1554     1289     1107     1097      938      795      731      661      589      560      504      444      403      383      352      317
      293      252      263      240      226      179      180      165      175      152      136      127      123      120      114       88       79       93       96       88
       83       81       90      100      114      118      109      132      138      136      138      154      164      170      178      198      221      243      283      260
      347      318      326      405      394      468      550      531      640      674      789      878      993     1121     1271     1417     1728     1847     2167     2458
     2992     3580     4202     5135     6425     8406    11314    15188    21840    30369    30546    22047    15173    11161     8400     6469     5114     4273     3473     3001
     2523     2275     1825     1684     1443     1294     1106      996      896      786      792      631      594      530      530      462      392      414      379      319
      296      257      226      241      197      211      187      185      158      162      138      143      121      122      122      100      100       81       79       73
       85       79      123       96       81      100      104      110      134      149      142      146      163      185      191      202      238      197      261      307
      319      342      361      403      467      488      554      598      646      718      768      869      982     1112     1280     1421     1686     1835     2086     2392
     2889     3473     4074     4894     6071     7538     9529    12380    15719    18459    18368    15699    12408     9477     7585     5969     4967     4142     3373     2892
     2432     2126     1858     1652     1446     1288     1139      941      841      834      733      616      569      548      518      454      400      340      377      331
      295      287      249      262      219      226      173      169      173      153      150      138      137      107      113       99      100       83       90       74
       87       89       83      109      108      102      128      124      112      145      147      136      158      173      199      230      199      257      284      258
      337      329      350      369      414      522      551      581      652      673      838      853      974     1094     1223     1394     1575     1729     2015     2364
     2735     3167     3871     4660     5550     6768     7960     9805    11349    12434    12447    11504     9464     8268     6628     5534     4649     3938     3218     2752
     2345     1990     1833     1519     1453     1302     1042      990      909      783      687      628      562      519      456      440      427      353      376      296
      292      272      230      232      218      205      201      192      159      124      141      131      119      131       93       84       96       88       87       84
       81       82       90      101      111       87      101      113      130      141      156      169      160      192      180      226      222      231      257      295
      300      336      376      393      405      468      546      544      584      719      798      813      968     1032     1280     1377     1534     1736     2023     2225
     2680     3041     3634     4076     4883     5810     6784     7785     8628     9236     9247     8681     7868     6637     5809     4914     4079     3527     3022     2686
     2301     1926     1646     1504     1346     1175     1072      935      919      814      742      651      546      524      506      479      361      375      326      302
      295      242      227      215      199      185      163      189      174      145      155      124      130      119      101       97       95       81       83       66
       96       68       74       91      105      102      119      127      122      127      152      157      172      178      200      202      213      242      243      289
      247      351      390      365      481      450      508      557      644      699      773      794      900     1066     1143     1335     1465     1592     1764     2155
     2437     2753     3220     3663     4203     5037     5699     6404     6833     7185     7183     6835     6283     5543     4841     4326     3642     3239     2821     2412
     2168     1869     1622     1535     1340     1146     1032      959      825      783      703      580      612      516      465      429      393      371      350      322
      255      249      241      200      194      200      177      161      154      143      131      121      116      112       89      107      103       96       89       88
       65       78       90       91       80      111      103      121      122      128      154      148      190      180      185      173      254      259      283      275
      303      293      370      356      397      423      483      531      603      667      736      800      881      972     1123     1234     1331     1516     1746     2067
     2214     2451     2909     3294     3750     4186     4899     5209     5587     5771     5703     5431     5276     4647     4182     3851     3347     2930     2592     2259
     1975     1725     1544     1371     1270     1095     1026      902      810      707      670      647      558      508      439      421      360      356      306      301
      322      221      249      242      215      173      179      185      167      158      147      105      115      103      118       95       98       87       90       87
       71       82       78       88       90       96       95      118      118      132      138      165      161      173      167      208      219      242      257      274
      300      318      320      327      411      438      467      535      572      627      673      809      854      997     1093     1179     1353     1450     1667     1848
     2098     2364     2635     2909     3259     3661     3916     4331     4610     4726     4647     4473     4322     3985     3603     3300     2998     2587     2283     2066
     1860     1689     1462     1312     1212     1039      978      897      807      718      646      537      543      494      456      403      396      362      353      325
      267      268      226      211      184      181      180      168      153      124      145      133      118      122      108      105       84      117       82       93
       81       72       74       86       94      100       99      108      113      109      143      146      156      157      199      198      206      237      219      264
      250      322      309      358      425      397      428      520      565      586      705      779      834      895      971     1101     1304     1325     1570     1677
     1983     2186     2342     2689     2896     3127     3490     3734     3691     3931     3878     3716     3612     3400     3180     2856     2549     2360     2130     1914
     1701     1593     1404     1242     1128      988      915      829      735      714      682      569      528      483      503      394      389      310      304      313
      235      249      252      171      190      189      160      173      136      145      131      102      151      108      102       89      103       80       77       78
       61       80       92       92       73       98      112      127      121      130      141      146      161      180      168      204      211      211      257      273
      300      294      345      351      392      417      427      494      534      586      670      765      775      868      955     1048     1144     1324     1544     1527
     1786     1939     2045     2433     2559     2764     2956     3159     3213     3311     3214     3251     3072     3066     2671     2603     2303     2215     1987     1753
     1577     1507     1284     1158     1085      943      879      761      727      642      582      536      493      481      425      390      360      361      329      302
      268      267      260      220      199      164      197      157      137      153      118      118      113      118      100       98       94       94       93       78
       70       88       62       66       94       96       92      112      102      130      140      155      161      146      177      185      226      224      244      221
      261      333      348      339      360      373      480      445      531      560      624      682      743      823      952      980     1087     1300     1390     1515
     1599     1744     1866     2061     2284     2424     2548     2721     2718     2790     2739     2727     2649     2419     2409     2221     2021     1860     1791     1607
     1500     1303     1207     1060     1053      915      858      753      732      632      580      551      490      463      425      398      350      325      310      286
      238      246      247      189      201      183      200      139      146      111      151      121      127       94       97       86       89       81       89       68
       72       74       76       76       94       98       99      134      112      136      147      151      159      155      177      184      184      218      242      231
      258      302      296      322      360      381      407      453      517      527      544      656      739      786      872      954      984     1155     1242     1344
     1442     1538     1706     1833     1881     2007     2218     2230     2250     2458     2353     2429     2340     2249     2048     1891     1823     1625     1592     1438
     1311     1265     1195      991      934      817      796      668      644      624      546      529      473      438      400      374      370      337      327      276
      256      249      240      192      179      141      171      148      145      141      123      122      108      115      100       98       93      103       63       64
       72       66       81       76       90       94      104      126      130      116      130      130      151      172      149      194      207      188      237      227
      268      292      328      357      336      354      429      470      480      490      602      606      649      769      782      882      946      984     1111     1264
     1367     1473     1602     1612     1713     1760     1847     1988     2025     2095     2077     2012     1999     1832     1860     1773     1615     1582     1446     1356
     1241     1106     1087      975      843      841      830      741      672      597      572      474      461      415      404      395      337      298      264      247
      254      234      210      184      189      164      152      151      152      158      136      120      119      109      121       92       70       78       89       64
       82       66       64       83      108      101      102      107      108       99      120      143      155      182      181      175      198      202      224      239
      284      281      310      288      346      376      403      478      444      503      552      611      667      677      743      854      839      974     1075     1112
     1181     1316     1399     1487     1613     1668     1648     1708     1761     1808     1782     1718     1745     1695     1697     1523     1336     1416     1259     1172
     1058     1035      959      917      856      784      682      708      539      576      527      487      450      430      369      330      326      287      263      266
      242      237      231      174      192      184      170      122      144      119      139      103      100      102       90       82       59       89       75       80
       61       73       72       92       80       96       81       93      111      111      122      133      142      138      146      155      173      184      202      217
      260      234      309      276      334      314      401      388      446      483      548      522      593      636      706      800      820      837     1012     1019
     1086     1184     1240     1319     1426     1493     1428     1581     1564     1627     1623     1606     1586     1538     1436     1344     1301     1253     1172     1041
     1053      893      910      789      755      751      663      612      596      505      511      446      402      406      367      344      326      294      276      256
      243      222      195      200      173      178      132      144      125      107      134      115      127       97       81       76       85       74       77       61
       66       65       85       73       90       91       93      105      105      133      131      118      145      141      155      155      207      181      204      212
      246      260      272      297      322      337      333      390      417      442      491      546      602      602      687      738      747      819      931      927
     1029     1034     1104     1195     1246     1303     1291     1361     1349     1414     1395     1418     1379     1391     1336     1225     1196     1072     1088     1015
      955      863      851      765      679      691      566      641      572      511      475      453      409      360      364      318      280      266      256      227
      250      221      175      185      158      165      168      137      141      130      131       99      111       88      110       79       74       74       72       78
       54       61       85       89       94       92       90       97      119      133      137      113      121      146      179      171      175      200      200      201
      266      260      284      286      319      336      380      376      369      450      472      502      577      598      592      631      689      748      796      785
      856      935     1116     1044     1101     1142     1188     1167     1192     1294     1198     1268     1236     1208     1122     1144     1098     1017     1001      883
      812      819      794      693      727      605      600      559      475      435      437      387      353      378      298      299      294      275      248      251
      243      194      212      154      160      172      160      146      127      125      120       92      102       82       82       83       82       80       76       75
       55       84       83       70       79       85       66      105       90      122      121      117      130      150      150      139      175      170      206      194
      226      220      276      242      301      321      328      405      353      430      469      457      517      519      567      663      717      696      790      740
      841      862      954      977     1030      998     1028     1049     1075     1051     1135     1101     1133     1072     1013      991      910      941      922      816
      796      752      693      732      612      589      527      466      484      452      435      393      345      370      323      300      294      270      213      212
      230      204      204      176      169      155      151      130      131      125      130      116      104       86       94       85       92       81       65       64
       55       75       75       71       69       76       97       87      119       92      116      117      135      143      157      136      152      163      193      191
      187      216      225      266      268      323      304      318      378      360      400      459      506      496      560      534      588      629      668      732
      787      820      871      896      872      895      926     1046      980      958      994      983      924      983      916      919      924      832      773      824
      728      725      644      658      564      518      528      496      470      487      422      363      313      326      285      292      251      286      240      203
      186      205      185      145      144      154      142      148      112      118      114      107      106       85       82       89       76       76       70       70
       79       53       59       78       83       83       84       82       91      116      119      138      126      130      126      178      146      174      187      208
      188      246      239      266      262      297      293      311      376      395      398      416      453      513      525      510      551      634      622      634
      734      738      780      806      810      798      901      900      838      929      884      886      895      854      868      831      769      690      740      739
      689      652      644      546      527      506      441      462      419      360      376      368      288      317      285      281      227      259      229      214
      200      191      187      154      153      140      147      144      117      102      124      107       91       94       78       71       59       88       67       66
       81       52       55       57       74       89       62       89       89      119      119      114       97      124      134      167      171      187      173      187
      207      215      231      246      248      289      246      316      333      376      362      410      413      451      454      510      522      521      584      595
      586      648      709      689      715      768      779      800      837      807      825      813      743      815      788      705      788      691      694      624
      619      567      518      538      514      439      449      407      389      375      353      335      302      287      284      247      216      212      198      206
      189      190      167      179      160      127      124      126      124      107      103       97       94       90       89       67       55       69       77       73
       52       64       79       79       72       81       78       89      103      108       97      114      117      138      112      153      147      140      166      187
      186      207      222      250      240      247      273      293      330      329      375      369      405      394      474      449      481      509      511      560
      579      620      620      694      657      676      697      671      755      756      727      713      782      709      746      667      649      608      633      581
      540      556      536      475      430      445      435      396      371      377      340      308      283      275      258      269      217      215      182      176
      188      179      150      165      145      143      143      129      105      108       78       82       92       85       93       76       60       54       73       66
       62       68       65       61       65       96       84       99       90       93      107       95      109      104      120      121      136      157      161      178
      145      204      228      237      244      249      261      291      316      305      331      354      416      395      386      434      456      508      538      534
      551      615      615      669      648      556      580      630      667      636      658      665      616      631      657      611      620      571      558      525
      498      517      482      456      406      394      360      367      343      371      292      307      284      309      258      228      196      218      190      164
      177      187      140      145      155      140      129      112      117      101       81      105       78       84       88       86       75       69       56       61
       60       53       66       65       81       88       64       87       79       94       98       93      104      122      124      140      139      142      166      151
      177      197      201      210      235      266      243      288      281      313      318      331      364      354      365      422      440      414      478      496
      562      557      590      539      584      578      577      563      579      582      584      591      605      594      554      529      594      534      491      494
      482      424      466      432      402      361      348      349      327      296      306      266      261      227      217      226      220      188      199      174
      163      161      128      123      144      128      134      101      101       80      100       83       89       71       77       73       82       65       70       63
       56       50       75       67       59       82       75       80       88       76      118       91      103      127      108      126      158      141      155      152
      147      170      211      191      189      212      221      232      262      301      297      334      319      355      369      359      416      436      416      432
      477      487      496      472      490      481      521      555      585      553      543      529      515      552      546      495      536      476      519      460
      437      426      428      400      352      338      302      350      281      244      254      275      233      225      242      187      174      183      201      174
      169      145      134      145      128      137      110      105      103       96       83       82       88       83       71       81       73       79       51       57
       54       56       53       66       72       69       78       80       91      100       94       96      119      108      134      112      131      139      141      142
      169      164      189      180      198      228      219      235      257      236      291      287      313      358      352      328      400      392      392      388
      443      421      466      464      436      514      470      510      511      499      502      501      477      528      494      469      483      467      440      419
      401      397      392      353      363      362      317      303      298      274      236      242      237      226      208      191      214      184      159      155
      164      146      135      119      126      108      123      107       98       73       86       82       75       72       83       62       67       61       51       54
       62       59       49       73       70       76       67      108      103      100       89       87      107      106       94      121      110      156      147      134
      168      175      158      183      204      202      227      239      246      246      277      261      297      311      317      352      315      369      381      381
      393      409      419      472      429      428      459      463      442      474      432      481      471      465      387      455      416      412      395      397
      397      356      318      329      305      293      322      293      285      268      236      235      220      232      237      230      204      171      169      140
      157      144      135      121      110      107      124      122       97      101       86       84       88       84       62       81       83       60       59       45
       58       43       67       58       72       71       64       64       66       88       87       94      107      122      114      130      132      136      163      160
      143      179      155      173      189      192      182      218      226      228      261      249      279      263      301      292      316      354      341      326
      358      363      408      394      402      416      435      396      450      420      425      425      401      434      418      415      445      388      365      359
      324      349      315      332      369      301      284      269      268      263      261      239      234      199      176      163      178      187      163      135
      169      155      124      106      114       88      105      104       86       94       77       85       78       68       75       65       57       62       70       47
       47       66       65       70       52       58       69       68       87       88       98      103      101      122      119      110      123      123      114      130
      156      155      186      188      189      187      206      178      214      204      246      254      267      261      251      274      298      287      310      343
      327      382      371      367      360      369      372      394      373      394      399      404      390      395      340      347      354      352      355      322
      321      322      284      290      280      278      217      252      244      215      222      232      202      184      197      193      132      163      142      163
      141      138      117      126      105      101      113       83       60      102       87       72       79       68       66       76       58       55       47       52
       48       60       59       65       65       62       78       75       81       77       92       91       89       87       97      105      100      132      109      126
      129      154      179      133      172      178      177      210      173      215      215      242      254      254      259      254      282      266      278      312
      283      332      326      325      316      306      348      341      353      379      346      355      348      357      360      331      337      324      312      286
      339      261      278      256      284      259      263      217      220      212      209      176      206      188      189      188      136      156      136      122
      124      123      122      107      107      101      107      110       80       97       94       70       74       70       62       71       55       51       48       64
       48       41       50       53       68       78       78       78       83       71       89       85       84       94       98       89      111      125      111      126
      120      155      155      131      174      155      179      188      162      216      198      201      241      254      251      253      273      283      286      288
      284      295      266      297      290      306      294      302      334      323      361      321      328      305      336      281      303      301      297      308
      279      295      256      256      253      217      240      226      215      173      188      195      191      182      168      134      163      145      139      166
      123      117      121       99       94      103       81       97       96       94       57       86       66       60       73       73       61       73       63       36
       44       43       68       54       70       53       66       70       74       79       88       78       82       86       97      111      104      107      120      116
      145      152      143      128      165      146      169      147      177      189      185      215      199      203      251      256      248      253      277      282
      278      286      303      287      275      295      293      299      286      333      314      309      302      276      303      291      291      270      279      301
      265      251      242      273      268      212      204      220      196      200      174      166      181      163      143      147      149      141      128      107
      128      103      107      102       87       91       91      110       71       87       70       69       66       69       55       60       60       57       59       50
       57       69       50       58       53       79       71       53       71       70       86       92       91       79       78       95       86      107      104      117
      135      117      131      141      120      135      148      168      201      193      167      212      194      213      185      225      230      246      201      256
      256      274      264      264      304      290      263      294      302      265      260      265      267      278      275      278      241      250      288      243
      204      272      197      231      173      198      230      176      206      190      165      166      166      141      165      138      126      147      116      120
      124       97      112       96       85      104       84       71       81       70       60       62       55       56       50       49       61       56       54       67
       51       45       57       58       53       63       57       59       78       68       61       79       95       85       72       75      104       98       98      114
      102      106      126      119      133      141      155      157      150      156      194      186      173      194      208      212      214      191      203      224
      223      214      190      275      283      237      236      289      236      259      234      251      263      248      267      242      246      273      247      263
      259      218      213      215      185      208      166      193      180      176      161      147      140      167      143      154      139      131      140      120
       97      122      108      114      101       92       73       90       81       77       65       49       57       67       52       46       58       59       51       60
       42       49       41       47       48       66       79       80       52       70       72       82       66       72       84       90       81       85       99      111
      119      101      140      138      119      136      136      163      169      193      169      182      179      184      183      183      192      190      211      190
      215      222      203      235      230      228      241      240      232      237      253      217      244      250      244      221      250      238      233      226
      208      200      167      200      195      211      187      157      166      165      146      152      132      135      118      125      119      111      126      105
      111      105       94       87       80       94       77       95       87       71       63       52       62       44       57       48       52       55       40       50
       45       55       43       52       61       63       45       73       66       61       68       79       76       81       92       90       65      101       99      103
      104       98      121      125      120      143      138      132      147      144      157      145      185      169      174      172      178      188      209      180
      213      204      228      204      235      222      208      230      216      234      207      234      229      220      235      217      201      241      197      219
      187      189      180      174      169      185      167      149      163      175      147      133      131      119      124      126      142      115      111      107
       91      116      103      117       81       93       80       69       66       77       79       58       52       57       57       49       45       42       53       42
       38       39       45       47       53       66       51       64       60       66       65       49       81       66       77      105       87       85      103      102
       93      103      114      109      120      129      136      132      122      167      160      138      162      179      168      170      174      180      191      201
      191      183      203      197      200      214      199      209      196      182      223      196      196      198      218      181      198      212      190      169
      191      199      154      195      186      187      169      160      154      146      131      134      142      115      134      117      100      107       99      119
      109       94       74       74       92       84       68       62       65       63       69       49       52       56       57       41       53       53       44       47
       39       44       37       41       42       48       52       65       50       60       63       72       66       87       66       92       68       77       82      107
       74      106      110       94       98      105      114      129      146      131      147      142      151      139      162      148      169      175      172      162
      190      186      207      196      165      184      213      200      212      196      195      188      187      188      195      178      189      179      181      174
      172      198      193      179      161      156      156      135      149      136      113      105      129      118      122      106       95       95      105       91
      107       84       89       81       71       93       75       68       76       70       64       59       55       47       56       46       43       54       37       48
       39       42       36       50       43       62       47       67       68       66       53       65       61       83       83       79       72       73       83       88
       99       86       87       94      114      110      115      124      129      130      123      172      140      162      160      139      153      148      172      188
      183      155      179      162      186      182      173      193      171      173      178      200      215      180      181      183      161      163      181      162
      173      169      166      151      143      150      121      154      134      136      115      138      131      106      120       95      101      102      107       93
      101       77       66       86       75       69       65       74       76       66       72       64       61       55       46       53       61       54       35       42
       33       51       39       39       34       47       51       52       62       64       48       62       61       68       66       60       79       66       71       70
       96       78      114       95       97      117      103      109      120      119      122      120      137      134      127      160      127      149      148      138
      141      182      178      130      174      158      160      168      163      146      172      178      169      162      165      172      169      149      164      136
      172      142      156      133      140      131      123      149      139      138      112      110       96      107      100      114       84      102      100       77
       70       77       76       94       67       65       71       75       57       63       51       49       61       41       49       51       46       41       45       42
       37       47       43       43       44       50       55       62       54       68       45       60       65       69       65       53       77       74       79       71
       89       97      108      105       92       99       96      115      112      110      124      133      105      128      156      110      121      132      151      128
      145      170      160      149      164      141      165      158      153      163      159      143      168      152      165      139      142      158      150      161
      117      160      138      132      147      114      134      138      130      109      122      110      104      111       98       85       78       91       74       77
       64       86       67       64       83       63       74       74       59       55       59       55       60       59       45       46       46       35       48       30
       36       30       45       40       38       41       36       42       36       49       49       64       54       49       62       63       68       73       87       64
      114       78       82      103      100       82       77      106      117       92      118      108       99      130      137      130      120      164      128      127
      130      148      173      165      131      153      130      140      183      160      179      144      134      172      135      140      139      140      143      146
      143      122      145      133      134      123      137      127      111      104      103       85       85      104      116       98       99       82       72       67
       71       65       61       63       60       61       69       77       54       55       50       53       49       42       50       54       40       34       44       31
       29       45       47       42       49       41       59       32       51       45       37       58       48       57       49       51       45       66       62       76
       80       84       85       77       82       91       94       90       85       87       89      103      122      100      109      109      123      118      120      127
      136      124      139      140      120      129      149      122      136      149      153      123      126      132      141      130      122      135      130      135
      141      151      119      126      114      119      136      113       93      110      104       92       79       74       80       85       89       81       99       90
       83       83       60       63       73       58       73       54       58       56       58       50       50       47       46       53       39       45       41       47
       35       35       47       56       36       56       32       46       55       50       50       56       41       46       58       51       53       70       74       81
       71       59       86       74       84       79       60       90      110      107      114       96      115      122       88      109       99       96      116      119
      124      135      126      129      131      138      112      128      130      114      139      165      129      146      146      122      132      111      119      140
      114      117      104      117      128       94      120       92      123      108      105       88      107       93       84       95      108       73       68       66
       81       73       61       60       55       53       57       56       53       55       48       50       52       47       40       41       52       42       43       38
       26       30       39       43       40       37       38       48       43       49       49       57       59       55       47       55       64       76       76       70
       60       67       77       75       75       76       77       89       76      106       86       88      103      104      104       94      100      116      100      117
      105      125      117      115      135      115      104      131      121      126      119      118      126      137      112      129      116      116      124      117
      125      119      103      111      104      113      128      114       88       84      104       88       86       76       75       72      102       84       80       58
       66       55       50       48       46       62       54       46       52       49       42       53       45       52       35       52       44       35       29       36
       27       42       37       35       34       32       43       47       39       45       43       42       44       62       48       50       58       65       59       47
       60       64       79       66       84       93       81       80       90       85       86       86      100      106      107       96      100       93      105      128
      111      112      108       91      106      109      111      120      108      147      135      117      116      112      143      102      101      101      104      110
      120       90      101      109       90       91       92       92       89       88       77       73       85       61       85       81       73       77       70       69
       68       52       61       55       62       66       46       66       46       46       48       36       43       30       39       35       36       37       29       43
       28       28       43       31       40       34       45       43       43       52       50       50       46       41       54       52       62       60       65       60
       66       50       66       62       73       71       76       71       80       69       96       83       79       85       87      102       94       94      102       88
       92      102      111      116      117      125      108      122       99      100      106      106      123      109      106       93       95       86       86      110
      100      101      108       96      104       80       74       96       86       76       86       82       74       74       72       73       68       69       66       55
       57       68       48       60       48       72       60       44       37       55       48       43       37       55       43       41       39       37       40       39
       31       37       47       24       33       41       39       42       37       50       53       53       51       48       40       45       47       62       60       61
       61       77       58       68       74       62       68       70       63       62       86       73       78      101       99       72       66      115       89      112
       91      103      114       93       96      107       95      115       92       98      107      101      100      106       94      107       96       99       95       90
       97       91       92       92       96       84       85       82       96       80       96       83       56       70       67       73       72       71       67       59
       59       50       60       48       49       55       43       52       52       40       52       30       37       41       37       38       43       33       31       34
       31       26       30       32       33       36       31       29       45       37       38       52       41       45       44       54       59       54       36       54
       60       70       55       70       62       70       76       60       77       81       79       65       86       98       79       68       81       75      104       99
       84       69       94       77       85       98       85       90       94      110      117      117      103       90      102      106       83      105       81       81
       88      104       64      100       80       92       76       91       61       70       72       68       65       67       76       73       64       76       64       54
       51       45       55       53       53       46       42       55       47       39       33       40       42       45       27       38       28       31       26       28
       28       27       35       31       33       30       40       43       41       31       34       39       45       48       53       49       48       38       38       68
       53       52       60       57       81       55       56       69       86       74       86       71       79       81       61       82       87       69      107       81
       99       98       82       83       80       79      114       89       83       87       90       93       77       92       90       90       83       96       88       70
       82       85       80       73       72       83       61       72       70       81       64       59       54       62       74       83       57       62       57       50
       51       42       50       52       43       41       59       45       40       42       43       46       30       30       42       37       46       39       25       30
