       11       10       12       21       16       12       27       24       20       25       21       22       25       16       34       30       29       24       40       37
       21       27       27       31       32       21       49       41       36       23       36       44       47       43       49       36       41       52       53       38
       40       42       51       40       48       30       55       52       46       42       52       59       48       38       48       40       52       47       50       42
       47       44       46       29       40       56       36       31       33       39       41       39       46       41       40       34       34       40       39       24
       28       34       32       28       25       19       23       23       24       27       19       25       22       14       19       22       19       17       18       12
       14       12       21       27       24       21       26       16       29       17       24       21       26       23       28       20       27       22       23       32
       22       36       23       27       28       31       30       41       31       38       30       40       37       40       42       52       51       44       49       40
       49       54       49       59       56       53       56       50       64       46       46       63       50       49       35       44       50       44       40       46
       41       45       46       42       43       33       47       50       31       37       44       23       29       41       38       38       40       39       29       32
       23       30       21       31       24       23       28       23       28       18       24       29       26       22       24       22       21       17       15       21
       20       18       14       30       26       34       15       16       12       26       22       18       20       26       23       27       32       29       29       32
       29       35       33       44       40       38       38       36       36       39       43       33       48       51       57       51       52       51       59       47
       51       36       52       47       64       53       52       50       52       57       47       55       59       53       53       44       50       46       53       48
       43       53       43       49       47       54       41       61       43       41       29       37       33       47       44       36       28       28       39       35
       30       26       32       31       31       33       21       20       25       21       26       25       24       27       16       17       16       17       15       14
       15       19       11       14       16       19       32       22       20       21       29       27       15       18       35       25       28       26       29       26
       38       29       26       33       34       30       39       49       46       30       42       40       37       36       56       51       42       55       53       46
       48       62       45       40       53       56       59       57       58       74       50       48       54       31       47       53       65       47       48       48
       49       54       55       62       48       60       55       53       43       35       52       32       29       34       47       32       42       37       37       35
       32       35       25       23       31       19       23       20       25       23       31       22       13       20       28       15       15       17       14       24
       15       11       22       14       21       18       22       22       33       14       27       29       25       28       29       31       24       39       37       35
       28       28       29       35       40       33       38       52       36       47       41       45       54       46       44       51       47       42       47       50
       53       57       55       72       54       59       56       58       55       57       57       48       62       57       65       68       71       53       47       50
       53       58       55       52       52       50       56       53       50       45       53       47       43       37       32       50       40       38       32       33
       31       38       36       34       36       21       24       27       32       27       22       13       28       16       29       15       12       15       19       16
       19       18       17       18       30       22       23       16       27       22       31       34       35       29       38       26       30       36       22       35
       41       44       37       39       38       35       49       37       55       60       68       67       58       56       54       43       58       62       67       48
       59       67       58       55       51       70       56       69       54       66       65       56       58       53       71       65       57       62       68       62
       60       62       59       51       50       54       48       57       40       45       48       40       43       43       53       32       42       33       41       37
       34       38       31       26       26       29       32       18       29       41       29       30       31       18       15       17       17       23       17       20
       19       25       21       16       24       20       29       20       22       22       23       22       32       27       26       23       35       34       45       41
       41       40       46       40       40       46       40       42       45       41       51       60       52       65       50       68       62       74       70       53
       54       54       71       50       67       71       73       67       86       55       69       89       75       68       79       64       64       64       71       59
       60       51       58       55       70       61       48       64       45       47       61       49       62       42       49       54       46       47       36       34
       34       43       32       35       27       29       24       29       28       18       24       28       21       27       19       29       14       11       23       22
       20       20       20       20       21       28       24       26       22       32       32       29       24       32       29       33       39       30       44       40
       38       49       49       50       44       52       34       46       53       51       58       51       54       65       63       71       62       67       72       66
       78       76      101       80       66       68       71       70       75       69       78       69       66       79       76       76       69       74       72       79
       90       62       43       52       71       51       83       52       44       56       55       52       49       45       32       45       49       46       42       50
       43       42       37       31       47       37       32       27       31       23       32       19       25       25       17       27       25       20       18       21
       20       21       22       25       27       32       24       41       19       27       27       28       25       28       26       32       25       32       47       39
       30       34       44       61       68       53       61       53       42       61       67       70       58       47       63       60       68       63       83       76
       91       70       75       74       79       77       61       86       99       69       77       88       89       67       86       86      100       61       84       75
       78       89       80       67       69       54       64       62       54       47       57       65       54       63       46       48       41       40       43       43
       44       32       39       35       24       37       24       25       34       19       21       25       23       33       22       19       18       24       18       26
       21       22       18       19       29       28       27       30       21       36       26       36       29       24       35       41       30       39       39       49
       37       59       36       50       52       69       53       57       62       62       60       56       61       65       75       62       66       68       70       87
       73       86       97       76       80       87       86       66       78       80       94       93      104       88       91       91       73       69       68       74
       68       79       87       59       91       59       62       50       57       73       61       51       50       56       56       52       54       44       44       43
       41       35       51       33       44       24       29       30       34       26       22       25       30       25       24       20       22       26       28       26
       14       16       31       27       30       23       23       36       28       19       28       26       27       30       28       42       38       32       59       40
       54       40       66       39       49       48       69       64       64       62       66       79       68       80       68       74       75       70       77      106
       85       78       93       94      114       76       89       82      107       94       95       97       92       86       83       90       95       68       75       82
       95       98       74       56       68       72       61       57       73       59       53       62       54       56       47       59       54       45       51       39
       47       50       38       38       33       36       37       32       13       32       30       34       25       24       24       21       22       24       20       15
       13       26       16       24       24       15       30       27       28       27       24       33       33       37       41       43       25       43       31       44
       38       35       56       48       45       59       61       66       65       74       59       72       78       90       81       81       78       95      104       94
       84       95       97       88       99      113      103       96       97       86      105      104      101       93      100       82       99      105       90      100
       96       80       84       72       67       86       72       75       61       55       62       61       60       65       60       54       52       64       58       50
       51       50       50       42       35       39       27       33       31       23       34       30       31       25       26       31       16       33       21       15
       24       18       23       22       28       26       25       31       30       35       35       33       37       26       48       49       37       42       51       40
       42       61       60       57       67       62       66       66       86       77       74       71       87       88       78       83       79       89      106       82
       94      115       92      108      110      108       86      117      117       98      107      122      105       98      104       91      108       98       99       90
       70       94       75      107       83      110       75       72       84       75       76       68       69       72       58       57       48       55       52       47
       49       49       46       29       46       45       24       34       32       26       34       30       29       28       32       24       19       35       23       27
       24       24       19       30       28       31       30       24       38       34       44       44       37       51       33       42       44       46       59       40
       61       49       54       66       53       76       69       74       72       87       71       86       75       93       76       81       99       88       86      103
      102      119       95      114      108      130       98      111      118      124      131      116      121      107       93      117      110       98       94      120
      113       84       75       93       90       94       75       76       77       80       85       67       71       72       66       76       50       46       63       51
       52       50       44       55       43       37       38       27       36       29       22       40       33       25       28       23       26       22       28       16
       23       19       18       25       21       23       21       36       40       40       30       34       37       40       36       40       41       38       55       51
       66       63       65       69       52       62       67       77       72       71       72       80      105       95      103       85       97       97      121       94
      106      122      129      115      135      133      117      119      130      124      125      113      126      120      122      130      142      129      126      118
       79       81      127      107      116      109       99       99       90      100       83       71       72       82       72       66       43       54       79       54
       52       55       48       52       54       38       42       53       38       39       38       36       25       24       40       27       33       26       24       20
       31       22       22       40       32       26       29       28       32       31       38       46       39       47       41       43       40       63       60       43
       62       67       62       63       74       60       65       73       74       77       91      102       92      114      102      117      103      121      120      123
      142      120      128      120      131      130      136      155      142      152      136      151      150      129      134      136      130      130      122      111
      107      117       91      128       87       88       92      101       91      100       86       87       75       85       78       85       66       61       50       55
       46       44       52       44       47       28       41       42       33       40       40       33       39       26       26       31       27       25       33       32
       19       25       28       19       28       32       30       28       41       34       52       41       42       46       44       46       51       60       52       53
       61       57       66       65       74       69       85       81       88       84       77       99      110      114      108      120      124      114      118      118
      119      102      143      128      144      160      135      149      148      145      127      133      129      118      156      154      136      129      140      107
      125      145      118      125      122       99      104       95      101       76       98       84       86       89       83       75       78       80       65       58
       58       59       44       62       65       40       47       39       45       30       29       34       38       31       20       35       32       34       28       24
       27       14       37       21       33       21       31       34       37       47       48       36       44       52       38       53       44       52       65       50
       61       76       71       73      103       80       85       83       98      118      105       93      114      100       88      112      130      129      125      133
      143      154      132      151      140      156      204      157      170      149      168      162      156      174      158      156      170      137      140      130
      141      137      132      111      108      110      114      104      127      103      102       89      107       84       88       83       72       62       66       64
       72       67       57       48       55       55       29       39       47       53       46       34       38       45       30       26       51       39       33       26
       28       24       43       27       26       40       37       36       40       45       32       53       35       57       47       43       56       52       52       66
       77       79       67       85       90       94       89       94      102      109      112      135      101      112      137      140      148      133      139      169
      144      154      188      163      182      161      194      180      156      155      172      156      146      189      150      168      148      171      159      196
      150      143      148      126      137      140      106      128      100      117       85       93       87       90       66       71       94       65       65       52
       65       67       54       48       44       41       54       46       38       35       40       44       33       27       37       25       40       37       29       27
       29       37       26       30       26       37       36       51       55       45       50       36       54       39       54       55       63       57       61       67
       75       69       93       82       87       95       94      109       82       86      108      110      105      133      128      148      139      131      138      172
      189      181      206      202      177      200      168      198      184      199      181      172      212      191      186      205      167      167      174      164
      154      152      140      159      143      149      162      133      136      118      116      100      121       99       78       77      101      103       84       74
       59       70       62       47       47       59       64       39       39       48       32       33       30       46       42       27       36       35       36       32
       20       35       28       51       27       32       31       33       43       42       53       45       53       35       54       58       65       71       68       75
       71       81       83       87       97      120      108      104      104      112      122      126      133      149      171      149      155      164      160      178
      174      148      189      202      189      207      187      181      183      237      213      220      202      190      209      184      198      185      190      191
      164      161      173      163      132      151      119      143      128      118      131      105      139      103       95       81       83       92       85       83
       84       65       63       50       69       52       62       44       43       61       49       38       53       31       31       38       26       34       28       36
       22       30       35       26       35       40       25       40       47       51       49       47       52       67       38       58       56       65       64       69
       70       91      102       82      107      101      106       96      118      132      123      128      137      170      162      157      169      169      195      229
      190      198      196      215      207      220      234      232      221      238      256      196      234      214      222      233      185      219      206      204
      202      170      166      165      159      170      166      131      136      127      117      115      114      116       91      106       85       74       94       93
       77       71       69       65       60       52       61       54       57       44       38       38       32       44       40       28       33       27       30       26
       28       30       29       33       34       38       37       50       38       42       48       51       69       61       55       71       70       64       63       92
       77       87      106       98      105      107      112      117      141      127      146      134      155      170      170      187      167      177      199      224
      224      224      230      231      228      241      226      235      256      240      251      248      277      235      264      233      225      213      206      224
      201      212      191      211      170      159      176      161      128      155      116      116      120      109       97      111       90       89       90       83
       83       81       64       80       53       66       69       47       53       49       36       34       52       49       28       32       30       58       34       23
       29       35       30       31       34       30       44       43       44       46       52       61       47       59       58       64       68       87       62       74
       92       82      102      117      124       91      116      126      128      140      153      157      170      154      172      201      192      193      241      226
      219      251      247      257      268      264      280      268      284      292      270      260      255      250      251      270      282      269      256      240
      226      197      212      202      176      180      177      159      167      144      144      136      119      129       90      127      124       91       95       81
       83       76       86       62       71       57       60       61       55       53       53       50       51       40       45       35       43       35       28       27
       39       27       29       31       34       36       36       51       50       43       51       59       55       51       49       61       69       84       77       86
       86       91       93       98      115      121      149      133      140      147      150      159      173      173      198      197      213      228      264      242
      257      248      263      281      273      313      310      301      284      337      320      328      289      302      295      257      293      283      243      283
      221      236      221      202      208      180      189      171      188      145      154      119      130      142      126      105      113      120      111       73
       63       71       80       75       77       67       68       49       59       64       57       53       41       38       44       43       39       36       36       31
       43       28       35       43       43       45       41       41       51       57       56       71       65       47       63       68       84       70       97       85
       90      115      121      116      122      113      151      156      151      150      170      187      173      208      221      210      218      253      255      309
      297      293      283      324      289      310      343      316      334      362      316      357      360      308      318      304      316      315      304      303
      270      281      229      218      245      225      204      186      187      183      127      157      135      131      110      125      107      108       77       81
       76       75       83       65       89       81       59       55       47       56       56       46       30       47       47       32       40       34       34       31
       25       33       37       29       44       36       51       36       57       64       53       53       53       66       82       61       63       86       93       91
      118      109      112      124      126      173      145      126      168      166      166      186      204      207      241      255      274      261      287      319
      288      327      313      334      354      365      369      383      391      390      336      374      348      358      346      387      354      299      351      285
      302      306      261      262      209      233      214      188      214      188      177      154      150      154      132      118      102      114      116      117
       89       75       84       92       64       65       59       60       56       45       58       61       56       40       40       29       38       32       36       48
       33       56       33       35       39       36       44       31       56       62       60       67       82       70       71       83       80       84       95       96
      106      118      135      109      147      153      129      134      165      160      198      195      215      226      244      266      275      305      349      313
      339      340      326      352      388      380      393      406      457      435      432      400      410      389      379      406      350      383      351      334
      300      292      289      258      291      229      226      207      228      195      165      163      159      156      136      138      121      108       91      111
       78      106       97       76       61       71       81       74       60       54       32       48       52       50       45       38       33       32       23       19
       38       30       46       35       35       48       45       56       34       49       64       58       79       55       67       67       76       90       84       96
      110      114      138      120      142      162      163      191      172      188      215      203      210      269      260      249      281      318      305      343
      361      366      415      397      424      446      429      448      472      515      433      422      445      457      460      417      422      398      387      374
      338      346      302      332      287      257      259      220      233      217      196      192      209      174      144      146      133      117      103      107
       95       91       78       85       76       70       75       83       62       58       39       57       53       56       38       35       36       40       27       33
       21       30       50       43       55       43       40       48       58       47       63       70       66       74       80       95       85      118      105      104
      125      125      126      127      142      174      182      198      176      185      208      240      236      261      316      309      322      347      407      356
      430      410      442      485      454      484      537      508      543      515      512      497      504      476      436      486      454      441      423      398
      368      388      338      324      336      306      276      223      235      224      225      188      166      164      162      137      128      144      124      117
       99      109       99       89       81       75       76       55       74       63       48       44       50       41       38       38       35       47       36       41
       38       37       33       47       38       49       55       54       53       82       53       61       69       87       73       84       82      117      101      126
      106      138      121      157      163      172      190      175      211      212      231      240      297      283      310      335      367      344      400      436
      435      427      464      503      485      553      551      557      613      570      580      568      562      533      524      522      530      417      500      411
      413      412      406      357      335      290      294      237      267      237      222      245      181      177      172      167      150      143      117      122
      108      104       98       79       85       59       86       64       77       72       55       70       59       47       63       46       32       37       30       32
       32       36       26       48       42       56       39       51       62       55       65       72       67       93       89       74      105      108      104      116
      108      129      140      145      170      179      179      211      203      235      274      260      290      322      336      356      377      425      476      471
      512      541      540      576      583      639      609      665      638      643      668      673      600      581      601      589      570      523      508      472
      443      375      448      407      364      322      291      297      249      223      236      214      165      222      159      169      151      114      127      141
      140      115       85       92       92       84       81       76       53       59       56       60       52       49       56       56       43       48       37       33
       43       48       46       36       39       46       51       60       51       60       66       55       84       84       84       87      111      106      123       99
      105      125      147      153      173      173      208      257      221      260      258      278      293      326      373      403      435      421      507      511
      489      540      579      613      649      648      709      701      701      760      730      718      718      677      691      685      602      588      538      539
      505      467      476      393      393      324      320      277      299      289      258      240      215      210      183      179      156      154      142      116
      106      110      103      106       88       81       86       81       88       70       51       52       39       56       40       35       46       35       45       28
       43       44       47       40       43       50       53       47       70       84       58       73       98       85       73       91       96      104      115      130
      110      123      150      130      170      194      206      221      250      272      287      345      353      358      362      392      422      497      487      565
      600      585      678      717      738      738      832      763      851      801      828      781      785      790      780      774      634      668      624      619
      556      556      498      459      425      363      363      373      329      250      251      239      228      202      189      180      170      166      142      152
      114      116      115       96       95       81       89       87       54       73       71       64       58       43       54       55       52       41       35       36
       35       42       46       47       44       49       59       60       66       56       65       79       77       73       78      103      103      130      123      137
      135      162      159      177      198      222      222      240      278      301      284      319      353      368      423      420      514      542      570      616
      703      667      783      770      820      876      949      917      893      944      968      914      963      929      874      837      772      792      698      643
      653      515      529      442      477      384      421      358      326      303      268      268      242      225      194      181      171      145      142      152
      122      125      104      110       90      103       88       80       85       63       66       66       73       59       59       57       43       46       33       31
       45       28       48       44       51       55       62       59       52       63       83       81       98       75       82      118      101      117      114      131
      141      163      156      174      194      213      234      251      263      281      312      360      381      376      455      506      519      609      661      675
      790      827      827      875      950      930      991     1024     1072     1099     1102     1051     1038     1013      949      969      862      859      786      736
      702      629      617      514      519      433      394      374      375      308      288      276      267      238      207      188      182      163      160      178
      126      114      121      106       93       97       99       61       79       59       77       62       61       67       54       41       53       46       39       44
       37       32       41       36       50       46       44       62       56       60       77       79       72       91       93       83      103      125      124      131
      150      168      185      195      220      197      257      254      279      294      328      353      432      417      491      540      596      630      691      680
      836      924      936     1018     1043     1083     1155     1247     1247     1296     1209     1221     1253     1147     1132      981      975      903      891      831
      779      736      651      568      572      511      464      426      369      373      330      292      285      260      226      221      206      171      149      136
      144      112      117      108      103      101      108       85       73       84       62       50       61       63       51       43       42       42       50       35
       36       44       48       49       59       40       64       46       49       61       93       90       86       87      116      109      118      123      121      147
      144      165      199      192      235      249      262      262      309      321      342      406      438      488      506      560      613      630      727      819
      845     1066     1112     1093     1180     1290     1293     1440     1504     1416     1449     1419     1466     1394     1297     1235     1182     1041      926      905
      846      770      663      637      579      515      469      459      414      381      357      294      256      265      237      194      231      197      154      164
      167      159      118       99      116       87      100       97       96       63       64       53       43       52       41       51       39       55       43       39
       27       41       43       40       51       51       45       54       59       69       64       95       81       92       95       90      115      124      127      138
      170      171      190      202      255      223      268      291      299      322      388      372      461      527      565      607      692      788      799      872
     1000     1114     1171     1254     1374     1438     1541     1650     1726     1694     1738     1661     1634     1614     1524     1403     1248     1207     1121     1002
      911      886      741      700      620      564      535      479      435      376      343      309      309      303      269      201      220      194      143      150
      117      142      120      113      106       86      100       94       87       81       72       55       61       54       44       43       41       44       34       43
       47       31       42       51       48       54       60       61       83       52       68       95      106       89       88      110      113      134      140      148
      150      196      188      220      227      281      298      298      342      366      410      455      508      496      605      662      704      782      925     1014
     1134     1187     1376     1483     1630     1674     1693     1957     1943     1966     2103     2039     1852     1837     1671     1539     1338     1282     1176     1098
     1043      890      779      795      666      557      526      490      431      402      343      351      259      271      295      217      209      187      195      165
      148      138      132      110      120      114      106       95       84       65       70       67       68       70       56       61       50       41       46       44
       42       41       66       45       49       50       63       67       79       70       90       98       84       88      115      123      120      137      134      164
      157      180      193      213      191      288      303      346      377      394      391      487      515      561      604      718      831      863     1017     1050
     1239     1357     1536     1586     1800     2050     2122     2229     2353     2384     2391     2338     2265     2113     2058     1935     1750     1628     1337     1221
     1151      980      869      785      739      656      588      541      481      438      386      344      323      263      263      216      217      217      204      168
      176      146      119      115      106      116       84       85       82       71       77       77       67       68       59       66       52       42       40       38
       40       41       52       46       54       66       53       67       67       91       71       99      101      105      111      135      117      168      149      161
      169      182      189      207      226      267      277      349      347      390      435      477      582      653      628      821      882      978     1087     1201
     1364     1503     1684     1893     2192     2275     2456     2713     2895     3013     3066     2840     2781     2606     2377     2216     1902     1723     1548     1409
     1172     1044      930      854      759      661      599      554      506      442      392      360      281      311      254      235      236      209      175      181
      158      177      133      116      114      112       98       83       97       92       79       73       62       52       61       56       62       38       36       37
       53       40       32       41       48       63       73       67       66       75       85       78       94      110       97      106      120      153      167      176
      182      191      229      253      263      270      330      339      372      431      400      505      589      621      691      767      936     1024     1201     1318
     1538     1738     1893     2144     2461     2688     3000     3432     3447     3720     3641     3545     3475     3115     2942     2469     2204     1986     1749     1514
     1382     1210      994      969      830      705      689      624      502      476      439      389      307      297      271      303      221      192      210      164
      173      131      123      122      106      103       97       93       89       84       76       72       57       53       58       46       61       63       53       33
       52       33       50       47       51       57       63       67       93       57       83       95       96       97      119      106      149      170      166      181
      180      208      200      223      221      306      315      365      420      433      476      495      595      684      774      847      976     1108     1294     1484
     1616     1874     2234     2604     2861     3266     3667     4187     4533     4757     4670     4427     4138     3582     3321     2939     2586     2143     1905     1620
     1400     1252     1081     1000      865      759      680      606      526      496      441      382      372      301      264      269      249      198      213      192
      157      139      154      115      126       95      114       96       95       73       94       64       63       66       52       44       61       40       47       33
       37       39       58       39       48       56       58       60       77       89       78       94       75      116      127      107      137      150      150      169
      192      209      228      263      251      275      329      375      412      461      454      568      607      740      817      951      999     1116     1407     1496
     1766     2130     2393     2845     3349     3873     4688     5176     5760     6058     6003     5797     5245     4584     3916     3360     2857     2482     2099     1813
     1532     1346     1200     1008      842      888      732      630      498      500      429      398      364      302      288      279      238      214      195      181
      164      158      131      119      122      111      105       81       74       86      112       82       67       64       68       51       43       46       45       59
       45       57       56       46       60       47       73       58       57       77       93       78       95       82      128      125      134      168      144      187
      174      205      230      253      286      302      331      346      407      462      503      569      638      753      807      866     1099     1240     1442     1680
     1948     2310     2693     3390     3929     4737     5499     6801     7447     8127     8285     7695     6817     5694     4814     4028     3232     2660     2274     1926
     1629     1436     1169     1071      893      807      717      646      556      523      453      427      390      344      296      280      258      220      221      179
      151      177      138      155      129      112      106      106       98       92       87       73       66       65       59       57       52       53       37       38
       40       50       35       50       55       59       63       87       60       82       86       81       89       96      109      119      151      140      150      156
      208      171      234      283      290      317      330      356      437      444      538      600      616      771      816      973     1111     1264     1558     1836
     2061     2572     3038     3577     4531     5609     6943     8564    10388    11898    11981    10650     8744     6961     5708     4457     3712     2926     2510     2078
     1749     1489     1303     1155      983      849      723      633      613      464      460      442      367      331      296      264      275      249      192      185
      170      159      135      135      127      107       95      105       82       85       84       74       64       57       66       57       52       53       54       39
       51       54       61       61       55       67       73       67       60       89       76       87      107      109       99      124      149      157      162      174
      190      215      225      230      301      336      345      383      411      449      500      602      659      758      924      994     1193     1366     1552     1832
     2171     2671     3303     3973     5115     6480     8603    11664    15084    18230    18378    15362    11391     8613     6538     5045     4120     3262     2750     2212
     1836     1554     1312     1105     1013      859      757      670      585      494      428      425      376      349      312      266      270      241      214      189
      177      182      147      128      128      104      117      111       90      102       84       71       54       68       47       65       48       50       36       48
       53       57       53       57       68       64       69       75       63       80       93       94      123      107      105      135      148      141      170      173
      174      184      232      251      286      304      341      360      395      479      553      584      694      776      917     1043     1228     1386     1696     1978
     2316     2709     3308     4272     5499     7503    10267    14957    22815    34300    34378    23262    14893    10158     7312     5619     4249     3493     2777     2345
     1880     1608     1444     1181     1091      901      775      684      636      502      479      422      344      386      333      302      245      210      215      193
      195      179      128      146      126      111      107      113       84       86       84       99       69       59       77       51       52       51       47       53
       34       54       49       41       53       50       80       78       72       77       83       93      115      105      114      119      131      143      148      185
      197      228      251      255      287      320      342      412      439      463      522      548      679      749      876     1009     1236     1400     1613     1911
     2379     2872     3458     4373     5878     8064    11253    17561    33292   103065   103080    33160    18114    11386     7918     5912     4433     3431     2834     2378
     1878     1569     1342     1249     1119      894      785      657      575      585      459      458      344      327      285      259      247      239      234      192
      177      158      151      144      103      115      103       99       97       93       81       78       64       73       61       55       58       48       34       46
       48       46       52       61       86       66       56       74       71       82       76       99      107      100      125      122      131      170      152      174
      186      196      241      256      279      294      319      366      381      447      515      600      679      800      892     1047     1179     1365     1596     1970
     2326     2977     3345     4539     5936     7909    11439    17935    33344   102790   103394    33094    17884    11304     7793     5896     4489     3599     2851     2400
     1938     1672     1375     1225     1071      877      739      686      650      527      499      441      348      362      314      275      250      209      212      195
      187      181      158      155      137      109      105      107       92       79       68      102       65       73       71       57       48       47       36       38
       34       40       44       57       68       57       57       68       80       80       93       94      105      108      123      120      126      152      145      180
      185      206      208      257      270      294      342      396      406      478      579      624      700      792      923      969     1147     1323     1572     1912
     2236     2861     3446     4404     5508     7409    10425    15027    23313    34026    34457    23498    14862    10121     7244     5588     4387     3506     2688     2262
     1961     1664     1398     1222     1005      877      775      677      631      497      466      433      393      336      343      291      247      222      214      180
      194      171      159      148      135      121      102      108       94       60       73       75       73       62       65       55       42       45       45       46
       27       55       51       61       68       63       61       84       77       90       81       98       73       90      126      115      148      133      133      196
      164      216      195      237      266      291      334      377      431      434      499      573      650      747      865      989     1181     1342     1504     1860
     2150     2648     3270     3916     5043     6660     8728    11801    15403    18607    18703    15357    11504     8694     6500     5098     4017     3187     2720     2233
     1867     1642     1366     1147     1049      903      753      659      590      515      464      410      414      346      306      287      294      221      187      216
      188      165      136      132      133      116      103       91       94       68       74       74       81       57       79       55       63       34       37       44
       37       40       41       48       70       68       64       70       61       65       97       84      118      129      131      121      151      160      152      169
      208      200      210      253      263      305      323      346      405      451      506      580      638      730      863      974     1113     1268     1495     1708
     2104     2483     2974     3656     4522     5600     7137     9029    10696    11796    11916    10601     8865     7018     5530     4611     3628     2983     2462     2129
     1792     1594     1320     1193      973      901      731      615      578      559      494      396      391      341      310      290      260      228      219      184
      187      157      141      135      121      123      109      101       98       95       87       78       69       56       65       43       59       42       41       38
       39       51       46       42       42       61       67       69       70       63       77       98       99      109      114      115      105      145      164      177
      185      223      228      246      279      299      332      335      428      467      512      552      614      734      855      983     1062     1192     1406     1659
     1958     2272     2727     3281     4069     4769     5843     6877     7738     8239     8280     7803     6601     5939     4754     3963     3308     2826     2311     1975
     1737     1438     1270     1101      993      832      761      691      569      539      442      405      348      334      338      262      242      199      219      178
      181      164      167      134      139      124      101      100       86       83       81       68       63       62       57       42       42       61       47       47
       36       38       61       52       61       56       58       64       78       95       82       87       98       99      106      121      126      145      138      177
      158      195      242      266      260      277      322      365      351      450      506      555      671      646      756      895     1026     1236     1399     1632
     1939     2004     2429     2837     3422     4056     4706     5361     5769     6222     6080     5873     5294     4616     3999     3338     2925     2640     2155     1844
     1582     1358     1232      994      887      771      690      598      583      522      461      380      367      357      271      301      268      238      205      187
      190      167      152      138      126      135      112       89       88       94       88       70       62       64       54       46       54       44       33       39
       46       48       51       47       46       55       54       75       65       79       81       88       92      106       81      121      120      139      167      174
      165      196      216      255      231      286      322      351      406      442      482      480      616      668      728      855      986     1134     1262     1408
     1732     1930     2223     2595     2961     3369     3793     4225     4660     4668     4602     4481     4268     3885     3483     3032     2587     2181     1935     1624
     1427     1326     1152      952      881      845      638      597      551      468      426      427      410      334      296      276      252      218      205      193
      161      178      165      130      142      113      110       86       97       89       86       83       63       74       44       52       52       49       51       47
       39       42       47       35       53       66       64       79       64       78       87       83      107      123      100      127      118      147      132      185
      172      182      200      227      249      315      320      373      373      429      477      507      579      598      763      802      927     1064     1131     1346
     1513     1663     1993     2239     2546     2822     3116     3450     3650     3686     3683     3586     3321     3225     2806     2522     2168     1976     1721     1496
     1379     1186     1071      934      868      726      693      572      529      498      410      392      345      315      296      262      243      241      208      184
      184      163      146      131      106      121       88      121       91       71       77       58       73       67       60       41       54       45       46       51
       35       43       48       46       55       68       58       62       67       64       73      103       86       88       98      122      132      135      141      151
      177      202      205      233      226      266      261      300      376      414      457      530      578      614      703      776      881      966     1093     1240
     1379     1491     1841     1973     2162     2396     2714     2802     2915     2901     3062     2872     2869     2591     2464     2181     1950     1803     1527     1398
     1197     1059      964      881      759      663      637      558      484      470      453      356      330      295      301      251      222      208      187      177
      182      151      129      129      113      104      110       89       73       75       70       88       62       56       73       55       39       36       45       46
       52       43       45       48       40       53       67       51       72       72       84       75      100      107      114      110      119      123      137      133
      182      164      212      226      249      296      286      296      347      393      451      457      508      632      669      671      789      953      970     1102
     1353     1385     1593     1640     1898     1997     2265     2335     2373     2532     2447     2482     2276     2180     2064     1901     1724     1550     1394     1200
     1113      997      929      795      734      604      623      520      460      444      425      359      334      316      291      264      206      200      171      160
      160      156      127      126      113      116       98      114       82       79       74       72       71       68       52       56       66       37       45       46
       29       39       41       41       49       40       49       64       73       73       79       79       94      100       99      109      115      130      146      143
      158      179      205      192      238      267      301      296      334      362      442      447      496      547      645      637      702      785      847     1097
     1151     1264     1370     1496     1692     1770     1856     2053     2013     2101     2079     2036     2066     1929     1694     1616     1533     1371     1252     1152
     1029      911      835      731      655      614      576      553      436      428      391      364      304      273      253      241      223      226      187      190
      181      139      155      131      104      112      100       96       75       64       80       69       65       56       52       53       49       36       47       32
       41       37       52       46       43       64       49       53       72       76       60       89       86       79      100       98      135      129      132      144
      160      184      198      181      246      248      280      314      327      342      375      447      488      563      560      631      719      858      871      844
     1023     1113     1217     1339     1482     1541     1655     1736     1756     1772     1769     1744     1679     1647     1528     1428     1287     1148     1234     1047
      940      861      773      702      663      561      478      517      423      362      377      322      305      275      248      210      212      182      167      156
      160      142      142      119       84      102       79       87       78       73       72       63       63       60       52       51       52       48       48       35
       35       57       44       38       58       39       59       68       71       92       79       84       92      108       95      114      133      127      146      151
      138      180      189      199      228      247      258      287      321      332      364      435      492      486      489      570      612      724      855      870
      927     1001     1069     1138     1258     1389     1351     1364     1392     1547     1470     1479     1482     1355     1327     1317     1122     1118     1055      912
      853      799      715      669      567      544      492      445      391      395      358      302      297      226      225      234      204      208      144      148
      129      125      141      100      125      119       82      105       83       79       58       76       51       50       54       42       67       32       39       39
       38       51       37       40       51       46       62       69       74       78       75       65       85       99      103      103      116      111      132      134
      156      165      185      196      242      221      265      277      309      334      334      387      404      464      467      511      587      582      686      793
      804      862      961     1043     1189     1177     1238     1202     1217     1339     1326     1243     1255     1154     1175     1055     1058      992      879      771
      743      712      627      638      570      506      485      391      356      357      319      295      283      258      211      210      186      168      166      147
      140      142      109      100      125       91       81       74       82       80       71       64       58       59       46       43       40       38       34       41
       30       37       45       46       57       50       51       50       68       59       83       82       77       88       85      105      102      111      127      142
      162      163      162      166      197      223      232      256      258      292      341      362      364      419      444      477      515      607      684      704
      748      782      869      877     1013      920     1085     1096     1139     1114     1097     1120     1137     1092     1019      964      941      850      733      796
      662      651      618      543      501      463      438      417      346      299      332      273      278      233      217      198      188      179      155      141
      169      129      116      122      100       85       98       86       70       76       58       58       65       59       67       45       46       45       59       41
       39       37       38       44       39       50       48       60       57       62       65       78       80       78       84      120      100      106      118      115
      145      155      181      170      179      198      208      252      267      312      295      312      351      416      437      453      501      545      592      633
      669      718      749      759      893      885      943     1003      951      982      987      957      919      931      970      816      774      761      737      700
      652      562      570      502      450      389      358      360      355      318      286      283      251      236      220      183      177      166      157      150
      143      123      108      115       96       94       87       75       84       63       56       64       55       53       52       59       47       40       43       41
       31       41       29       46       40       67       46       43       42       72       62       68       65       69       72      101      118      127      111      121
      131      148      165      183      201      166      206      251      251      280      302      357      362      383      393      426      492      527      478      587
      574      668      679      737      723      797      764      835      896      802      811      863      815      776      816      762      807      676      673      571
      581      568      465      469      441      421      333      357      305      310      257      244      243      243      235      191      169      165      149      139
      139      123      124      114       79       90       87       69       94       80       69       51       42       50       41       41       36       32       57       45
       38       40       52       50       45       56       57       62       54       70       45       76       76       85       79      107      112      100      121      117
      118      145      153      164      195      198      222      192      235      233      282      293      312      314      379      413      445      433      460      502
      538      596      606      634      680      701      697      759      746      767      747      682      728      699      680      695      659      667      558      550
      552      499      450      418      402      378      369      332      298      279      258      253      224      199      201      185      193      164      136      135
      133      137      110       86       97       98       69       85       80       63       68       64       47       57       50       47       41       38       48       46
       38       34       40       38       49       57       54       56       48       57       66       59       72       79       88       82       80      103      118      114
      121      138      144      160      139      185      182      200      226      227      277      250      299      318      333      349      411      401      425      478
      468      520      528      561      578      615      633      639      710      690      657      646      671      664      665      619      581      554      547      483
      456      452      412      399      359      341      313      359      285      267      257      216      229      212      173      170      169      148      138      134
      116      125      102      111       86       84       81       57       71       74       64       45       57       48       45       38       40       33       45       45
       35       27       53       40       48       60       46       43       32       73       82       60       80       69       83       84       95      101      102      121
      146      131      135      180      140      169      196      224      208      209      222      262      255      301      339      353      393      391      414      461
      463      472      479      508      525      569      597      565      599      559      583      616      629      588      604      559      539      508      497      455
      416      454      389      385      357      291      293      280      256      249      250      229      189      198      192      165      151      151      117      131
      114      125      120       91       94       96       78       69       59       60       65       58       61       54       47       57       40       32       42       27
       33       41       41       39       39       49       36       41       53       53       56       61       89       69       79       92       67      103      112      113
      101      120      128      136      132      180      153      172      190      230      212      258      229      251      278      317      342      366      371      408
      376      448      421      462      501      521      488      472      494      520      532      505      514      504      503      473      459      502      439      410
      387      380      372      286      280      308      265      241      248      225      226      219      193      176      161      148      136      137      125      126
      117      110      129      109       83       88       65       73       65       71       48       52       48       47       39       39       40       33       36       39
       28       32       37       35       47       37       47       51       45       52       62       77       76       59       75       99       88      107       94      125
      103      111      132      133      144      150      173      172      161      194      209      220      226      287      262      277      321      306      335      351
      337      396      443      433      429      449      447      427      458      485      484      507      489      472      462      466      432      444      397      387
      359      356      336      325      308      264      240      244      218      224      214      182      162      177      155      165      149      128      127      106
       97      108       90      115       69       63       62       70       75       55       64       63       57       49       45       46       37       32       33       31
       36       28       47       34       41       51       51       49       47       56       70       52       76       65       70       83       90       92       73       77
      103      105      131      153      167      163      176      177      179      205      196      229      234      231      278      255      313      299      305      324
      361      368      378      379      400      399      452      435      421      426      420      422      422      436      423      385      417      354      325      323
      317      303      306      275      282      278      242      240      243      203      173      195      152      144      180      148      121      121      121      109
      108       83       95       62       94       90       81       75       65       57       47       62       55       47       47       41       36       30       35       30
       28       31       38       35       36       37       61       39       55       60       69       55       48       63       51       82       86       81       95      102
       88      131       94      121      145      124      147      153      154      186      190      219      215      199      226      259      257      278      274      292
      341      328      351      353      347      391      391      355      408      391      385      367      377      368      379      314      363      353      356      309
      329      285      289      272      264      219      218      195      204      204      187      173      165      165      152      123      124      132      136      103
       98       91       83       75       83       58       49       65       47       64       59       46       43       49       52       44       44       41       31       34
       26       29       35       41       41       34       55       48       33       46       61       49       72       61       73       70       83       88       69       97
      109       98      115      122      133      109      135      156      153      148      191      152      199      206      240      224      248      254      272      265
      244      291      313      317      321      340      347      390      355      343      354      362      338      326      348      330      373      275      303      283
      298      281      277      240      230      221      201      203      220      198      176      160      153      135      161      135      145      142       96      106
      101       89       96       67       60       57       69       49       60       62       56       73       52       39       38       36       46       26       36       37
       29       28       29       47       41       36       42       48       45       60       69       46       56       59       64       67       68       92       87       90
       78      102      120      127      110      150      119      140      170      137      155      154      191      184      211      183      236      221      237      269
      251      262      291      297      286      280      322      303      316      334      326      332      339      327      302      261      249      254      260      257
      261      251      260      213      220      207      179      160      179      179      153      149      133      133      140      129      130      104      107      106
       81       75       75       76       75       44       67       49       47       60       50       35       44       44       27       35       38       33       27       24
       33       24       31       48       40       36       43       49       43       45       50       55       47       56       47       55       75       69       66       97
      105       86       94       99       92      113      136      120      134      120      151      167      152      167      187      205      216      200      208      237
      213      275      250      266      239      280      303      259      311      287      298      293      277      301      252      240      264      249      259      246
      225      237      226      193      239      214      179      190      161      167      140      166      134      105      111       85      121      103      106      101
       86       84       85       66       67       66       67       49       54       38       45       52       51       44       51       34       34       31       42       20
       30       22       30       35       31       46       43       40       42       48       43       47       45       52       54       66       65       56       68       91
       89       93       81      106      105      112      116      128      104      126      142      163      160      160      172      202      191      182      187      239
      214      208      217      260      245      214      248      261      242      237      263      253      234      254      242      222      242      251      236      205
      223      231      210      219      197      188      200      159      165      137      133      154      125      115      131      122      104      101       95       81
       91       77       80       67       57       44       68       49       49       39       44       53       50       30       35       36       33       31       36       25
       29       26       38       36       41       43       41       34       35       37       60       46       62       52       52       56       60       63       55       74
       90       83       81       86      101      107       98      110      108      133      130      149      138      160      152      175      156      177      152      210
      211      229      209      203      222      231      232      239      242      221      246      255      243      238      240      236      212      204      215      219
      213      187      176      176      172      156      121      148      158      142      128      104      117      107      100      109       94       81       75       80
       82       73       74       63       61       49       56       72       48       48       46       40       50       43       37       34       33       31       34       33
       37       25       22       35       43       50       35       46       49       42       55       36       54       60       57       47       58       64       71       83
       76       79       90       80       90      100      112      120      113      117      152      127      148      150      131      148      185      171      172      190
      177      211      179      201      204      180      195      210      215      205      210      231      224      189      195      186      201      198      213      184
      171      165      186      159      143      146      126      149      150      128      126      109      104       91       80       92       79       77       82       85
       69       79       68       65       56       50       48       60       56       42       40       47       45       35       39       47       34       36       24       35
       25       33       31       27       33       44       36       39       39       36       44       39       45       48       54       57       52       67       63       57
       83       71       64       67       97       84      102      110      106      110      120      127      126      126      150      133      140      148      184      175
      191      139      193      189      207      215      184      192      194      184      200      193      188      180      189      167      178      181      144      145
      158      140      176      146      135      143      145      129      128      114      126      105       98       99       85       90       79       77       67       85
       62       69       64       47       58       66       63       54       43       47       41       42       41       57       39       35       35       40       34       26
       17       41       28       32       36       35       43       33       39       38       36       46       41       46       49       61       51       53       63       73
       73       67       84       86       85      103       85       80      117       85      118      101      130      122      137      122      135      155      142      166
      172      151      169      156      185      190      197      152      145      173      167      174      193      170      172      202      180      166      162      159
      173      130      159      149      167      132      128      112      108       96      107      118       99       93       68       95       92       61       71       79
       32       54       66       61       58       52       63       47       36       46       37       39       33       38       31       34       37       29       25       24
       25       31       29       22       29       29       28       35       44       47       44       43       56       40       53       47       50       47       65       64
       82       69       74       84       73       84       90      100       83      114      124      114      135      116      118      133      130      130      145      133
      144      145      167      152      162      149      168      151      156      159      155      181      165      143      185      153      167      157      157      129
      145      164      117      140      132      123      102      117      105      116       96       96      112       81       85       85       77       68       79       59
       63       79       70       58       49       49       51       42       53       40       43       35       42       34       30       34       28       24       28       29
       24       17       16       26       30       30       52       35       39       28       29       57       56       59       44       51       43       66       71       72
       71       70       55       74       90       88       78       94       83       81       98      114      111      123      119      123      134      120      122      127
      112      143      142      152      146      173      153      157      146      160      174      137      144      163      144      161      137      146      142      154
      115      131      117      121      143      130      102       99       99      111       94       87       85       97       79       54       70       57       62       62
       64       70       50       58       47       59       50       50       52       44       39       37       36       48       32       30       19       22       26       22
       22       26       26       24       25       28       29       34       33       46       51       30       43       50       39       44       51       51       56       58
       57       49       71       83       78       47       83       88       87       83       98      108      102      115      107      121      124      103      131       98
      117      126      124      144      144      133      151      137      142      135      134      126      111      135      153      127      135      137      134      125
      120      110      138      126      116      120      109      103      109      105       75       82       91       81       72       64       69       66       72       58
       70       67       45       57       55       39       52       39       42       30       30       37       24       27       23       21       38       23       25       23
       28       22       24       30       27       33       35       39       24       36       36       35       41       40       55       46       56       39       71       45
       56       53       57       65       90       62       67       67       79       78      100       95      106       93      104      112       97       91      118      112
      101      114      118      119      121      132      142      140      139      131      109      112      136      132      143      126      119      131      112      112
      133      118      109      121       86       95       98      110       95       82       68       83       78       75       51       75       78       89       64       64
       65       47       41       49       54       38       31       49       40       38       32       30       32       29       26       25       29       33       23       27
       14       22       25       22       23       21       28       26       29       31       31       36       28       49       43       47       50       49       38       49
       48       48       61       50       54       70       61       70       72       78       75       89       71       81       92       86       92      106      104      102
      106       95      137      121      105      133      108      101      128      125      111      105      122      118      125      130      114      123      111      118
       96      105       93      106      102       99       99       92       79       69       82       67       64       72       76       76       55       53       48       52
       59       48       57       49       59       58       47       29       38       31       34       31       21       39       31       27       34       24       24       20
       17       22       23       28       25       34       24       30       24       34       39       23       47       42       35       46       55       51       55       32
       55       45       51       69       52       59       47       71       69       70       80       84       66       88       79      100       72       94      107       77
       98      107      105       93      102      125       92      123      101       96      107      125      119       97      109      113      116       92       99      109
       93      103       81      107       97       81       91       84       79       61       80       91       70       69       78       62       65       45       53       49
       74       42       50       31       46       40       41       37       28       31       27       35       37       25       35       24       22       19       22       28
       29       30       22       29       24       27       35       33       36       43       43       30       42       42       36       42       40       40       42       44
       61       46       62       55       53       69       64       68       70       56       62       83       68       70       73       88       96      100       86       75
      106       94      111       98       87       97       94       98      105       95       98      102      105       87       95       89      106       93       86       76
       87      111       79       81       91       83       92       84       76       60       74       66       71       56       59       64       68       71       62       47
       55       53       40       44       46       29       39       44       25       31       41       34       25       23       27       33       26       16       11       16
       21       24       27       19       31       22       22       25       19       23       25       28       39       41       37       31       45       51       42       51
       53       38       60       63       53       64       63       61       62       66       52       64       60       78       90       66       80       75       82       93
       78       93       84       98       93       93       79      106       90      108      110       97       95      109       91       86       90       78      112       78
       89       79       71       74       59       72       75       80       69       64       53       64       65       66       40       64       46       51       59       53
       57       41       46       40       49       45       34       35       28       40       52       36       28       22       25       28       18       20       14       16
       19       20       25       24       21       31       30       28       41       26       34       33       34       34       40       38       49       50       38       53
       50       43       38       40       48       43       57       60       56       59       56       64       63       68       78       55       78       86       75       75
       82       75       68      116       87       87       89       85       91       92       92       86       84       88       79      116       78       92       77       79
       78       73       77       78       74       74       86       62       65       72       50       50       44       66       51       59       51       59       51       44
       45       42       44       31       33       33       47       32       45       25       23       21       30       32       27       20       27       24       14       20
       25       21       11       31       29       17       33       18       21       28       24       36       41       28       42       36       29       44       33       35
       41       44       53       37       41       65       57       60       52       71       56       57       63       60       72       66       60       71       77       82
       77       95       83       79       89       72      100       90       90       92       82       78       97       78       84       73       73       88       84       80
       68       82       64       67       71       69       56       99       55       64       66       64       64       43       61       52       52       54       46       31
       43       47       39       32       40       34       27       43       31       23       21       30       24       24       23       22       13       22       21       25
       17       18       20       23       20       28       24       35       22       28       36       30       37       31       33       38       33       33       38       46
       50       38       52       52       44       54       54       47       39       58       39       58       70       61       72       54       64       67       56       74
       85       72       74       69       72       85       85      103       57       75       84       76       85       84       78      101       86       81       91       77
       67       66       67       67       56       63       50       66       66       56       49       70       54       51       47       62       44       46       43       44
       39       42       32       32       37       31       30       41       33       34       28       28       23       26       19       26       26       22       11       18
       13       21       19       25       15       25       32       18       17       17       28       32       29       34       31       41       45       38       28       52
       31       44       42       36       40       41       57       45       49       53       57       53       54       67       74       67       69       51       72       69
       55       64       73       86       69       68       92       78       85       68       72       53       76       72       56       68       81       64       74       67
       67       64       67       58       59       86       72       56       53       53       49       53       46       39       42       48       38       35       35       31
       41       38       44       27       22       30       43       36       21       22       23       29       18       21       19       17       19        9       14        7
       17       22       13       11       26       17       23       15       22       25       30       25       32       29       27       16       38       42       34       43
       42       49       39       50       36       45       47       45       54       55       58       49       51       53       50       59       55       68       58       64
       72       39       65       63       70       73       58       64       66       62       61       68       71       61       60       51       59       68       72       59
       56       61       56       59       54       47       61       41       54       49       44       44       51       46       50       37       33       48       39       37
       50       23       30       45       29       25       23       33       31       29       22       23       20       21       22       22       26       17       15       14
       20       10       18       14       20       22       19       20       27       17       16       31       27       33       25       28       30       33       37       28
       39       46       49       34       42       41       36       53       40       57       46       59       52       54       51       51       33       52       52       52
       62       63       79       51       70       55       54       72       62       50       55       61       60       50       50       53       58       70       60       61
       56       56       54       55       59       47       45       51       56       60       36       52       42       27       41       43       33       38       33       45
       33       34       29       36       36       24       29       28       18       20       24       26       16       10       27       15       24       17       10       18
       19       15       21       14       18       22       28       18       17       32       23       30       23       24       26       32       30       30       28       33
       40       41       38       31       38       45       33       36       42       46       35       43       40       41       52       46       49       55       57       52
       56       55       66       48       47       55       63       56       46       69       62       51       64       55       66       60       72       55       54       66
       46       58       50       31       54       54       49       41       53       42       45       36       35       41       31       28       36       36       37       31
       29       29       37       31       30       25       28       21       24       27       18       23       14       22       12       19       17       15       14       19
        9       25       17       15       15       25       18       24       31       22       20       28       27       27       18       38       26       33       28       29
       35       33       35       28       32       44       34       31       35       54       43       51       39       46       49       55       56       49       62       59
       43       50       61       56       48       61       61       61       64       65       51       84       52       50       62       45       52       59       53       51
       59       40       37       46       42       52       50       36       40       40       39       48       41       28       34       56       40       43       43       32
       30       29       33       28       31       28       26       20       34       20       19       22       26       22       20       23        8       13       11       16
       12       18       13       21       23       14       18       18       23       25       25       19       30       25       29       29       30       29       17       28
       36       28       26       37       34       33       33       43       38       40       53       36       26       46       47       56       55       49       39       43
       55       60       44       48       56       47       50       43       40       49       44       49       54       41       36       48       63       43       45       50
       48       42       55       40       56       52       51       40       52       48       49       39       41       40       25       47       34       22       30       32
       37       26       24       23       31       27       19       26       34       19       22       18       29       16       17       13       27       17       23       20
       11       15       12       10       14       22       19       21       24       17       22       22       25       26       17       26       23       26       27       26
       29       34       24       29       31       28       36       32       34       33       38       41       40       41       41       45       57       38       34       64
       54       38       47       51       55       41       61       53       40       50       47       41       44       43       49       66       56       48       50       37
       47       34       37       59       31       28       41       37       44       39       24       41       39       34       27       33       32       36       42       33
       26       28       30       25       25       20       26       23       20       18       21       21       18       14       20       15       15       19       13       16
