       18       30       28       33       30       22       37       38       30       37       41       52       36       41       51       48       42       39       31       42
       54       38       47       60       54       48       65       65       54       49       70       69       55       81       70       65       67       66       58       75
       69       64       76       80       49       89       88       81       96       65       95       77       83       86       67       75       80       76       74       73
       84       67       79       60       61       83       64       73       64       74       60       73       59       69       51       66       55       43       46       44
       48       51       49       35       39       39       46       34       38       29       45       35       41       27       23       25       27       30       33       25
       25       34       25       32       23       33       34       53       40       47       32       41       47       44       38       39       43       42       49       59
       46       42       43       56       71       44       69       59       58       61       74       68       64       88       99       74       66       79       63       84
       84       83       69       83       76       73       71       84       90       75       77       75       88       76       81       80       69       80       83       73
       82       82       77       83       90       74       71       68       58       59       73       61       61       67       63       43       67       56       48       67
       48       53       43       44       49       43       44       40       37       36       30       35       26       23       40       32       34       27       25       32
       29       33       38       39       19       32       30       34       29       36       37       36       44       50       54       54       43       39       68       58
       43       53       60       71       73       63       69       52       68       52       66       77       83       72       73       78       73       85       86       92
      100       71       89       73       82       84       92       89       97       81       75       88       66       99       80       83       78       93       87       77
       65       81       95       66       72       63       69       70       68       85       67       60       66       63       59       57       47       62       68       49
       55       46       50       37       38       40       40       44       34       36       38       39       38       27       23       28       36       23       30       21
       24       36       33       32       27       41       28       26       38       42       35       56       41       43       45       53       45       55       60       61
       51       45       44       61       51       59       57       68       60       66       65       80       73       91       80       99       82       95       82       63
      100       86       77       79       94       83       92       90      103       90      102       94       95      104       93       84       85       86       86       94
      101       95       92       79       63       86       75       86       76       86       64       71       68       76       69       56       48       55       42       57
       50       42       48       51       46       47       51       42       32       51       41       36       34       42       37       35       35       21       30       31
       31       37       22       29       41       26       40       30       38       36       32       36       42       49       38       58       45       52       42       37
       59       70       57       72       71       70       73       65       62       73       56       66       63       83       80       80       90       88       94      105
       80       80       87       90       92      110       78      104      108       89       90      105       80       94       93       93       87      108       74       98
       74       87       90       95       69       98       66       74       79       73       80       68       66       54       74       76       67       71       57       63
       51       43       57       48       53       39       42       47       50       60       41       46       52       39       35       33       37       17       24       31
       21       28       41       41       34       27       36       40       42       53       53       37       41       41       44       46       57       57       54       60
       54       67       51       66       65       68       71       75       81       88       76       68       71       96       89       88       85       96       91      101
       93       95       97      105      110      108      109       87      113      115       95       99      102       89      105      105       99      100       78      111
       94      100       99       81       84       82       84       90       77       78       67       77       80       70       77       71       78       67       67       59
       65       50       46       61       44       46       62       48       43       48       42       51       35       39       28       38       33       31       32       25
       30       38       34       35       41       35       36       45       41       45       47       44       57       48       59       42       55       55       66       58
       68       62       73       74       66       55       65       64       96      100       78       80       96       84       91      102       95       96      107      139
       94       99      100       99      102      101      108      107       97       94      122      113      106      115      132      106      102      117      111      112
      106       97       90       93       85       98       98       91      100       91       79       80       77       71       71       75       69       54       52       51
       53       48       48       57       43       61       53       42       51       48       43       54       27       47       42       32       35       37       40       24
       35       32       38       28       33       42       35       41       44       46       50       55       57       49       38       52       50       59       54       66
       63       53       76       85       75       75       78       73       94       88       90       96       99      102       94       82       86       85      133      113
      136      132      112       91      120      121      131      118      116      137      119      116      152      116      108      107      128      113      110      126
      104       97       96      107      106      102       96      110      100       67       71       80       93       95       78       73       82       63       77       71
       59       54       46       51       51       42       63       44       52       38       49       45       44       41       34       32       25       39       37       33
       27       38       33       32       38       37       39       47       43       54       59       40       49       57       65       56       60       46       56       79
       70       97       76       86       91       88       90       78       98       96      102       89       96      100      112      110      123      103      115      117
      115      127      129      122      118      127      117      114      132      132      131      152      138      141      151      112      120      130      116      118
      105      125      128      120      110      106      107       94       84       83       83      110       75       82       67       77       83       89       97       61
       86       70       68       67       61       56       59       47       46       46       39       40       33       35       44       41       30       35       45       32
       29       47       39       45       38       40       44       50       43       36       58       46       61       42       69       66       71       69       71       71
       61       73       74       79       77       83      106       74       93       91       80      117      104      116      124      125      104      111      133      141
      136      128      140      104      150      126      152      138      121      134      150      134      148      119      117      145      143      147      119      131
      126      131      116      122      114      112      120       95      103       92      107       91       95       79       97       84       72       79       73       78
       61       71       65       58       50       55       52       59       45       50       47       43       37       52       48       39       33       44       24       28
       31       33       40       35       45       44       52       45       52       55       51       40       57       47       77       54       68       72       71       59
       73       92       86       94       82      100       92       91      107      107       92      115      112      106      112      119      114      136      141      117
      128      135      144      125      131      154      177      146      152      142      137      140      151      161      139      154      146      121      130      116
      118      131      119      120      142      110      111      113      103       98      100       89       86       86       85       81       83       94       81       84
       77       53       87       75       73       48       54       52       60       45       56       39       30       41       49       25       50       35       40       35
       39       35       43       39       38       44       41       48       50       49       49       55       51       54       58       69       75       68       73       75
       75       94       85       83       91      108      103      113       96      118      110      107      131      100      111      105      147      129      149      137
      120      129      124      157      139      160      173      145      144      203      190      160      159      125      150      154      148      149      133      128
      144      162      149      119      109      131      132      132      126      106      105      101      108      107       88       89       84       75       65       82
       72       79       67       73       65       57       68       60       49       46       51       53       49       48       46       44       44       39       28       38
       42       36       38       42       45       41       51       39       39       55       53       58       53       62       62       54       77       92       77       79
       77       84       84      118       89      119      104      102      116      122      121      148      123      147      133      153      136      135      152      158
      152      149      159      159      160      158      136      184      162      157      189      181      150      172      160      148      167      147      152      154
      134      165      152      127      123      131      140      126      113      126      109      102      106      104      100       82       89       77       88       83
       91       66       75       61       63       60       70       51       53       59       60       39       43       44       46       36       40       45       40       32
       40       49       46       46       40       58       56       42       68       41       59       56       68       76       58       65       70       77       79       77
       87       89       88       99      123       98      141      121      110      124      140      151      147      134      128      152      163      149      149      192
      174      179      184      164      184      157      174      173      186      193      184      149      174      190      167      159      170      195      150      164
      172      176      139      146      168      111      158      139      124      124      150      117      111       96       95      100      100       90       90       81
       80       84       81       77       68       65       52       51       56       52       56       44       33       55       44       50       46       40       40       29
       36       35       35       60       45       52       58       45       45       64       52       71       78       81       80       76       73       71       79       93
       81      113       92      105      115      103       93      119      124      135      154      148      139      140      149      163      145      174      187      194
      203      205      187      199      183      182      195      228      210      190      194      219      182      173      205      209      194      180      185      161
      146      155      171      161      161      161      144      146      147      144      122      144      108      104      107       94      126       91      121       99
       88       79       88       88       76       74       62       53       76       54       66       62       57       36       60       48       46       43       56       45
       39       35       37       46       56       52       59       58       62       81       57       74       54       61       68       85       81       82       97       91
       82       98      104      103      114      127      128      129      117      140      130      158      167      179      145      172      190      182      163      183
      193      185      210      213      205      209      216      215      167      208      211      240      189      207      187      210      192      207      188      161
      208      200      186      173      174      170      175      140      139      148      153      133      145       96      121      102      114      106      102       88
       73       99       97       78       78       79       78       79       57       71       70       61       59       55       45       35       50       41       50       43
       35       46       44       43       46       61       47       56       57       68       62       64       85       83       74       77       83       97       79       89
      102       89      111      138      116      124      122      120      145      147      132      167      176      180      156      195      171      193      205      197
      209      189      214      203      220      247      220      226      219      202      250      221      240      212      217      212      202      216      224      180
      191      188      192      176      203      178      154      156      165      161      146      140      148      142      149      146       97       93      111       86
       96       81       85       68      100       80       74       78       65       58       59       59       46       67       55       52       36       43       32       46
       57       41       40       44       62       48       47       65       50       65       72       78       70       64       66       88      104       89      107      116
      106      101      124      106      131      124      123      145      155      156      147      152      160      184      180      201      204      216      243      241
      226      234      223      229      233      266      221      215      237      264      237      271      224      293      269      235      223      208      227      240
      204      214      205      194      210      163      175      165      193      173      154      141      174      124      110      129      123      126      105      103
       87       84       93       77       75       96       67      106       83       77       77       55       52       56       61       60       40       39       41       28
       48       41       54       44       53       64       46       75       48       50       60       97       63       65       84       90       92      122       99       94
      115      102      122      120      114      141      148      133      163      155      151      178      203      202      190      192      186      207      222      237
      215      237      278      247      246      273      273      250      264      263      260      248      271      263      240      251      241      264      229      247
      222      213      248      262      205      174      181      168      163      177      170      158      176      140      146      117      114      107      101      108
      119      102       90       93       94       65       69       90       96       55       72       60       56       60       57       62       49       39       44       39
       33       42       61       48       51       59       63       68       63       66       74       83       70       85       77       86       90       98      108      117
      147      125      131      112      149      136      154      170      163      156      171      193      184      188      211      222      227      243      236      248
      278      262      290      308      262      281      291      295      278      265      273      285      285      295      289      258      263      250      320      252
      234      249      225      237      191      207      168      170      179      181      194      149      151      155      163      163      137      118      123      130
      109      114       99       83       71       69       93       87       65       76       68       47       78       65       54       51       50       47       49       41
       41       52       53       45       49       66       79       70       58       74       70       83       93       76       86       84      106       92      104      134
      145      110      147      120      133      156      175      141      171      179      182      165      190      212      223      214      246      251      290      289
      257      290      285      300      293      312      347      282      328      306      291      311      297      309      292      278      274      288      266      276
      262      233      264      266      252      258      190      206      206      176      182      164      178      186      158      161      141      119      123      129
      114      104      111       98       86       78       88       80       69       80       73       54       89       51       46       50       42       58       41       50
       48       57       58       56       55       57       74       67       71       68       75       75      103       77      115      108       97      113      132      112
      145      140      125      154      155      177      148      154      171      198      196      211      242      222      213      271      252      279      258      296
      299      298      308      324      324      325      342      342      342      324      349      295      340      317      337      302      337      327      302      305
      269      270      292      273      251      228      215      222      197      199      211      169      177      155      172      165      163      154      121       95
      141      105      106      116       93       87       77       80       94       67       74       66       67       63       76       60       57       49       55       51
       47       44       53       43       54       68       65       79       81       85       87       68       78       78      108      114      109      105      114      110
      114      131      133      131      159      172      175      160      198      217      222      195      248      240      256      251      266      283      322      332
      312      335      336      371      315      360      319      381      407      395      373      366      310      385      355      377      339      313      327      326
      331      281      280      293      290      263      273      256      221      204      219      192      177      193      153      180      141      156      151      137
      140      111      112       98      114      103       91       72       79       92       65       77       57       68       60       49       51       43       53       55
       66       55       46       56       42       48       64       71       77       74       76       74       96       63       97      104      113      129      109      109
      126      142      170      161      156      152      187      172      221      209      219      241      263      249      296      273      304      317      302      327
      340      335      362      317      399      366      418      392      397      428      425      401      377      403      388      379      380      379      342      339
      329      323      334      310      307      280      258      285      225      228      212      213      222      194      174      149      134      144      152      126
      130      100      109      112      125       83       77       95       96       65       78       69       67       57       67       56       51       56       56       46
       60       46       48       65       61       69       68       82       71       84       91       90       76      111      108      121      120      120      143      152
      148      143      173      163      191      167      211      205      206      249      258      265      271      296      298      310      316      333      327      375
      370      395      400      424      497      447      437      459      420      437      436      460      422      464      430      407      414      412      337      348
      379      336      323      318      318      318      272      255      258      227      265      238      199      194      209      155      151      135      160      152
      145      120      144      115      117      114       95      103       77       88       74       77       72       68       62       68       52       43       48       43
       58       49       53       65       49       53       88       72       80       82       90       83       98      104       99      106      108      116      147      132
      175      146      160      184      189      191      222      224      262      270      282      284      289      314      321      311      363      367      397      384
      424      420      448      427      475      461      508      502      483      510      480      473      494      470      501      491      413      462      444      439
      399      403      340      349      311      342      353      283      302      259      277      241      207      190      189      191      178      169      177      139
      146      116      126      118       96      103      112       90       78       94       69       64       73       70       57       55       67       62       71       36
       44       58       68       53       64       72       68       75       85      105       80      105      110      104      106      127      125      143      138      141
      152      161      162      161      191      213      206      224      233      259      292      271      261      290      350      371      379      380      438      403
      427      487      476      490      488      512      527      530      527      554      575      535      562      519      533      470      452      478      466      467
      411      397      426      398      343      375      326      322      262      292      277      218      233      221      203      191      180      184      201      175
      142      135      109      131      118      108      101       97       92       85       82       79       65       72       75       69       59       57       51       60
       48       59       57       64       65       76       87       75       76       83       84       87       88      114      113      126      153      130      150      143
      171      186      187      191      195      214      211      252      264      280      287      303      326      348      352      401      434      441      446      488
      497      467      530      573      552      585      625      590      592      595      592      583      564      555      558      562      571      522      462      489
      463      474      427      397      418      381      381      317      304      281      266      278      243      245      231      202      186      181      186      185
      141      137      150      139      124      113      121      105       62       89      101       79       64       86       72       55       75       54       69       49
       50       56       68       64       58       62       84       78       88       85       85       89       99      103      143      114      144      151      161      188
      160      181      181      190      201      248      227      291      277      288      305      332      353      348      368      379      467      449      480      501
      564      553      575      607      584      618      645      653      679      626      641      648      649      664      579      558      616      523      574      516
      517      509      447      497      438      378      362      331      324      296      276      261      267      243      221      201      211      196      194      158
      138      143      142      127      149      123      103      108       82       99       95       63       84       78       51       53       58       48       57       52
       57       62       53       68       53       74       85       80       99      101      113       93      101      112      122      134      128      169      131      169
      185      181      207      213      200      243      264      293      290      304      343      324      357      362      390      413      480      520      563      568
      586      612      628      647      675      653      690      732      686      729      740      714      768      634      675      683      646      641      635      556
      538      501      456      469      432      440      442      377      389      322      301      279      260      257      265      220      199      183      170      154
      171      176      162      137      121      136      101       95      115      103      107       93       87       71       80       68       70       55       60       53
       55       66       55       60       65       88       78       70       87      101       86       91      120      135      130      168      140      168      161      171
      170      203      211      232      229      242      277      291      326      322      363      384      362      441      458      487      481      514      596      622
      630      656      691      717      757      748      748      834      808      764      788      754      783      748      748      743      705      720      769      602
      607      539      562      527      487      457      442      407      396      351      334      325      272      267      239      243      228      212      229      183
      183      178      145      125      129      133      113       89      112      112       92       81       83       72       75       57       68       63       47       60
       63       59       56       73       71       71       84       76      102       97       95      126      129      150      113      136      136      155      169      176
      188      197      213      235      240      259      278      291      317      386      354      411      440      466      490      554      584      582      620      694
      741      756      857      833      799      815      836      914      872      928      915      845      919      838      881      828      830      695      724      634
      678      625      623      547      517      488      462      429      393      399      350      338      311      288      224      239      228      192      192      192
      172      172      148      140      133      120      116      124      105      109       93      100       80       79       77       75       71       53       59       62
       51       60       78       70       62       78       78       83      103       85       99      104      105      119      125      142      152      145      174      206
      198      183      253      251      268      291      297      329      354      388      428      441      454      494      484      580      614      669      693      689
      757      805      904      908      952      987      968     1023     1012     1016     1049      997      976      982      892      953      954      904      834      747
      651      691      638      603      553      557      491      450      421      421      357      314      347      294      269      305      225      205      225      189
      166      178      170      153      149      142      139      132      108      116       85       87       89      112       72       62       69       58       54       40
       73       81       57       75       74       84       92       93      105      115      112      127      128      115      140      152      156      183      147      177
      206      195      211      277      283      257      336      347      405      383      431      467      496      536      534      625      637      608      741      791
      809      877      942      910     1072     1114     1091     1145     1180     1133     1166     1154     1149     1040     1093     1016      974      945      876      900
      750      726      692      649      591      563      525      501      446      408      405      355      318      327      293      264      260      236      216      211
      169      187      167      157      132      148      131      115      108      103       98       88      102      107       85       61       73       55       61       44
       60       78       67       69       75       69       91       98      111      106      113      140      130      103      133      145      162      204      183      211
      205      242      222      309      286      281      342      330      375      438      482      431      527      582      613      630      651      773      840      869
      989      936     1027     1120     1174     1230     1229     1224     1261     1266     1278     1253     1245     1237     1195     1180     1068     1076     1064      917
      879      789      788      732      702      585      566      543      470      438      389      406      371      362      310      294      262      226      232      226
      199      182      191      169      131      146      112      121      117      108      121       98       92       81       84       92       76       73       70       49
       53       53       62       72       89       79       87       76       92       97      108      116      116      132      143      153      186      196      190      214
      201      227      223      273      291      306      345      359      427      477      502      545      570      634      637      690      793      850      913      947
     1008     1075     1103     1155     1326     1314     1393     1346     1455     1430     1499     1469     1372     1451     1336     1315     1140     1160     1063     1027
      889      919      821      731      711      627      566      549      495      542      424      382      381      339      339      267      278      292      221      219
      225      198      146      184      157      121      139      125      103      113      112      103      103       98       89       68       84       60       66       52
       50       83       65       73       64       84       83       91       97      100      149      122      126      144      140      153      160      184      207      210
      242      270      268      262      294      351      360      448      445      453      503      547      640      636      725      785      804      890      934     1059
     1116     1183     1360     1396     1423     1532     1584     1583     1718     1701     1671     1745     1652     1566     1514     1398     1342     1273     1216     1092
     1079      924      900      825      752      819      655      573      594      490      488      444      410      358      348      330      286      252      264      208
      223      197      162      170      169      155      127      108      128       98      124       97       94       94       77       78       78       76       53       62
       62       63       57       88       75       77       84       94      110       95      134      131      159      132      152      161      203      202      205      235
      230      245      273      310      313      325      346      415      472      487      550      551      635      650      722      775      869      971     1078     1127
     1231     1330     1350     1522     1634     1725     1797     1885     1885     1971     1928     1927     1968     1736     1721     1719     1545     1463     1394     1204
     1148     1053      904      933      842      772      674      597      560      512      483      410      415      400      352      300      285      263      235      244
      213      217      190      199      178      168      152      134      128      100      101       94       90       97       90       92       71       64       55       51
       59       73       74       67       87       94       84       89      116      101      112      126      138      168      165      171      166      194      206      232
      257      256      260      317      363      383      367      426      493      559      545      612      674      753      775      841      894     1031     1142     1261
     1387     1480     1608     1716     1807     2018     2068     2249     2156     2245     2253     2333     2163     2123     2007     1800     1711     1533     1509     1326
     1248     1158     1045      915      843      871      708      664      574      560      455      486      397      392      321      348      314      293      252      212
      237      207      194      178      172      144      151      102      113      107      120       92      104       86       89       63       79       70       88       83
       73       59       73       71       77       96      110      100       83      112      125      109      149      145      166      152      190      196      209      218
      256      253      298      323      352      420      398      450      478      496      571      599      713      766      800      985      980     1144     1362     1387
     1536     1640     1692     2022     2092     2245     2365     2536     2638     2618     2674     2660     2515     2365     2282     2056     1962     1766     1643     1528
     1383     1219     1070     1016      951      896      791      714      694      562      540      463      456      403      362      310      344      307      300      261
      236      226      203      180      182      162      157      154      112      109      108       99      105       90       85       94       73       69       73       61
       59       78       75       74      116       66       95      112      100      107      124      134      113      168      137      164      173      189      221      228
      271      282      314      383      322      376      413      456      501      559      571      665      760      766      901      991     1103     1192     1292     1417
     1658     1810     1999     2194     2396     2570     2764     2875     3006     3098     3092     3085     2857     2817     2589     2355     2254     1915     1805     1649
     1533     1322     1202     1154     1011      936      813      781      646      628      570      468      447      381      351      348      313      283      298      266
      230      243      209      200      185      158      147      143      115      127      116      113      104       94       83       84       84       78       76       57
       71       81       70       90       81       73       89       95      133       90      109      111      134      139      180      163      195      189      216      220
      294      277      285      348      370      401      407      515      541      571      666      715      769      843      942     1058     1157     1287     1501     1629
     1804     2097     2238     2456     2754     3005     3276     3537     3498     3946     3745     3656     3555     3293     2951     2791     2489     2272     1981     1770
     1655     1430     1306     1217     1071      982      827      748      733      602      558      497      489      431      412      363      323      306      299      255
      225      224      225      186      187      169      158      134      119      122      111       93      106      102       95       83       86       76       81       56
       61       78       80       67       79       76      103      107      100      110      125      129      148      154      156      177      198      185      247      248
      284      285      326      350      374      399      456      508      524      609      611      724      785      907      990     1112     1248     1446     1543     1776
     2018     2234     2580     2775     3299     3521     3842     4302     4594     4557     4671     4428     4082     3839     3482     3267     2830     2427     2277     1927
     1741     1576     1375     1290     1152      993      875      778      768      651      579      513      476      465      425      382      347      350      287      272
      252      234      208      186      198      187      142      151      122      130      132       81      112       87       87       79       70       71       75       77
       60       72       66       62       85       93       83       98      111      126      120      132      158      171      149      183      159      215      246      260
      256      263      316      362      384      425      482      490      529      615      651      727      818      928     1077     1138     1368     1487     1586     1994
     2138     2437     2851     3269     3640     4207     4773     5147     5529     5753     5513     5346     5145     4644     4080     3630     3245     2774     2490     2174
     1957     1660     1528     1295     1170     1058      962      829      733      699      666      519      532      459      414      395      367      332      317      267
      248      243      220      221      179      185      161      151      122      116      108      108      111      105       75       85       81       80       74       59
       64       80       68       87       76      109      110      109      100      112      129      124      127      168      172      200      202      228      234      279
      291      298      345      342      451      418      514      507      568      677      745      785      864      968     1146     1223     1343     1586     1798     2100
     2236     2780     3205     3694     4259     4978     5569     6385     7002     6997     7097     6834     6244     5625     4758     4288     3625     3215     2796     2382
     2010     1716     1537     1441     1237     1091      953      798      842      732      677      594      550      498      482      382      396      386      291      277
      252      235      206      209      211      188      164      139      139      125      105      106       96       98       91       88       84       76       71       72
       58       52       79       73       87       82      100      104      120      111      139      168      148      169      183      181      190      222      241      256
      276      318      315      375      439      457      487      524      589      649      706      807      924      987     1057     1317     1424     1624     1941     2191
     2512     2910     3359     4155     4866     5924     6881     7738     8930     9429     9437     8973     7858     6641     5747     4849     3966     3199     3065     2505
     2104     1838     1633     1457     1263     1112     1043      916      804      681      682      602      522      467      465      404      367      354      299      278
      281      229      206      193      189      189      167      154      135      155      123      108      124      110       79       75       90       66       72       70
       61       75       77       87       86      103      115      131       98      121      134      137      142      175      176      200      242      232      238      220
      296      315      339      336      415      442      499      540      571      641      748      843      838     1061     1123     1336     1560     1734     2003     2263
     2720     3188     3682     4444     5557     6792     8267    10155    11950    13244    12693    11762    10092     8268     6600     5333     4526     3820     3136     2732
     2398     1980     1730     1462     1316     1109      968      929      833      728      656      644      549      499      435      409      387      330      333      272
      268      265      205      234      201      163      168      166      155      156      123      125      110      104      109       90       90       65       97       73
       73       79       61       64       97      125      103      109       96      127      151      140      155      168      191      212      189      238      265      260
      288      312      329      368      411      470      469      532      603      709      734      849      938     1049     1189     1335     1570     1874     2040     2482
     2913     3343     4102     4912     6187     7780    10128    13130    16610    19699    19655    16489    12815    10047     7491     6110     4724     4061     3341     2716
     2326     2014     1730     1550     1392     1148      988      881      856      740      714      593      539      535      455      367      356      326      310      282
      279      244      235      214      197      169      165      129      130      140      124      124      120      112      103       75       87       75       68       75
       77       67       91       99      107       98      114      104      116      140      129      153      155      175      173      208      208      238      245      266
      291      291      299      375      427      464      498      533      601      661      795      862      918     1070     1171     1421     1548     1756     2128     2434
     3015     3519     4261     5287     6746     8705    11760    16460    24273    34299    34046    23415    16173    11417     8355     6545     5143     4167     3414     2917
     2486     2120     1735     1558     1372     1195     1092      986      822      794      707      611      539      473      459      406      377      346      315      306
      284      229      238      197      184      183      170      129      132      137      133      117      103      106      103       88       86       75       76       71
       73       57       78       76       77      100       97      125      114      134      122      163      156      186      184      196      188      225      232      275
      261      327      341      356      388      487      527      555      643      681      773      853     1026     1069     1211     1397     1567     1890     2171     2486
     3048     3542     4464     5455     7008     8950    12766    19125    33360    87017    86144    33122    18897    12410     9107     6891     5290     4293     3544     3034
     2552     2181     1867     1590     1362     1192     1106      959      815      766      640      602      559      502      464      358      356      345      329      296
      275      254      213      214      201      169      160      141      148      138      140       98      107      101       97      103       88       77       77       81
       63       66       66       86       87       98       89      110      107      118      138      161      146      163      182      193      224      193      217      272
      279      319      322      342      418      433      512      500      663      706      755      821      900     1151     1216     1442     1587     1882     2239     2570
     3039     3509     4212     5655     6896     9051    12994    19096    33133    86732    86674    33252    18725    12719     9195     6939     5359     4299     3648     2846
     2499     2132     1886     1570     1415     1241     1132      972      859      751      700      645      555      517      450      430      336      339      307      286
      241      271      227      174      215      194      163      151      135      147      133      124       99       96      102       91       89       88       75       78
       78       72       78       81       80       87       97      104      108      134      121      146      181      169      186      221      212      220      237      288
      278      292      340      331      419      465      482      535      645      631      767      841      935     1035     1234     1430     1611     1773     2141     2439
     2935     3422     4247     5335     6779     8736    11637    16353    24368    34748    34625    24178    16433    11547     8385     6732     5325     4312     3503     2887
     2421     2148     1869     1606     1385     1226     1104      947      830      767      638      616      561      533      454      428      432      361      326      302
      242      267      217      221      180      186      171      166      149      128      122      130      119      106      100       98       79       73       70       70
       61       86       63       62       93       85      108       96      115      125      110      148      151      164      180      200      205      228      293      310
      296      342      364      401      422      451      500      544      595      634      755      834      913     1085     1287     1395     1457     1833     2120     2317
     2838     3345     4141     4938     6283     7777    10105    13019    16600    19942    19688    16616    13020     9953     7605     6080     4788     4062     3404     2810
     2387     2153     1790     1555     1425     1140     1106      942      788      751      661      645      567      503      425      445      391      327      299      292
      273      226      200      213      178      156      154      162      138      147      124      140       96      102       97       80       85       93       76       59
       74       67       68       97       91      100      107      100      113      118      142      143      167      177      183      191      198      231      252      264
      279      319      356      409      422      431      535      519      605      644      745      848      967     1002     1240     1279     1540     1717     1978     2383
     2660     3208     3739     4437     5606     6851     8488    10231    12203    13180    13261    12040     9900     8195     6913     5579     4451     3810     3166     2793
     2345     1975     1762     1499     1317     1176     1096      886      818      696      652      592      540      467      426      417      376      334      327      302
      279      234      199      202      184      163      166      137      137      147      140      104       96      110      105       95       76       88       78       64
       69       84       93       87       86       92       88      123      118      118      131      155      129      157      182      177      213      218      238      253
      295      279      321      355      394      408      472      536      584      638      724      835      923     1020     1147     1331     1452     1697     1909     2193
     2535     2970     3494     4137     4999     5850     6753     8072     9104     9494     9770     9125     7936     6718     5799     4945     4093     3483     3051     2477
     2170     1902     1634     1440     1323     1185     1003      871      842      707      667      603      542      477      434      399      350      348      300      300
      238      230      216      232      203      164      176      167      105      157      142      107      134       89       83      102       90       72       86       58
       87       92       72       65       90       76      118      114       99      107      155      131      147      182      193      162      189      228      232      275
      259      292      370      409      394      455      464      548      593      650      698      809      876     1047     1061     1211     1404     1565     1801     2122
     2406     2795     3253     3709     4381     4889     5743     6317     7018     7249     7314     7000     6368     5646     4999     4431     3693     3220     2797     2396
     2163     1856     1535     1480     1262     1056      922      830      772      702      670      597      533      457      434      411      363      331      273      289
      252      285      219      228      192      209      166      147      170      140       93      119       99      101       80       77       68       78       84       55
       73       68       81       95       75      100      105      105      122      111      125      138      158      137      145      174      228      191      244      240
      275      320      317      341      397      427      457      516      570      648      635      783      832      985     1043     1142     1310     1501     1727     1948
     2237     2527     2970     3346     3724     4133     4651     5132     5562     5821     5817     5623     5236     4684     4252     3685     3325     2946     2528     2233
     1969     1705     1556     1313     1209     1030      943      879      804      701      644      550      525      459      454      360      361      312      303      314
      229      231      199      187      197      157      148      150      145      123      106      116      110      113       92       87       89      103       54       66
       62       77       80       88       90       88      103      136      123      115      128      123      138      158      167      189      177      194      231      225
      269      290      329      355      367      382      448      491      555      569      681      739      803      872     1046     1077     1219     1464     1550     1714
     1994     2352     2550     2880     3297     3626     3992     4292     4539     4703     4656     4423     4157     3950     3615     3208     2859     2672     2325     2033
     1807     1604     1371     1219     1096      982      913      787      679      692      563      546      518      459      394      402      337      322      266      255
      251      218      234      190      176      152      177      134      138      135      121      116      115      111       80       76       82       73       72       53
       74       63       53       74       93      101       81       90       89      118      117      120      136      164      174      170      170      182      246      268
      259      275      284      324      359      425      425      474      565      565      639      715      796      928      938     1055     1118     1358     1487     1590
     1838     2080     2212     2505     2798     3114     3412     3658     3788     3833     3755     3686     3464     3269     3122     2837     2559     2350     2034     1840
     1670     1536     1327     1223     1097      939      941      801      715      652      592      497      480      463      389      410      319      303      272      291
      207      235      214      220      162      141      153      151      132      127      130      131       89       91       77       80       80       70       65       63
       65       76       86       76       79       95       84      108      118      110      127      128      134      157      176      177      198      207      200      276
      260      259      309      359      350      375      424      435      541      533      610      700      794      829      868     1001     1113     1267     1379     1545
     1626     1934     2115     2265     2407     2702     2737     2974     3091     3142     3238     3100     3026     2922     2679     2514     2191     2131     1809     1739
     1536     1331     1180     1078     1021      935      815      773      688      584      540      512      490      422      403      344      324      305      278      269
      244      223      219      183      199      176      168      140      127      123      102      102      109       75       89       78       81       85       87       63
       72       60       67       67      101       81       80       99       96      111      142      116      121      153      159      169      172      195      218      224
      241      288      273      311      325      354      396      419      518      551      571      656      685      775      902      959     1053     1104     1324     1362
     1605     1708     1828     2025     2197     2293     2376     2634     2769     2684     2757     2647     2620     2434     2284     2239     2015     1803     1704     1556
     1400     1234     1153     1041      910      877      743      718      589      621      524      550      413      417      388      373      304      274      261      259
      232      209      197      174      172      166      156      138      148      113      118      102       90       94       70       83       80       71       61       75
       67       56       72       79       75       71       99       91      128      104      109      123      131      158      185      180      196      185      230      211
      204      267      295      303      325      371      438      389      479      492      584      648      662      692      830      848      937     1066     1126     1254
     1431     1466     1611     1767     1954     2039     2104     2164     2222     2306     2252     2260     2178     2178     2079     1885     1821     1721     1550     1460
     1258     1152     1035      883      890      798      696      702      609      514      449      475      462      431      380      323      344      279      265      242
      250      240      215      217      167      177      143      137       99      114      106      110       98       97       90       76       71       86       80       66
       50       77       74       83       82       88       82       98      101       99      125      123      140      123      138      193      165      228      190      230
      216      256      285      283      330      359      325      399      443      481      532      553      647      649      772      848      887      972     1123     1110
     1259     1354     1496     1638     1631     1761     1870     1884     1954     2031     2023     2009     1963     1959     1735     1823     1595     1467     1417     1267
     1228     1074      925      860      792      733      695      644      563      544      479      430      388      374      383      339      311      259      240      258
      241      209      193      199      147      156      145      127      106      129       97      105       95       93       92       87       93       71       64       69
       64       58       67       85       85       78       76       92      113      109       96      116      116      134      143      177      176      230      215      215
      235      237      289      265      301      338      358      420      431      461      489      545      581      644      677      796      842      904      973     1055
     1188     1217     1308     1400     1525     1530     1583     1573     1746     1741     1753     1714     1644     1648     1583     1565     1469     1357     1263     1205
     1077     1018      926      861      784      664      685      593      581      525      503      452      405      370      331      296      311      292      234      204
      222      199      189      170      157      132      152      126      112      123      113      105       92       83       89       84       66       68       76       62
       51       52       69       83       72       86       82      101      111      100      116      124      141      148      142      169      184      199      206      201
      219      231      269      276      298      323      330      390      403      424      478      542      528      584      668      708      795      873      945      950
     1038     1111     1208     1234     1341     1449     1456     1472     1469     1517     1492     1453     1525     1497     1348     1295     1302     1257     1124     1013
     1009      944      828      755      769      615      608      548      542      491      450      423      366      343      350      298      300      283      260      225
      196      178      204      207      154      163      166      129      122      136      102       87      114       92       85       79       69       73       65       63
       63       57       68       67       77       89       97       87      104       94      103      129      135      138      127      144      170      183      184      221
      216      242      230      269      292      337      358      356      394      407      475      494      542      560      597      713      705      748      825      915
      927     1058     1106     1130     1163     1185     1252     1266     1325     1332     1303     1374     1340     1310     1261     1155     1053     1023     1092      959
      862      854      796      745      665      631      618      516      506      463      410      410      332      335      334      303      281      277      245      215
      207      195      206      187      145      163      131      103      107      102      112      102      101       81       91       80       80       74       68       65
       71       62       71       73       68       58       83       86      112      115      114      105      128      126      136      162      158      172      172      207
      213      206      196      227      297      285      346      335      413      368      447      469      483      545      595      630      631      781      769      816
      869      903      975     1038     1094     1070     1138     1142     1216     1223     1253     1121     1132     1128     1097     1034     1009      953      933      817
      854      793      728      675      646      558      508      523      460      372      378      392      342      334      306      294      263      271      208      200
      191      196      182      154      134      149      135      121      124      118       98      113      115       89       73       72       78       60       73       61
       63       55       63       61       85       61       92       88       93      112      106      122      122      146      139      148      137      167      159      197
      190      223      248      241      249      265      286      360      340      386      385      427      399      492      504      549      646      675      640      752
      806      763      857      889      948      970     1067     1017      988     1088     1008     1081     1031     1003     1026      956      921      871      780      727
      762      703      621      674      582      531      532      471      441      434      389      371      366      313      275      274      245      271      224      226
      205      170      163      169      165      154      141      118      116      106       92       95       82       65       92       62       74       61       71       65
       69       67       71       57       65       79       67       75       81       97       93      112      106      111      142      155      149      163      147      196
      184      196      227      237      226      277      281      297      344      369      365      416      405      444      525      554      553      579      623      654
      727      764      805      798      826      869      881      924      887      917      920      931      959      881      886      833      796      794      762      685
      675      609      624      585      579      515      427      474      400      429      360      351      293      301      282      249      256      219      192      179
      199      210      171      158      161      137      137      125      111      105      105      106       83       93       88       66       68       57       64       52
       56       43       62       79       73       71       75       84       87      101      105      114      107      129      129      129      137      148      166      168
      211      212      209      232      229      255      262      286      308      342      332      376      446      432      508      508      525      559      603      640
      670      697      704      699      773      772      809      837      836      854      876      846      862      830      822      787      757      683      671      670
      650      588      552      539      503      448      452      443      410      379      350      320      301      285      247      236      249      228      206      215
      175      194      158      160      124      120      130      104      115      108      107       81       83       74       73       66       55       68       62       59
       44       63       70       73       97       77       88       82      105      114      106      101       96      117      117      114      154      120      148      185
      185      195      227      199      227      260      233      264      263      307      329      344      392      430      484      492      432      479      546      532
      647      611      716      635      699      675      724      750      793      840      727      720      729      735      688      701      679      631      612      652
      591      522      534      500      469      469      406      416      364      360      344      319      258      242      264      232      237      223      206      192
      174      146      147      142      146      124      107      122       87      102       75       90       85       76       67       81       74       57       61       52
       46       54       65       63       90       73       83       82       99       82      102       79      112      113      122      117      121      131      154      145
      204      195      199      214      203      249      237      233      274      302      335      319      327      351      411      453      446      460      533      531
      601      552      572      593      661      692      685      682      658      669      673      656      592      719      684      629      637      630      561      526
      502      529      488      478      453      395      397      316      357      316      295      284      279      268      253      248      199      204      183      186
      169      171      153      132      118      121      115      100       89      105       90       77       88       76       59       57       70       64       58       68
       61       45       77       65       63       62       88       95       92       83       96      102      105      115      112      137      122      165      140      166
      174      183      191      167      197      220      233      255      238      310      323      339      337      379      365      407      390      427      484      499
      496      546      526      565      600      562      629      577      560      713      603      590      609      596      589      583      522      542      542      493
      456      445      463      438      386      379      350      345      332      330      272      277      242      252      216      240      200      207      200      179
      147      164      158      131      163      114      123      107      105       99      106       95       81       84       79       83       63       74       63       54
       63       82       64       56       53       81       65       82       97       76       83       91      121      115      124      102      137      137      133      153
      181      172      217      182      206      203      261      236      223      242      299      258      336      327      353      358      395      414      438      477
      445      496      502      448      499      498      557      552      550      530      577      585      545      547      502      543      563      488      489      488
      490      458      452      373      380      324      369      321      256      296      270      251      263      225      224      200      200      174      163      190
      141      146      141      124      120       97      115      105      101       93      101       92       72       72       63       79       56       69       54       56
       53       55       74       79       77       51       62       90       76       89       63       95       80       93      113      108      125      144      160      145
      167      152      170      180      180      211      194      226      217      252      268      266      269      310      331      325      373      377      412      392
      398      457      475      448      531      490      505      517      509      483      519      519      509      463      493      504      468      405      406      430
      436      402      382      385      301      315      357      312      285      258      276      254      213      210      200      184      179      187      183      170
      133      136      139      121      125      125      104       98       84      101       87       84       80       84       72       64       65       54       72       59
       42       63       56       64       69       45       65       83       78       77       86      100       82       87      127      114      118      152      133      117
      144      149      164      167      193      213      199      237      215      238      278      261      265      302      302      338      308      365      362      400
      367      369      408      469      413      464      449      462      474      503      458      490      430      435      489      438      428      446      410      399
      395      371      335      334      332      309      248      264      284      237      238      247      210      216      199      158      195      146      139      156
      147      145      129      137      106      106      104      109       93       79       81       84       69       86       47       71       71       47       48       55
       52       50       51       61       61       55       69       73       89       71       87       91       85       95       98      105       88      109       99      123
      115      148      161      168      174      179      185      178      208      215      269      268      228      303      296      322      329      335      341      376
      341      364      394      435      393      417      432      450      406      456      394      416      392      379      371      403      439      350      345      347
      324      297      346      306      296      286      310      243      238      253      214      193      231      194      200      178      175      167      156      132
      115      130      109      100      106      105       91      101       77       82       75       69       92       60       63       79       74       42       53       51
       52       42       47       53       43       62       51       72       54       80       73       91       89       89      104       91      113      111      118      121
      124      145      144      160      171      175      188      192      189      219      226      225      239      264      268      292      299      322      290      309
      374      325      351      364      368      376      380      392      383      395      395      375      420      402      380      366      391      334      321      337
      332      313      293      292      288      248      282      245      218      214      191      229      191      195      173      173      153      166      137      165
      134      110      112      100      106      113       85       87       88       80       76       71       68       66       54       61       44       65       55       54
       45       60       44       69       57       50       75       62       73       64       60       84       90       96       84       84      108      110      111      128
      115      116      133      144      170      159      162      190      212      185      222      217      214      234      231      239      261      273      309      324
      302      346      323      359      315      316      348      328      366      358      344      355      396      376      339      364      352      312      308      326
      293      309      293      267      261      246      263      219      241      204      181      196      187      181      181      154      179      127      151      140
      123      123      113       99       99       80       97      108       96       58       71       60       54       64       51       53       58       51       49       48
       46       46       60       47       57       71       74       75       62       75       85       72       82       85       95       88      113       95      111       95
      118      128      136      122      130      173      159      173      163      192      190      231      223      223      209      240      251      270      257      268
      324      293      298      299      310      326      296      331      324      330      310      326      311      294      315      351      313      294      311      322
      295      265      243      261      268      240      187      211      195      223      188      191      183      183      152      143      136      128      137      118
      121      121       82       86       90       85       81       76       72       71       79       78       62       69       48       54       71       32       46       44
       41       46       39       44       46       60       60       66       74       79       63       89       76       72       72       87       88       90      109      120
      121      119      148      141      149      150      166      154      169      187      178      196      207      232      194      237      233      246      257      279
      257      271      278      265      302      327      283      270      290      287      251      295      285      299      276      309      292      284      284      273
      246      231      228      200      240      239      214      194      191      205      173      170      149      145      137      133      135      127      131      100
       98       99      111       94      122       88       78       86       83       68       78       80       61       70       52       55       48       58       53       52
       37       47       53       49       49       51       48       57       62       70       75       70       91       83       76       77       90       92      109      129
       99      107      124      129      120      136      156      141      144      153      192      176      177      199      158      201      202      228      244      224
      242      240      255      258      277      274      250      291      260      264      280      296      277      258      247      254      242      271      240      240
      232      236      255      224      213      219      175      191      182      175      156      154      142      147      143      124      131      129      126      116
      118      108       98       84       84       83       70       68       69       67       76       70       55       43       42       55       40       55       55       47
       51       49       50       62       54       46       59       56       61       67       83       64       90       78       70       89      117      101      106      113
      106      131      108      117      114      150      146      138      138      160      180      186      163      208      199      216      178      225      220      200
      213      257      226      258      229      247      286      260      244      278      228      276      269      265      254      241      222      257      224      242
      223      228      199      192      214      178      197      178      156      209      157      149      156      126      138       99      144      106      133      128
       95      114       78       82       85       71       79       84       75       45       58       68       62       50       50       62       51       58       53       35
       32       44       47       57       54       56       57       40       65       46       45       69       58       88       86       69       71       88       87       88
       95      124      115      113      144      124      131      140      155      159      148      169      163      200      184      197      180      214      199      207
      192      186      236      241      224      228      227      231      254      240      261      220      214      262      223      243      218      213      239      203
      188      233      217      181      183      190      172      168      148      172      174      135      116      144      145       94      146      111       86      110
       89       89       86       85       94      101       87       60       70       69       77       51       56       53       39       53       45       57       37       29
       44       44       39       49       55       50       57       51       57       56       53       48       72       81       88       72       82       87       83       88
       93       93      124      115      118      101      140      132      143      146      129      170      163      176      171      188      185      192      182      197
      193      212      194      207      217      204      246      231      211      211      256      207      216      231      212      223      190      233      204      213
      189      201      170      194      195      183      159      139      148      141      147      156      127      117      113      118      102      127      103       93
      100       97      103       88       64       64       68       86       60       68       56       54       59       55       47       46       46       45       44       34
       48       47       47       54       37       56       46       59       50       62       68       57       52       71       74       93       71       90       87       88
       79      111      142      112      123       88      127      133      143      150      140      145      164      173      168      181      193      196      180      209
      196      195      191      184      208      212      201      201      209      209      200      209      224      234      184      175      191      165      185      192
      196      174      174      170      170      144      126      136      157      121      128      133      126      106      122       93       97       91      105      105
       89       81       87       85       82       84       70       56       66       64       51       53       55       54       37       57       47       45       41       43
       40       43       44       52       47       43       55       57       62       43       40       64       72       73       63       79       75       71       66       77
       81       82      103      109      106      114      107      104      130      134      120      137      133      139      148      179      147      173      182      177
      172      174      197      183      212      192      176      207      187      170      181      179      194      198      179      174      186      186      166      185
      185      131      151      163      138      149      148      159      141      132      128      123      112      107      106       93      100       90       85       82
       59       68       72       80       80       70       66       48       62       48       54       48       55       70       47       52       39       48       40       37
       31       45       36       51       37       41       49       49       55       62       65       53       56       65       74       78       83       63       96       83
       82       94      110      112      102      102       91      106      122      124      130      126      116      123      126      136      156      141      168      152
      165      164      165      165      177      184      202      187      174      167      183      177      210      178      180      171      169      165      173      178
      160      173      148      140      130      138      143      118      119      115      124      115       89      110      103       85       80       89      103       75
       69       64       77       63       88       64       46       58       53       50       51       43       39       51       38       32       47       30       37       26
       33       37       38       45       47       52       50       53       40       47       54       47       56       66       67       58       82       79       85       71
       73       83       76      101      108      103       74      104      102      116      111      115      119      148      146      138      131      163      160      126
      160      158      182      150      179      167      156      190      147      153      166      204      161      154      168      156      179      147      153      180
      138      133      151      138      117      128      110      147       95      120      100      104      101       96       97      107      105      106      104       91
       75       78       90       70       69       70       63       49       68       55       50       55       51       51       50       34       38       28       44       48
       28       40       41       36       34       37       43       47       50       53       68       67       68       71       65       73       61       69       73       77
       80       71       84      102       85       87       82       99       99      102      118      126      119      110      110      120      133      138      129      144
      127      130      165      147      139      142      147      170      160      157      157      145      157      138      186      141      164      167      162      151
      142      151      130      142      154      116      138      116      135       93      103      104      108       95       86      109       91       92       93       86
       89       75       70       75       66       51       76       40       60       51       56       52       46       42       38       36       35       36       45       41
       33       32       43       25       45       38       36       46       47       54       47       39       54       48       59       76       60       54       64       60
       69       84       85       84       79       89       84      114      104      105       90      120      120      120       94      119      134      115      127      129
      127      152      156      119      126      148      129      141      116      170      128      150      133      139      141      119      136      128      142      131
      135      126      110      106      127      113      125      115      108       94      109      105      104      101       96       84       78       79       69       73
       80       69       85       63       55       48       64       52       46       47       45       40       38       47       48       38       46       39       36       33
       39       38       40       38       35       42       50       27       48       38       52       59       54       54       48       52       67       63       52       63
       78       85       84       75       71       74       79       90       77       89       95       90       95       90      105       99      114      123      115      132
       97      114      139      144      156      137      145      121      131      122      101      142      132      127      142      116      134      153      112      117
      125      140      124      127      116      100      109       95      102      103       95       97       75      101       65       66       78       84       75       78
       70       75       68       78       71       54       52       47       59       61       50       45       45       50       42       39       26       34       35       42
       19       31       38       39       37       37       36       29       44       38       39       49       55       64       54       53       59       70       64       59
       52       79       80       78       69       87       71       83       93       93      102       91       91      103      117       98      104      139       99      114
      122       98      120      132      108      120      135      118      138      127      132      120      127      127      113      118      112      124      122      126
      128       96      131       88      106      110      113      103      100       76       84       84       72       91       87       83       65       75       73       50
       60       62       67       62       64       50       62       43       48       47       47       45       54       32       48       33       33       33       33       29
       31       31       36       37       28       42       38       39       34       36       47       45       41       58       65       55       47       39       69       66
       64       73       72       58       75       76       84       87       98       95      101      103       74      102       92       97       92       98      108      119
      125      114       90      123      108      118      116      126      104       98      130       86      118      123      125      103      112      132      105      108
      106      102       93       90      126       93      101       78       74       68       82       95       91       83       65       52       68       75       72       58
       77       48       58       47       79       54       57       61       60       52       44       48       45       45       28       39       41       32       33       25
       37       19       36       32       26       33       37       42       38       39       38       44       45       55       52       58       64       57       63       74
       57       84       63       70       67       82       73       90       80       85       97       84       93       90       98       94       95       98       92       98
       92      114       90       99      108      107      124      103      110       87      106      101      104      123      100      121      114       92       90       96
       88      109      107      104      103       98      101      101       79       66       85       85       82       71       75       70       77       72       58       68
       58       51       63       45       49       44       56       34       48       35       42       43       47       35       40       39       34       29       32       35
       21       34       31       43       41       29       35       31       38       46       36       41       45       51       48       53       62       66       49       49
       43       69       54       64       74       74       79       71       75       79       72       96       92       73       95       94       97       78       84       97
       89       94       93       96       98      102       90       92      105       92      103       96       90      101       99       99       93       83       93      102
      107      103       77      101       68       77       79       96       75       78       92       70       70       82       62       68       63       59       56       53
       61       62       59       53       60       56       52       36       35       42       41       51       22       47       40       41       41       33       29       30
       21       30       31       31       33       26       34       37       45       39       38       43       35       39       39       58       56       52       51       51
       60       55       51       49       52       68       58       56       74       89       72       83       94       87       71       95       70       73       89       97
       94       98       98      100      101      103       84      105       92       86       86       96      113      104      108       78       95       89       92       83
       81       76       86       77       80       68       90       72       72       77       75       66       71       71       70       58       56       60       59       60
       58       49       47       75       66       37       52       35       42       41       31       39       26       46       43       29       27       30       24       27
       26       26       35       39       37       32       27       34       25       39       39       44       42       55       59       42       48       42       53       42
       44       45       52       54       78       41       79       72       67       76       63       70       69       70       76       77       62       76       81       90
       57       80       98       92       87       90       85      100       90       96       84       87      106       86       74      104       87       76      110       84
       87       75       83       67       89       83       82       63       77       70       68       74       66       80       56       58       68       54       51       44
       33       55       51       43       55       35       46       38       33       43       41       44       34       23       35       33       27       32       21       30
       11       22       33       25       30       34       43       34       30       40       44       50       30       49       44       53       45       46       37       51
       44       51       48       60       48       52       56       58       78       71       63       56       55       67       77       74       67       62       63       77
       83       85       93       96       77       88       76       87       81       82       79       81       86      102       90       75       90       89       87       74
       83       88       80       64       67       89       78       73       56       52       56       68       53       52       64       58       57       59       54       47
       51       40       44       53       46       43       51       37       43       34       46       45       46       29       44       34       25       31       23       26
       37       26       36       32       31       36       29       37       44       41       26       52       36       48       41       32       48       37       46       46
       48       55       49       57       57       72       69       57       61       57       64       83       65       64       64       78       61       66       85       82
       76       80       77       91       78       75       82       92       99       95       75       76       78       81       70       74       74       80       75       77
       88       66       76       68       70       64       69       46       66       73       60       66       53       49       68       52       50       58       44       51
       49       42       37       57       45       38       32       42       35       47       23       36       44       30       33       20       37       33       26       27
