       27       22       29       31       24       38       37       25       41       38       35       43       50       40       44       47       45       50       43       52
       65       48       41       56       50       54       68       51       67       69       63       73       61       74       70       75       73       65       70       66
       86       86       85       76       76       65       82       83       73       70       72       74       71       95       72       64       67       82       90       63
       78       88       75       82       83       71       82       60       68       75       49       68       72       65       57       52       50       59       42       48
       58       51       45       39       48       39       36       41       45       44       55       34       45       44       28       36       22       29       22       18
       32       35       26       28       32       36       33       37       29       30       38       47       30       36       36       40       54       44       51       50
       50       71       50       52       68       60       54       53       47       74       65       57       78       63       60       84       74       77       69       79
      106       76       84       74       82       80       85       84       84       90       72       79       90       83       85       82       81       92       88       74
       70       80       79       68       58       58       76       74       68       83       73       66       66       63       55       56       54       60       67       44
       47       56       40       48       40       47       49       29       35       33       34       19       35       33       34       39       45       26       23       24
       22       28       30       32       37       56       44       33       43       39       33       40       43       44       47       41       56       50       47       59
       60       63       42       69       64       80       77       82       66       56       83       73       68       76       81       81      105       89       80       75
       72       75       93       86      100      101       82       80      100       79      109       76       87       88       94       81       68       89       81       72
       81       66       79       69       82       80       76       85       88       73       71       55       85       70       53       60       67       69       63       57
       74       62       51       42       44       42       60       37       46       42       36       34       40       31       26       31       50       32       40       26
       28       24       32       20       40       44       54       44       29       39       42       41       43       36       49       37       58       63       42       62
       55       58       63       61       73       66       70       74       69       65       68       91       76       94       81       93       81       81       74       87
      107       88       89       81      116       81       99       87      122      109       94      100       89       98       95       97      101       93       88       95
       87      103       86       83       80       78       84       88       67       74       64       83       54       60       66       73       64       63       57       59
       51       48       61       38       57       42       44       53       36       36       45       33       46       46       32       32       29       31       21       30
       25       29       25       35       30       30       41       39       40       38       39       41       42       42       47       43       43       60       51       47
       47       62       73       62       59       69       70       82       77       73       65       73       78      105       79       93       85       84      104      101
       99      107      106       75      110       92       94       96      106       95      106       80      103       98       94      104      103       91       90       90
       93      112       93       76       90       77       88       85       78       78       77       61       63       76       73       61       72       56       58       55
       54       50       49       47       63       49       47       39       44       48       39       47       42       29       27       39       37       31       37       33
       24       32       25       34       37       45       45       31       38       43       54       31       45       50       59       48       50       65       62       60
       62       44       54       56       71       60       68       69       75       84       88       89       88       81       87       99      105       96       89       92
       76       99       92       98       89      103      107      108       88      116       96      116       97      107       96      111       98      104      103      111
       97       81      100       87       89       87       91       94       82       85       63       69       74       82       83       70       67       83       66       66
       61       52       58       55       44       48       51       58       39       48       44       45       34       39       39       36       41       37       28       35
       31       29       40       26       29       50       49       52       51       50       54       39       36       56       52       59       52       60       67       74
       62       66       68       80       78       64       76       71       73       72       87       81       91      101      102      107       89      115       95      110
      105      126      103       97      122       97      121      131      115      119      110      119      111      102      113      108      107       95       94       95
      118       81      103       91      105       93       96       69       78      101       64       73       84       76       68       67       67       76       72       65
       55       59       64       54       54       42       60       53       53       34       37       38       55       47       58       46       45       42       33       36
       33       38       37       26       47       43       44       45       56       42       59       56       51       63       52       46       54       57       56       70
       67       76       62       65       82       79       90       90       69      105       92       84       99      110      114       93       88      112      102      118
      129      117       97      112      108      130      137      130      115      112      124      109       93      135      112      109      127      109      115      111
      125      103       87      101      112      111       93       83      105      100       88       85       88       80       91       90       80       82       58       69
       63       63       61       62       51       53       52       46       57       42       48       62       52       39       37       38       31       46       42       35
       45       38       37       45       40       35       33       37       38       63       49       53       62       40       60       49       62       58       72       78
       64       66       82       66       78       88       85       81       85      115      131       85       86      113      109       96      108       92      114      118
      118      112      131      120      114      127      114      124      112      113      151      102      118      129      128      120      122      118      124      129
      105      133      113      138       97       86      106       88       86       98       85       89      104       86       83       92       94       77       84       71
       59       72       56       63       67       64       47       53       63       40       52       47       41       38       47       34       31       40       26       35
       28       32       25       35       38       47       45       42       44       40       48       42       63       73       69       68       60       73       72       58
       77       79       89       72       82       88       84       97       74      110       88      105      101      104      119      118      109      117      134      124
      137      147      122      126      141      130      133      144      137      140      142      147      107      169      147      148      139      133      120      122
      122      119      129      130      118      111      111      105       96       99      108       85       87       78       89       72       88       73       72       64
       84       75       70       60       56       56       58       51       62       51       42       45       53       48       43       36       34       42       45       31
       40       42       36       40       41       33       27       44       67       56       63       50       70       57       57       66       52       72       65       62
       85       77       81      108       79       84      106       98      104      114      100      103      108      100      105      106      123      119      119      123
      124      135      138      140      116      133      137      151      152      132      152      133      149      169      162      114      141      146      134      163
      132      131      117      121      112      111      124       98      110      119      110       85      100       90      101      112      113       82       84       89
       93       66       65       68       70       70       55       66       59       54       49       43       50       40       42       51       43       38       33       38
       38       27       40       34       52       37       54       64       51       49       54       45       65       66       57       64       82       81       65       66
       93       76       89      104       87       94       92      101       87      106       94      106       95      110      106      120      139      135      103      145
      138      137      165      162      132      154      164      157      141      141      175      182      150      167      174      162      148      152      127      151
      150      124      128      145      140      112      117      134       93      105       96      116      107       98       95      104       88       97      100       79
       71       84       69       64       59       86       48       68       36       60       47       57       59       42       47       43       43       51       52       44
       41       39       34       48       40       31       46       48       63       60       57       50       60       66       76       63       79       84       77       80
       71       82       88      102       96       90       99      121      118       98      138      134      130      134      117      132      144      153      151      127
      172      149      163      184      151      165      136      179      147      166      179      174      176      160      171      138      171      148      152      139
      162      123      148      138      144      120      117      140      121      117      111      103       97      106       93      105      109      108       90      101
       78       61       79       79       75       75       69       72       64       54       52       50       54       53       58       44       57       30       43       42
       30       47       32       45       45       52       41       58       64       53       61       56       61       75       77       75      105       77       75       86
       83       87       89       95      102      106      127      117      107      127      123      121      129      144      149      138      153      160      173      164
      142      181      155      165      185      182      169      180      192      184      165      188      192      171      180      169      172      162      148      153
      151      147      154      162      133      138      147      124      125      143      133      134      100      119      118      102      104      112       73       88
       74       88       71       72       63       71       60       67       62       67       62       62       40       50       37       54       53       49       47       41
       38       39       38       41       52       51       54       51       46       55       58       54       48       57       83       66       67       82       86       82
      107      116       98      110       97      110      111      136      154      131      117      147      133      150      154      180      155      170      161      187
      170      196      196      172      176      204      183      207      188      161      180      208      201      213      204      177      154      188      192      172
      176      172      159      169      168      157      159      120      114      154      138      116      130      128       95      122      112       95       99       91
       85       97       84       69       78       77       62       53       58       70       80       56       48       43       40       54       52       55       50       45
       47       44       36       47       53       57       51       33       62       81       57       72       66       61       77       78       82       85       94       82
       89       94      100      124       98      113      103      104      144      113      141      138      159      173      171      165      178      155      186      181
      179      213      186      190      201      193      182      188      187      219      189      228      227      208      220      205      204      194      182      192
      187      174      181      154      173      166      145      158      151      138      136      131      136      107      109      131      114      104       95      100
       96       91       83       90       80       82       63       65       70       71       62       60       52       50       48       44       47       39       47       45
       50       43       38       52       36       57       55       56       65       62       83       62       66       75       73       75       82       90       94       93
       99      104      108      115      115      126      122      123      126      135      144      157      157      155      183      163      179      176      175      174
      186      227      205      249      197      192      223      241      212      232      210      200      218      232      230      236      202      238      181      204
      200      197      211      207      172      166      173      141      176      172      138      139      116      146      133      132       93      108       99      101
      104       96       87       87       70       71       90       58       78       76       69       67       54       49       65       53       57       38       44       40
       40       41       50       55       58       64       48       49       61       70       54       63       76       68       81       83       80       85       85       93
      117       98      113      106      129      134      135      129      135      145      165      149      177      196      188      166      198      181      196      198
      214      219      195      213      248      211      243      254      222      231      232      250      242      225      231      248      228      249      217      207
      196      190      208      181      189      173      162      177      146      170      143      144      149      146      125      119      103      132      110       80
      127       88      103       80       75       93       85       61       70       67       61       78       72       55       63       55       42       57       33       35
       43       43       59       50       53       54       52       39       48       66       63       74       63       78       85       94       84      100       93      104
      106      115      124      143      117      148      158      143      169      162      177      145      183      169      190      162      192      204      202      217
      233      227      249      246      242      281      267      268      271      278      251      257      226      245      235      245      268      238      220      237
      214      206      206      199      192      194      200      171      162      146      160      158      150      154      155      128      119      111      106      134
      125      108       86       95       75       87       75       68       64       92       65       67       73       70       51       66       57       59       51       51
       45       40       45       54       48       54       68       57       66       72       60       67       62       91       84       92       88      107      100      105
      118      125      118      133      130      157      161      144      144      153      202      189      195      165      213      208      214      212      247      242
      235      246      251      244      246      267      291      286      299      297      270      257      288      241      256      284      271      295      263      247
      248      229      256      237      187      228      210      197      201      188      156      157      152      149      136      131      122      134      123      111
      114      100       94       72       77       97       79      105       76       67       85       67       65       59       60       40       60       54       60       51
       47       47       56       52       46       56       48       58       76       70       85       88       68      100      106      107       90      119      122      125
      137      129      111      136      149      150      140      162      183      166      187      181      215      196      223      225      203      239      250      256
      265      259      275      257      257      301      309      280      301      316      326      309      301      299      282      282      291      264      259      264
      209      250      233      241      232      205      214      216      225      185      176      186      165      116      164      159      134      135      132      122
      112       91      104      117       96       80       82       83       90       74       80       45       73       67       61       65       53       52       52       46
       43       55       65       46       46       68       51       78       75       88       89       86       65       98       92       94      103      115       90      141
       85      131      141      137      141      188      157      182      166      184      215      202      241      266      228      201      243      270      251      296
      267      279      294      307      324      319      298      308      344      339      314      316      350      309      294      299      269      286      338      280
      255      299      267      266      248      246      225      231      175      197      218      205      185      168      172      128      132      149      126      149
      132      109      110      108       84       93      110       97       78       63       64       61       61       74       77       59       63       49       53       44
       45       66       53       66       73       64       60       74       58       60       72       64       86       95       91       96       99      100      133      137
      137      143      150      154      186      153      150      205      183      207      213      215      271      224      250      275      265      293      259      274
      290      314      346      341      360      319      332      342      342      349      369      327      366      340      315      348      359      293      346      307
      303      270      290      262      285      236      254      245      224      215      201      204      179      160      180      154      141      153      134      128
      121      127      134      116       75       98      100       93       77       91       68       72       80       57       64       73       65       50       57       57
       58       62       49       68       61       73       80       64       65       83       82       87       82       77      105      100      110      120      115      128
      130      139      140      171      143      211      200      193      173      219      204      219      230      222      255      282      319      301      295      302
      343      334      368      342      353      355      334      362      375      371      400      374      365      372      400      370      356      379      325      359
      367      317      322      277      260      302      280      281      267      224      226      226      215      177      168      145      156      154      158      145
      122      109      128      113       83      105      102       79       86       82       91       68       64       76       70       57       61       57       63       54
       45       54       61       57       60       46       76       76       66       77       73       92       92       82      100      104      119      112      136      154
      138      160      151      172      163      186      229      229      225      245      257      242      291      261      282      283      302      290      317      332
      317      386      379      396      385      407      382      430      423      413      385      427      418      400      440      388      394      383      386      340
      335      343      334      319      298      259      302      243      248      253      248      227      216      180      191      161      174      161      155      149
      135      140      125      128      113       99       96       88       83       73       80       80       77       58       65       66       63       55       53       57
       60       51       72       72       67       71       85       80       81       86       84       76      107       82      100       96      106      132      126      142
      156      166      145      182      165      189      189      236      219      238      223      264      278      305      308      329      331      325      355      351
      391      411      408      443      434      467      432      489      498      477      466      460      515      458      446      417      426      429      383      371
      394      395      313      350      314      330      311      270      269      223      243      242      232      216      190      208      148      163      149      151
      125      143      131      126      103      107      102       99       93       93       80       70       78       60       64       60       69       63       60       53
       63       62       53       56       65       58       86       62       77       96       95       94       78       88      126      117      121      119      125      131
      142      161      178      177      218      186      194      212      239      268      300      277      297      287      333      362      358      368      409      410
      404      434      444      474      474      460      523      476      477      514      510      511      516      545      489      463      472      446      426      436
      360      370      326      370      325      333      287      318      282      268      230      241      249      215      184      198      185      197      153      155
      150      145       95      120      132      116       97      107       99       89       88       79       89       73       65       61       63       80       56       58
       55       54       64       62       67       66       70       86       84       73      105       94      104       88      124      107      131      131      134      134
      166      196      172      221      192      190      209      236      265      232      277      319      327      297      319      361      385      408      401      452
      444      476      517      484      497      495      510      565      544      523      531      501      558      526      520      533      490      514      460      457
      424      416      450      381      384      369      351      318      321      245      244      245      259      237      200      214      193      188      181      163
      162      158      134      140      123      129       92       94       86      102      101       86       80       82       67       76       68       69       65       67
       55       46       62       66       72       72       71       84       78       81       93       88       94      112      106      142      141      160      133      170
      167      163      188      220      193      245      222      237      279      264      285      339      318      364      358      387      394      448      453      478
      495      503      526      595      557      566      632      645      624      597      633      603      589      582      572      553      579      575      571      477
      502      458      463      411      365      351      361      409      309      349      256      274      246      242      234      207      210      190      167      162
      147      158      143      147      119      121      105       90      100      101       68      101       79       76       54       68       67       74       54       54
       51       52       75       53       71       69       77       83       72       98       96       85      124      117      112      124      139      173      162      167
      179      196      205      214      221      230      202      248      282      303      308      328      322      379      375      413      427      441      493      499
      570      578      570      609      623      659      616      594      628      678      664      728      644      661      634      606      637      647      579      544
      504      511      469      417      454      443      373      370      355      354      315      281      280      253      231      232      187      205      198      185
      133      175      155      119      136      114      114      116      100      110       84       70       67       83       71       50       73       71       75       42
       58       67       57       73       86       74       84       79       78       86      118      110       97      137      112      123      145      162      158      174
      195      219      225      199      225      267      268      272      266      288      354      341      383      454      418      438      428      479      544      592
      581      681      609      676      722      704      679      738      775      754      723      746      701      667      703      723      641      658      666      600
      565      537      546      515      454      442      376      349      341      335      265      288      286      265      244      260      224      211      184      198
      149      186      157      140      123      114      113      124       98      111      104       85       70       72       92       79       78       63       62       56
       66       59       68       72       56       60       90       83       85       99      108      117      135      132      121      126      166      174      171      171
      157      179      179      214      267      260      290      289      323      353      346      390      393      468      432      462      484      511      533      621
      630      683      672      733      736      810      767      828      822      833      843      838      823      757      769      778      746      739      663      640
      570      570      552      464      465      451      455      398      373      342      361      313      298      287      254      242      241      233      208      160
      162      179      192      147      121      104      122      129       95      127       79       97       90       74       82       76       67       65       60       40
       55       76       69       73       77       87       87       86      111      112      100      110      114      131      130      116      140      189      174      188
      187      216      232      226      255      255      292      319      304      303      409      403      438      473      512      512      550      577      578      716
      667      778      792      800      795      863      849      863      911      898      909      963      871      887      868      855      819      795      742      698
      634      666      572      610      507      525      443      408      409      398      394      347      304      284      273      263      260      235      205      169
      162      173      175      153      139      142      144      101      116      108       94       99       83       87       74       54       68       84       67       79
       48       70       63       72       77      103       81       99       92      110      118      117      102      114      128      155      161      176      180      221
      206      228      225      230      263      282      331      290      351      352      421      436      456      463      493      537      579      648      658      704
      763      798      855      856      864      990     1019      999     1034      998     1015     1031     1023      987      963      936      861      845      766      820
      686      672      642      625      557      527      507      439      407      449      408      342      315      304      285      284      270      246      209      177
      194      191      186      131      152      144      131      126      135      107      102      116       71      102       86       69       73       46       76       49
       54       56       81       69       63       90       79       81      106      105       89      127      126      115      124      130      132      160      179      185
      188      189      240      274      283      281      327      341      365      401      362      423      478      486      564      581      665      644      772      802
      821      869      893      978     1023     1058     1149     1150     1153     1147     1144     1102     1097     1123     1062     1031      966      917      891      836
      768      733      681      646      617      581      509      445      468      462      385      350      321      313      312      291      286      259      232      203
      202      186      169      157      139      166      147      107      101      102       97      102       88       66       68       83       66       59       68       43
       72       72       81       67       59       89       98       93       97      111      115      117      138      148      162      145      172      155      165      190
      227      225      230      276      277      287      365      370      332      407      417      496      480      574      591      669      691      761      740      871
      904      905     1017     1038     1115     1205     1237     1230     1355     1369     1361     1257     1285     1279     1209     1144     1046      992      956      921
      920      790      729      683      695      615      577      548      480      424      406      382      355      376      343      302      265      243      216      206
      185      181      171      172      154      134      119      119      109      107       99      111       98       86       81       74       79       64       63       68
       50       76       67       77       81       92       87       83      112      114      106      124      121      133      109      168      156      195      182      203
      193      211      246      274      293      327      329      395      426      414      487      488      553      560      636      724      712      777      890      951
     1032     1084     1121     1209     1303     1294     1449     1454     1544     1459     1494     1440     1489     1383     1358     1257     1139     1104     1070     1019
      897      867      828      741      678      584      588      557      521      489      448      426      374      337      349      269      272      238      243      218
      207      186      172      137      157      152      155      145      120      109      104      101      119      106       88       77       73       74       69       66
       84       59       62       83       83       62       80      103      110      122      133      123      123      147      130      178      190      181      199      208
      241      243      267      264      314      338      315      405      405      465      476      574      564      629      680      747      813      868      899     1037
     1085     1164     1244     1350     1488     1486     1671     1705     1695     1743     1719     1684     1655     1636     1475     1400     1358     1263     1197     1139
     1011      895      861      864      685      641      618      536      527      474      472      412      377      350      332      292      307      269      244      215
      212      184      186      175      167      156      127      122      114      113       96      109      107       99       93       86       70       72       71       73
       61       58       73       85       81       75       93       98      109      103      122      123      150      124      147      153      162      176      220      218
      227      221      238      297      304      316      338      449      391      477      528      528      581      681      761      790      850      954     1033     1101
     1190     1332     1385     1559     1598     1698     1748     1882     1948     1931     1937     1960     1951     1753     1762     1655     1539     1400     1246     1199
     1127     1035      959      819      802      724      692      600      558      471      464      419      392      351      325      319      277      283      278      223
      218      206      177      170      166      140      144      123      159      129      106      102      100      104       96       96       72       88       62       62
       51       62       81       79       83       98       96       97      109      104      128      109      137      148      132      153      180      219      197      204
      235      264      270      329      330      348      409      411      479      510      532      575      672      723      776      840      919      991     1085     1154
     1343     1462     1609     1682     1850     1970     2139     2209     2204     2241     2201     2297     2213     2122     1954     1819     1646     1574     1406     1362
     1198     1146     1032      902      860      755      739      628      628      548      503      460      428      385      336      314      300      289      269      251
      235      241      203      191      191      160      151      139      140      128       96      108      104      102      104       97       77       82       74       54
       69       60       80       78       66       81       93       84      106      127      118      129      126      151      149      170      190      170      231      219
      254      257      269      321      318      354      393      459      431      516      499      604      669      784      830      895      977     1030     1210     1297
     1493     1656     1782     1921     2066     2211     2390     2498     2560     2699     2618     2600     2586     2375     2390     2110     1978     1752     1544     1486
     1327     1218     1096     1023      927      799      736      705      639      528      529      479      425      381      368      349      306      283      271      215
      222      202      176      193      156      143      137      146      140      119      100       99       93      110      111       83       70       60       66       70
       64       68       69       76       79       91      108      111      123      127      133      147      152      156      143      166      180      180      228      218
      232      250      290      306      349      365      398      443      471      522      584      585      733      816      826      965     1071     1201     1202     1425
     1610     1768     1916     2195     2433     2595     2901     2931     3030     3195     3118     2927     2884     2836     2572     2382     2220     2067     1792     1604
     1376     1302     1218     1066      911      848      777      679      671      609      557      506      457      416      371      319      331      291      270      265
      232      234      223      172      198      159      151      130      122      113      119       98       84      106       84       89       77       83       75       85
       63       75       60       94       91       86      101      105      122      106      127      148      144      128      184      182      171      206      212      216
      255      274      311      328      354      356      436      472      561      543      638      617      771      795      885      972     1109     1240     1378     1528
     1764     1854     2221     2457     2661     2992     3155     3581     3709     3816     3905     3721     3623     3319     2980     2721     2441     2175     1905     1742
     1492     1366     1244     1071      984      886      813      729      715      611      523      533      463      419      401      355      325      311      268      255
      242      227      214      165      218      166      154      156      140      109      126      114      104       93       84       88       77       90       83       50
       80       69       81      101       78       87       97      102      107       94      122      149      126      163      142      171      198      192      207      252
      254      278      295      316      359      382      401      450      477      584      605      636      758      844      907     1046     1103     1368     1444     1635
     1818     2158     2412     2715     3113     3496     3815     4196     4556     4782     4601     4622     4169     3884     3436     3052     2658     2412     2157     1874
     1717     1540     1355     1193     1077      920      856      760      706      573      555      526      528      398      401      371      340      327      281      257
      291      232      225      179      171      164      164      145      140      124      133       99       99       91       97       85       75       53       66       83
       64       77       73       86      102      104      101       87      125      143      120      132      153      153      181      187      204      224      234      246
      252      261      276      332      357      363      417      444      511      560      627      687      785      838      961     1055     1236     1407     1494     1801
     1932     2345     2671     3069     3586     4053     4627     5101     5730     5885     5978     5716     5279     4538     4025     3452     3025     2704     2275     2086
     1790     1536     1385     1119     1053      954      886      763      744      662      548      524      512      466      376      376      371      326      268      253
      263      231      215      218      187      177      142      156      142      132      113      114       99       97       96       89       73       77       61       71
       80       84       69       90       83      108       96      122      112      121      126      127      144      173      137      174      198      218      233      254
      259      324      292      359      361      415      460      467      555      600      650      702      802      954      982     1126     1212     1363     1627     1866
     2131     2546     2964     3461     3985     4800     5651     6545     7153     7581     7651     7175     6314     5572     4851     3949     3472     2934     2483     2093
     1859     1650     1480     1286     1144      959      892      865      706      626      620      523      503      432      419      368      389      332      300      259
      271      236      218      194      166      182      163      140      155      113      134      120       84       89       93       86       90       92       79       57
       53       62       67      105      103       78       97      116      131      109      139      150      140      139      166      181      179      206      193      231
      280      298      372      384      342      420      436      510      546      612      680      803      787      893     1017     1228     1258     1449     1730     2055
     2227     2628     3234     3892     4521     5389     6615     8010     9451    10493    10443     9265     7894     6694     5452     4513     3631     3214     2720     2362
     1959     1688     1501     1358     1224     1027      909      833      741      632      603      535      538      434      450      388      348      311      294      297
      252      254      200      179      175      165      163      139      116      132      109       92      110      102       90       69       73       85       86       73
       78       73       71       82       90      104      107       84      116      123      133      133      151      140      156      182      218      223      222      231
      299      285      308      352      376      410      455      502      545      605      668      753      804      937     1022     1282     1363     1510     1759     2119
     2441     2895     3418     3992     5155     6130     8130    10337    13016    15097    15135    12693    10146     7883     6243     4980     4092     3356     2903     2313
     2059     1752     1526     1329     1240      990      974      815      761      699      619      585      526      447      442      415      344      334      307      271
      243      248      234      180      181      159      165      134      116      132      115      129      112      124      109       86       82       70       74       76
       77       88       64       88       73      111      100      124      114      115      120      142      151      155      197      181      205      231      207      231
      286      293      343      372      384      428      537      524      548      629      733      745      896      976     1090     1210     1385     1619     1811     2201
     2499     3041     3589     4338     5299     6884     9422    12780    18066    24930    24791    17797    12348     9126     6757     5463     4333     3509     3023     2445
     2090     1884     1611     1392     1177     1096      987      851      774      641      644      560      498      488      450      355      334      324      288      261
      275      245      210      215      165      172      181      153      157      126      118      114      107       98      107       75      101       79       73       72
       89       83       75       82       73       96       99      100      117      124      128      129      151      163      165      174      176      213      236      293
      258      279      338      345      385      416      522      483      569      630      684      728      872      972     1083     1276     1441     1664     1861     2139
     2638     3055     3673     4523     5648     7311    10245    15042    24688    58284    57899    23988    14222    10161     7443     5744     4411     3774     2991     2527
     2206     1803     1612     1397     1201     1027      922      862      745      715      663      584      480      484      389      407      406      337      255      258
      228      242      226      190      180      186      159      155      139      128      139      137      108      112       72       86       93       89       82       58
       82       78       88       84       82      110       93      111      117      120      120      133      147      154      174      198      173      244      234      256
      271      312      336      357      384      411      447      525      571      608      740      712      832      958     1132     1222     1357     1535     1897     2222
     2552     3039     3667     4466     5748     7373    10028    14739    24941    58464    55434    23765    14292     9946     7321     5585     4552     3563     2970     2518
     2074     1863     1555     1460     1222     1110      952      881      765      711      633      541      540      492      427      373      344      319      327      261
      239      248      234      200      198      189      156      165      138      125      123      112       90       89       89       93       90       65       70       70
       74       70       94       76      100       99      103       98      117      112      128      134      148      159      179      182      201      221      227      258
      246      294      316      369      352      445      441      510      532      641      708      771      889      953     1059     1171     1417     1597     1826     2160
     2573     3011     3590     4454     5556     7272     9241    12717    18459    25481    25047    18101    12650     9107     6892     5342     4435     3498     2978     2430
     2073     1776     1555     1476     1251     1089      969      909      776      702      641      592      485      478      436      400      383      330      293      279
      255      245      229      194      202      171      179      166      152      114      117      133      111      111      108       82       88       93       79       73
       83       88      101       62       97      107      106      103      113      107      132      155      155      146      177      189      212      183      261      262
      286      321      331      352      412      476      479      507      544      600      690      778      824      932     1090     1161     1428     1517     1830     2036
     2451     2847     3314     4049     4963     6193     8017    10354    13150    15205    15140    12983    10235     7835     6238     5122     4022     3454     2866     2419
     2114     1809     1578     1417     1194     1060      977      852      753      707      651      548      547      457      419      389      343      328      312      291
      275      235      223      205      192      173      178      153      160      134      137      103      113      108       93       97       83       75       77       66
       73       70       73       77       98       75       91      113      111      108      107      139      128      141      184      172      181      196      241      249
      235      297      325      347      387      427      458      527      539      644      653      768      831      926     1023     1147     1390     1446     1756     1950
     2354     2731     3257     3956     4558     5606     6759     8247     9685    10402    10381     9625     8115     6640     5495     4408     3715     3232     2731     2284
     2015     1768     1571     1332     1211     1074      952      820      718      689      597      557      521      459      405      433      362      334      299      240
      234      234      195      193      174      188      169      157      121      105      137      117      105       98       99       84       73       82       62       64
       73       77       79       91       90      102       96       97       98      128      127      129      144      157      180      166      212      225      213      249
      281      255      345      353      348      447      468      494      545      597      661      728      822      878      965     1151     1287     1497     1654     1856
     2162     2558     3015     3466     4211     4893     5570     6460     7245     7633     7823     7206     6378     5641     4758     4002     3547     2874     2630     2134
     1936     1648     1469     1328     1047     1027      849      813      703      677      590      572      541      440      365      425      366      312      278      272
      242      252      249      177      160      178      142      127      161      131      113      117      132      104       91      108       92       76       82       75
       70       87      101       85      104       70       92       92      103      104      143      127      140      156      178      187      215      229      227      234
      266      302      324      355      386      405      462      504      522      601      672      710      772      839      984     1119     1226     1434     1630     1883
     2032     2370     2820     3205     3640     4109     4804     5416     5718     5819     5863     5668     5442     4595     4104     3556     3063     2816     2448     2046
     1768     1532     1326     1300     1084      955      844      773      729      628      617      531      486      467      461      373      315      343      314      250
      238      228      210      193      177      185      134      168      144      117      113      124      107       92       89      101       76       60       78       59
       74       77       76       90       79      107       85       87      110      121      123      146      175      142      160      186      214      229      213      240
      279      297      305      331      367      409      439      472      499      577      649      714      773      947      962     1062     1210     1326     1479     1661
     1921     2256     2450     2781     3133     3601     3962     4300     4619     4781     4784     4463     4353     3993     3574     3101     2782     2480     2176     1848
     1688     1440     1308     1157     1070      989      830      768      676      615      582      486      487      421      398      380      334      321      264      267
      253      239      164      184      157      163      181      135      142      140      110      126      115      103       94       89       74       77       73       77
       64       73       81       82       91       86       92      103      126      119      118      132      144      160      175      190      185      199      235      235
      249      263      274      349      344      397      451      466      526      582      600      648      744      821      919      987     1149     1295     1495     1540
     1749     2028     2175     2566     2928     3083     3431     3583     3834     3831     3854     3802     3596     3314     3048     2769     2487     2261     2015     1841
     1562     1355     1315     1208     1007      902      863      781      679      634      515      517      499      424      350      398      299      318      287      249
      232      203      205      188      151      147      148      160      146      122      101      114       99      107      108       91       85       74       61       71
       88       90       68       91       99       90       91      105      122      122      125      115      158      166      152      169      194      187      221      226
      251      267      308      308      357      395      418      436      474      564      573      637      732      828      851      957     1004     1147     1329     1433
     1785     1842     1965     2302     2418     2678     2943     3068     3175     3219     3074     3039     3149     2766     2684     2538     2202     1981     1818     1635
     1465     1341     1129     1060      951      900      756      716      677      615      544      500      467      410      395      347      347      294      259      262
      234      226      201      191      162      141      165      154      131      152      133      120      117      105       84       91       88       73       67       72
       62       70       76       89       90       74       90      103      113      110      138      137      130      152      161      157      156      210      215      230
      256      254      279      313      331      350      428      402      481      525      592      652      704      769      842      882     1007     1098     1202     1327
     1531     1657     1914     2059     2080     2376     2434     2660     2743     2765     2757     2672     2524     2428     2363     2170     1985     1859     1630     1469
     1397     1177     1084     1033      921      801      724      688      566      536      505      494      473      361      369      309      297      304      268      243
      235      218      188      180      151      166      144      138      138      130      130      115      101      115       95       68      101      100       81       65
       49       78       64       87       85       92       96      115      100      123      108      128      131      145      145      149      203      187      200      234
      236      252      276      289      315      366      361      430      487      524      532      558      635      670      818      803      937     1051     1137     1166
     1430     1467     1636     1764     1905     2097     2163     2273     2277     2324     2377     2360     2265     2050     2104     1840     1690     1649     1434     1369
     1220     1142      972      889      854      792      707      619      602      583      476      456      444      385      352      319      314      272      260      282
      255      210      173      170      137      177      163      136      139      121      132      101      106       74       88       99       90       70       96       66
       65       61       70       78       75       87       99      101      109      113      110      130      160      146      155      157      189      200      199      245
      262      259      282      292      338      348      440      415      481      487      537      594      622      708      726      838      918      997     1061     1122
     1235     1351     1480     1535     1664     1804     1896     1980     1912     2076     2055     2027     1936     1799     1837     1661     1632     1476     1408     1194
     1134      962      987      904      844      716      668      651      547      563      501      434      415      384      332      345      311      243      268      245
      215      193      188      172      163      147      133      147      132      131      127      129      107       90      110       88       67       78       56       61
       72       78       90       88       84       93       95      102      100      117      140      135      149      162      156      160      169      171      193      189
      234      249      254      284      291      343      361      410      460      486      467      540      594      649      743      760      881      962      991     1101
     1173     1222     1252     1389     1438     1513     1704     1706     1761     1774     1735     1744     1694     1605     1581     1516     1364     1316     1219     1084
      974      939      825      815      756      647      668      556      567      456      433      410      423      351      332      321      294      254      279      240
      218      222      188      206      192      143      141      123      118      122      126       99       93       93       94       88       79       73       65       66
       63       64       50       61       77       91      114      104      105      101      122      122      130      150      152      159      179      190      211      203
      225      232      215      272      314      280      370      390      407      412      433      463      539      571      605      669      748      867      928     1027
     1060     1053     1185     1228     1305     1398     1556     1458     1550     1511     1602     1510     1489     1477     1410     1309     1296     1220     1078     1054
      994      923      785      771      691      686      611      534      512      484      428      407      366      337      303      311      267      223      279      219
      199      191      177      176      151      158      132      122      125      121      128      115      105      112       92       85       69       71       63       54
       56       78       82       71       65      100       87       93      134      111      115       94      130      163      146      159      155      164      170      209
      223      234      247      271      286      298      328      332      399      420      438      521      506      570      628      691      687      733      731      912
      932      991     1081     1092     1160     1272     1308     1280     1304     1364     1327     1280     1283     1312     1223     1152     1066     1108      973      935
      913      838      796      681      652      580      587      537      464      433      416      441      374      377      299      275      307      264      248      199
      215      183      184      151      153      158      136      130      127      126       93       95       91       84       92       74       92       66       84       65
       54       59       77       84       76       89      102      110       88       94      107      133      139      129      140      155      154      149      177      196
      183      264      244      277      285      256      317      329      371      397      418      455      496      532      547      659      676      692      737      808
      902      931      925      990     1096     1139     1121     1207     1199     1220     1157     1264     1227     1113     1105     1023     1002      903      857      843
      785      781      679      650      640      568      498      470      468      440      380      353      345      319      300      311      243      240      232      203
      192      205      158      166      166      150      130      124      133      122      107       97       97       81       85       82       85       60       67       65
       80       60       74       81       53       90      100       84       98       84      119      103      107      124      119      144      154      170      187      205
      201      229      249      271      269      266      325      337      364      388      426      463      470      531      565      601      620      631      679      771
      785      808      907      944      980      999     1032      971     1075     1051     1060     1048     1024      960     1025      860      916      917      802      757
      776      680      679      619      546      563      511      461      388      411      372      375      316      271      294      290      235      209      213      195
      189      212      167      158      121      134      150      108      108      101       94      111       88       97       96       74       73       71       72       59
       59       69       86       60       72       78       80       98       70       88       87      129      127      119      146      125      144      159      176      184
      220      197      250      248      259      299      283      314      348      388      392      400      414      485      520      504      572      586      625      624
      738      758      807      838      887      928      938      963      977     1013      909      940      945      916      880      857      835      776      826      714
      715      623      635      522      502      508      484      509      400      370      377      298      336      288      253      270      235      208      225      180
      172      203      154      132      128      114      122      120      120       94       96       94       88       73       69       89       61       58       83       68
       61       52       50       76       62       66       84       82       97      101      101      121      126      128      143      130      170      163      201      132
      177      193      230      227      256      264      278      311      325      358      361      362      406      464      485      535      528      567      593      599
      649      690      693      737      770      842      814      800      846      884      844      865      806      873      821      748      758      672      698      692
      608      594      536      536      529      468      471      428      370      393      388      296      281      287      250      242      238      215      213      180
      177      176      158      141      127      136      113      131      112      102      111      111       78       76       76       61       77       73       68       69
       50       64       62       81       80       79       70       72       84       96      104       84      124      133      118      131      130      168      163      161
      193      191      223      248      252      246      270      282      293      350      333      388      434      402      462      448      458      483      547      528
      619      610      647      700      689      663      817      816      740      789      752      757      690      715      788      702      693      682      586      630
      571      541      563      485      460      439      374      407      369      310      323      305      295      261      233      240      227      225      206      199
      160      172      152      137      144      132      137      114       93      107       97       70      103       86       75       73       67       83       77       61
       64       52       73       67       77       69       83       90       88      101       95      106      120      104      126      144      146      137      173      170
      162      200      211      215      228      207      240      272      300      337      334      330      338      357      421      446      436      493      507      526
      523      582      633      575      654      673      696      664      664      662      724      696      647      701      704      626      629      594      606      565
      522      519      484      481      398      410      406      384      317      296      297      266      276      270      243      218      227      217      179      151
      190      153      175      149      141      126      134      112      113      109       89       94       79       80       76       76       63       67       63       65
       69       54       56       55       64       74       91       87       74      100       87       92      120      117      114      123      129      152      143      142
      167      179      172      212      206      232      245      255      283      281      320      330      378      353      330      401      454      416      450      492
      526      508      554      626      604      625      640      616      632      626      584      623      642      636      604      551      553      549      508      493
      489      472      463      418      375      398      361      383      315      292      261      305      274      248      238      221      199      173      195      173
      169      154      130      121      154      108      116       84       97       95       98       89       96       84       80       63       69       70       64       59
       63       62       54       64       71       76       75       77       95       83       82      101      102      102      116      109      125      155      153      153
      172      161      178      195      214      204      251      244      291      275      311      331      310      355      325      391      387      430      447      465
      463      506      526      577      518      542      503      583      572      641      556      581      552      564      558      517      528      530      503      479
      480      463      390      382      342      378      355      314      330      285      261      273      233      224      214      201      206      187      180      151
      147      142      140      158      129      109      119      103      106       99      104       65       78       84       59       56       69       73       56       46
       49       45       64       63       72       86       75       81       89       78       90      103      128      114       90      126      143      117      136      184
      163      160      176      195      194      197      228      238      261      252      271      290      286      320      312      348      392      395      452      406
      425      423      469      506      488      489      542      532      477      514      510      527      501      476      490      466      503      454      417      493
      404      381      374      382      337      327      303      317      272      265      235      237      245      191      226      168      178      183      153      121
      142      143      133      131      126      137      111       93       97       81       87       77       90       76       63       74       68       72       60       54
       45       61       73       62       58       66       85       62       90       86       66      100       95      113      105      111      106      133      122      160
      151      125      153      182      204      213      220      218      232      235      278      277      301      292      313      312      331      364      334      388
      417      414      452      428      406      429      496      463      466      479      471      474      475      465      466      436      449      410      414      419
      359      371      377      356      316      304      298      249      279      288      223      234      208      216      186      173      212      172      142      152
      129      137      132      135      129      119       86      100      102       89       78       84       85       65       62       55       40       62       65       53
       50       54       64       67       76       78       64       91       89       92       90       81       88       87       91      145      116      129      128      144
      135      167      150      177      187      183      177      215      217      224      284      237      274      264      289      351      340      318      352      339
      359      362      395      454      427      406      445      458      466      447      454      420      407      397      459      404      347      375      383      389
      351      411      305      318      318      305      260      296      279      242      227      246      225      203      181      181      166      164      171      129
      143      126      102      122      112      114      113       89       92       83       70       72       70       76       64       64       57       51       57       49
       60       59       58       69       62       65       80       85       74       81       75       89       84      120       80      117      126      118      137      128
      140      164      153      154      157      182      181      217      212      206      232      230      256      265      267      281      278      290      323      332
      281      383      343      389      379      373      370      369      371      408      368      402      421      428      410      383      388      362      357      336
      299      333      299      326      281      298      283      244      239      228      203      236      202      172      193      148      166      172      136      145
      109      122      117      115      116      109       92      100       83       87       69       74       78       66       66       56       78       63       40       55
       43       53       43       57       77       66       72       66       79       60       78       78       75       91      114       78      112      113      124      118
      145      149      145      157      181      182      167      186      208      226      209      215      225      228      258      266      308      305      279      334
      322      324      337      331      329      329      363      414      337      373      370      395      359      348      365      343      345      310      319      334
      295      296      319      255      259      258      247      271      207      203      199      197      195      167      172      163      132      138      149      154
      130      115      108      100      108       98       88       83       86       84       80       73       72       69       65       44       59       60       53       45
       47       51       52       55       56       50       50       71       81       52       74       76       90      110       95      117      103      118      121      123
      120      124      157      175      147      174      158      193      196      198      210      231      215      230      264      267      275      233      268      327
      289      305      317      305      323      346      321      335      342      337      333      328      338      330      305      312      314      320      305      300
      284      274      268      274      300      255      243      233      215      224      169      166      171      155      142      135      153      134      141      146
      110      115      111      106      106      110      111      103       93       82       74       63       67       75       58       62       53       55       70       44
       42       49       51       63       52       59       64       62       58       69       69       96       88       74       99       75      110      126      116      114
      114      128      139      140      133      159      174      181      187      185      184      215      173      238      232      236      247      227      254      266
      278      282      262      296      305      340      303      312      310      322      316      280      335      307      290      309      278      312      288      276
      264      262      266      230      262      241      230      189      193      177      162      180      156      165      137      164      132      142      118      106
      110       96      107      105      110      104       74       96      100       77       60       70       71       68       85       64       64       52       39       46
       45       51       61       68       46       49       67       61       74       83       79       84       83       86       76      109       97      114       96      116
      118      128      126      143      163      147      140      154      148      170      202      206      185      204      222      236      230      247      240      272
      288      262      285      232      300      295      289      284      258      299      299      298      307      303      304      281      248      270      275      243
      251      248      233      215      209      218      206      206      171      179      168      172      155      152      152      162      136      116      116       90
      123       99      108       94       82       78      100       89       80       87       71       60       55       65       59       59       48       42       40       46
       49       46       52       57       51       47       53       62       66       69       68       80       82       61       74       89      107      102       87      139
       97      115      131      134      127      162      132      166      173      180      162      184      198      202      175      214      222      233      255      228
      266      239      270      281      258      251      261      256      292      271      236      276      266      259      267      268      252      262      241      238
      247      233      202      201      196      207      218      192      184      172      172      188      162      132      142      152      123      115      129      103
      105       92      109       88       68       80       81       73       82       87       65       66       65       56       57       52       57       48       44       38
       38       47       52       42       60       42       55       61       59       52       67       78       73       85       79       81      102       84      105       79
      116      130      103      107      132      151      158      163      159      161      156      185      183      195      195      191      201      200      214      212
      220      206      258      252      261      251      241      219      239      241      249      222      256      264      201      233      240      237      200      212
      239      217      190      211      199      204      162      183      163      164      183      171      149      126      126      128      128      109      109       98
       89       90       84      102       87       74       80       78       61       79       78       85       52       62       70       62       31       57       42       49
       53       57       47       50       49       56       64       51       66       53       79       70       65       62       80       79       74       83       90      119
       99      115      111      120      132      120      136      143      123      161      154      154      166      180      177      204      167      185      197      207
      217      187      224      201      211      247      249      202      238      234      237      255      229      214      221      203      213      182      188      207
      200      189      175      206      177      194      198      186      149      150      156      148      115      132      134      115      115       96      103       98
       99      103       83       95       69       72       91       62       63       73       59       52       60       64       50       59       52       51       51       41
       40       56       41       51       65       53       53       64       57       65       71       87       59       67       67       91       83       69       86      101
       98      110       97      128      111       97      110      134      127      138      142      180      142      179      157      151      192      169      183      198
      191      188      186      208      190      242      226      206      212      225      214      209      192      200      238      218      200      225      187      147
      187      190      191      176      157      178      174      171      165      135      148      122      139      135      114      114      107      124      111       92
       82       87       99       85       74       73       63       69       77       68       55       59       46       54       69       51       49       43       41       46
       43       56       46       52       52       44       45       41       55       61       73       74       63       58       67       67       68       72       83       81
       79      105       90      100      131      111      127      137      128      157      130      152      141      158      143      163      146      164      173      154
      178      192      184      205      202      186      192      191      215      198      187      179      195      184      180      194      183      172      190      174
      173      156      176      169      148      148      151      155      134      145      143      124      126      111      113      110      110      114       94       97
       85       73       74       85       64       60       56       70       68       60       53       47       54       48       62       51       49       48       38       48
       37       42       49       49       45       60       42       54       46       63       66       55       65       62       71       68       87       76       92       90
       71       90       92       96       97      109      127      127      123      117      129      125      157      117      154      152      163      149      152      164
      201      145      148      196      188      192      208      191      183      205      198      209      189      186      201      176      180      188      182      153
      198      163      153      150      155      136      137      125      121      111      123      130       99       94      120      104      114      105       94       80
       78       88       83       71       88       72       65       66       63       59       55       47       54       45       65       49       50       36       54       38
       44       38       33       50       45       40       48       76       67       63       66       56       64       72       77       88       67       70       86       79
       70       88       78       86       94      108       91      106      134      125      113      121      128      140      145      132      155      139      152      175
      157      146      146      172      168      187      185      181      176      179      157      161      178      168      166      164      159      170      132      167
      139      139      130      146      136      110      136      136      123      114      118      104      125      101       99       92       97      100       81       92
       79       90       81       70       83       68       63       67       67       58       48       55       41       54       53       39       45       51       32       35
       31       43       42       33       45       39       48       51       51       45       57       61       60       75       57       61       68       87       84       68
       88       84       91       91       97       96      106      120      112      108      128      112      129      115      135      122      151      125      148      145
      141      143      141      157      171      146      188      171      150      165      148      163      157      155      162      153      166      155      179      146
      158      133      144      159      136      122      116      105      111      103      117      109      103      100       97       99       81       86       99       83
       81       87       68       80       66       65       75       59       53       53       60       63       60       56       46       39       40       51       49       37
       39       37       34       46       60       49       34       51       47       37       65       43       63       56       80       69       79       79       74       69
       81       77       76       93       96      110       98       95      100      110      130      116      121       97      109      140      119      159      158      129
      139      137      133      150      136      164      160      149      150      155      143      161      159      149      140      163      149      134      130      143
      136      128      130      163      125      133      117      123      106       98       97       90       94       96       82       99       84      107      105       80
       86       71       82       68       63       73       62       43       58       64       52       46       57       45       52       31       41       35       36       45
       42       48       34       48       49       45       38       46       31       51       55       45       54       50       60       46       74       74       80       69
       64       79       80       92       70       88      114       88       76      106      117      105      125       97      111      121      138      123      116      142
      135      106      156      143      139      147      137      164      140      142      137      149      140      180      139      149      141      146      129      137
      126      131      107      110      107       95      114      133      113      111       76       87       96       98       77       78       87       72       74       62
       64       56       65       69       61       56       53       53       60       62       45       40       53       47       49       43       36       32       45       32
       37       40       42       47       49       39       47       48       50       54       69       43       60       62       70       49       62       71       70       63
       79       83       89       55       82       81       80       84       84       98      110      100       92       85      111      110      119      122      107      114
      100      141      124      123      136       94      107      143      130      126      128      151      122      132      125      122      155      112      105      126
      114      126      100      105       97      102       89       99       79      103       93      103       83       86       88       83       86       78       79       80
       76       54       62       68       56       49       53       42       55       51       44       43       43       37       38       32       33       32       39       28
       36       32       45       40       48       34       46       46       35       50       61       62       56       40       53       65       70       73       54       74
       76       67       69       81       72       70       84       87       89       91       98      119       84       99       99       91      101      118       90      122
      117      118      113       99      125      142      115      138      124      129      125      145      132      124       98      118      117      113      118      125
      115      103      108      100       94      108       99       91       93       83       76       93       88       83       76       88       73       68       84       87
       63       63       68       60       62       54       47       56       54       56       49       41       60       43       53       39       32       32       44       40
       32       36       35       31       32       40       41       31       38       34       62       45       55       57       41       43       61       55       69       53
       65       63       79       77       98       74       77       96       82       86       90       97       79      103      121       76       81      102      111       96
       99      112      121       99      109      107      112      103      112       98      110      124      106      129      121      109      105       99      111      108
      116       97       96      114      110       76       90       83       80       88       98      109       92       69       64       74       72       75       70       77
       80       63       80       74       62       51       61       53       30       32       50       34       45       24       34       42       36       38       32       44
       31       26       31       36       39       39       43       52       43       38       40       46       46       37       48       57       79       61       50       53
       62       64       85       59       60       72       73       81       73       74       96       93       97       75      111      108       86      109       99       96
      103       95      100      106       94      111      128      109      119      120      102       92      116      111      139      105      119       91      103       99
       91      115       95       96       92       89       98       92       87      107       87       83       71       82       63       64       71       69       61       81
       60       55       68       60       51       41       40       53       31       39       41       35       41       36       40       38       38       35       30       29
       31       38       28       34       27       35       40       32       39       50       62       40       38       56       49       52       41       56       49       56
       67       56       63       65       52       91       69       55       88       80       81       76       81       86       88       92       93       90      115       91
       95       96       90      105       96       91      106      105       98      136      133      110      112       90      107      104      112       83       95       97
       97      101       83       77       91       86       82       70       87       87       76       80       70       76       51       71       66       72       65       55
       68       62       61       57       41       41       54       48       38       48       34       38       52       42       36       41       48       41       19       41
       23       23       24       48       34       26       31       34       41       48       40       48       48       61       47       41       59       48       58       65
       62       59       64       62       67       56       66       77       80       80       68       83       89       90       94       63       85       99       85       87
      105      103       79      103       91       91      106       92      102      120       86      100      109      101      113      105       89      113      110       95
       82       96       76       76       88       88       96       82       71       79       71       66       70       62       66       69       58       61       76       56
       49       52       55       67       38       52       51       50       62       44       29       32       45       38       31       22       33       35       27       24
       35       26       29       31       34       29       44       42       43       28       49       35       44       40       36       45       54       42       52       61
       49       63       54       70       60       62       77       67       56       64       76       69       64       70       89       96       98       76       67       85
      108       82       84       94       97       69       86       83      100       79       92       86      100       84      103       97       90       76      104       92
      105       76       79       85       76       75       75       86       89       60       67       53       49       57       66       60       69       62       55       56
       47       52       47       49       47       41       29       43       44       47       42       46       37       42       27       27       31       39       35       20
       30       23       32       23       40       37       25       35       39       44       41       41       48       32       55       47       56       45       58       57
       50       47       54       63       75       82       69       53       68       58       71       52       59       82       79       70       86       82       97       72
       68       72       78       78       85       76       81       75       97       79      108       81       73       91      100       86       94       86       90       72
       70       86       63       68      104       66       89       78       65       85       60       66       63       61       69       62       56       48       49       64
       56       39       47       49       43       42       41       42       42       43       33       40       39       37       29       30       25       38       25       43
       28       28       26       36       25       31       24       23       24       38       39       49       37       41       38       56       43       49       44       46
       39       64       67       46       49       63       53       70       59       65       75       67       68       76       68       62       81       67       77       81
       76       86       83       99       91       70       77       78       91       88       92       87       75       79       82       66       85       90       80       84
       62       86       70       74       81       69       67       69       74       61       49       60       63       60       44       73       47       62       58       48
       54       35       48       51       45       38       43       51       42       40       29       31       33       39       38       28       24       23       27       26
