       29       42       29       31       28       45       33       32       41       38       42       50       40       47       42       42       49       40       43       51
       47       52       66       61       59       52       62       66       67       61       62       62       58       88       59       72       82       81       86       69
       87       87       81       95       76       95       89       82       92      104       84       99       86       96       99       71       75       84       81       56
       66       72       94       71       73       78       68       83       73       64       56       54       86       59       55       59       55       50       47       49
       61       49       50       50       41       31       53       44       37       51       39       36       45       31       43       21       32       31       35       27
       33       24       27       34       33       41       28       39       29       43       46       46       42       35       35       51       67       47       51       56
       53       58       52       58       65       63       62       51       72       69       87       69       74       59       66       72       73       86       92       97
       81       90       78       78       93       74      103      116       97       89      106       85      102       82       79       83       86       89       90       99
       73       85       80       78       78       79       79       80       91       75       69       64       59       61       55       58       55       49       60       54
       52       60       54       61       53       54       50       51       45       45       40       49       45       32       34       51       34       46       33       28
       30       29       27       42       36       34       39       38       34       40       54       49       52       54       48       45       51       56       44       69
       66       47       57       75       67       69       51       64       70       61       64       71       69       75       78       89       79       86       91       78
       78      106       95       86       94      116       97       79      103       81       90      107      106       99       92       94       87       84       93      107
       94       86      100       81       86       64       81       80       96      107       83       70       57       64       62       68       73       62       68       55
       72       60       52       50       54       49       43       42       54       43       46       37       37       33       42       42       35       38       34       33
       40       50       32       29       43       40       44       38       38       41       38       30       45       54       38       54       56       52       72       54
       35       68       59       61       66       75       76      108       84       77       70       83       76       63       77       78       95       92      106       76
      109      100       91       95      105       91       99      105      116      100       99       99      109      109      101       94       93       90      101      100
       99      103       90       80       78       92       89       86       71       64       74       60       70       72       68       84       61       69       62       67
       57       55       63       57       47       44       44       45       54       48       33       42       31       40       34       37       37       41       29       32
       32       34       40       31       26       52       36       42       47       45       42       56       41       51       52       45       41       56       48       62
       86       51       66       73       62       69       79       91       79       63       82       83      100       82       82       83       94      103       88      109
      101       96       95      118      126      101      112      110      103      106      129      113       98      103      107      107      117       93      109       90
      111       99       72       99       77       95       88       82       94       74       92       83       75       87       86       69       69       54       55       73
       71       49       65       65       44       43       58       54       40       58       49       40       30       48       44       35       36       24       34       39
       44       32       40       39       52       51       37       50       45       46       39       34       36       44       53       77       53       59       54       63
       56       73       63       70       66       66       68       84       88       84       96       98       87      101      109       91       99       97      106      116
       92       94      110      125      120      109      108      109      109      102      106      118       96      125       84      116       85       93      109      138
      109      119      106       97      103       89       89      102       71       93       85       81       88       86       80       84       96       73       73       54
       82       58       62       49       61       64       59       59       50       57       47       49       47       45       38       40       36       42       46       25
       39       35       25       41       55       44       45       50       41       52       46       49       53       51       68       70       53       56       59       59
       68       75       69       62       69       90       74       62       92       83       92       95       94      101       95      106      118      120      138      107
       97      118      119      128      113      134      126      115      120       98      122      119      118      123      116      113      109      106      106      101
      112      110      130      101       99      115      102      122      116       84      116       78       74       75       78       86       84       77       79       79
       73       56       61       49       55       76       53       73       40       55       37       43       48       40       39       35       36       38       30       28
       35       30       32       46       53       64       38       37       39       46       46       50       48       61       70       70       56       61       80       66
       82       77       82       76       74       82       93      104       89       94      103       83       95      101      102      116      116      115      110      124
      106      110      114      140      117      116      149      132      135      110      124      117      145      129      131      137      131      140      133      119
      117      113      126      103      109       90      108       97       85      107      101      101       86       94       88       80       86       67       85       79
       68       59       66       77       61       63       46       52       57       52       51       45       44       32       43       43       37       40       36       30
       50       46       48       46       51       36       45       49       37       52       57       60       56       64       63       50       63       66       79       68
       61       73       73       89       93       67       95       83       96       96      115      123      126       98       96      127      109      113      116      125
      124      123      129      130      175      159      136      113      146      145      142      120      140      134      132      153      139      132      134      115
      132      110      125      111      116      108      107      115      102      113      106       82       82       82       99       89       70       87       77       73
       74       71       60       59       67       60       64       56       59       41       48       49       43       57       49       45       40       33       36       34
       39       43       30       40       52       52       54       44       56       53       56       51       56       87       56       63       69       71       80       78
       80       70       80      100      101       95      103      112      108      106      109      122      129      117      126      117      129      132      130      132
      143      141      137      138      161      150      144      157      150      151      147      145      157      132      121      136      132      132      151      125
      157      107      122      134       99      127       98      131      107      109      109      103      102       79       85       92       80       84       88       80
       76       76       55       67       61       56       71       63       54       62       55       61       57       32       44       53       35       35       29       31
       43       43       38       38       38       47       56       54       45       50       49       59       68       68       69       68       68       69       56       87
       91       82       99       84       94      107       87       71      104      108      114      134      116      150      132      113      123      137      132      141
      122      133      143      203      151      165      143      159      181      163      160      159      117      153      138      162      148      161      141      159
      147      121      119      124      133      131      143      118      112      115      131      100      107       94       88       89       79      103       93       97
       82       82       71       72       76       59       72       74       46       50       49       45       52       44       41       44       46       39       44       43
       36       32       48       57       36       49       61       53       36       50       66       62       71       88       60       69       83       72       71       94
       94       90       77      106       86       94      105      120      132      104      117      130      140      133      111      129      144      151      143      181
      134      172      157      172      158      169      167      186      180      145      186      172      153      166      160      137      151      141      142      140
      168      151      153      142      138      134      134      139      148      117      104      112      104      116       99       90       97       62       77       82
       74      100       84       82       55       53       65       52       71       67       53       45       55       51       43       59       51       41       31       26
       43       48       48       43       42       42       66       49       64       62       64       65       62       62       74       78       95       74      109       83
      104      105       73      116      110      117      115      122      114      118      114      139      138      128      140      154      152      163      152      145
      154      177      165      162      184      201      190      184      176      178      200      179      184      162      165      198      189      174      175      163
      193      153      147      139      136      178      147      124      134      122      137      120      118      118       99      113      110      107       89       83
       83       93       78       88       86       71       70       69       59       47       59       51       61       55       55       47       61       43       41       39
       45       50       48       50       55       57       54       52       51       52       71       72       78       62       74       88       77       78       90       87
       88      115       96      110       99      123      128      135      116      149      129      127      148      125      167      151      156      157      177      183
      169      172      164      169      190      185      181      171      199      175      181      198      190      224      199      170      177      174      184      157
      168      156      189      152      148      150      131      143      149      148      110      132      123      109      121      112       98       84      102       93
      100       71       82       85       66       57       76       59       86       75       56       54       63       51       51       50       39       51       47       50
       40       54       43       58       54       52       48       66       66       68       73       70       74       86       68       90       95       79       89      105
      101       94       92      103      119      115      138      113      145      147      137      146      164      164      165      164      149      185      198      178
      175      199      214      203      210      180      170      197      203      219      199      215      224      202      192      194      158      201      191      172
      164      202      181      159      161      169      158      188      154      150      150      152      130      136      107      116       97       95      117       86
       80       77       95       76       64       77       77       57       64       75       57       64       56       60       51       60       55       60       42       29
       36       57       40       43       46       59       52       71       64       62       70       74       71       66       79       83       70       80       91      108
      108      120       96      114      122       99      134      105      168      126      140      153      176      155      170      169      160      198      188      180
      199      223      209      233      209      197      233      229      236      227      225      223      194      210      232      213      220      218      229      221
      217      194      170      197      180      193      172      160      169      135      137      131      142      134      125      132      132      105       86       98
      110       89      109       94       87      100       83       70       77       70       64       59       59       55       72       53       57       39       40       37
       54       45       56       45       58       54       57       69       67       67       76       76       70       83       72       86       83       88       95      106
      123      109      116      131      138      123      149      143      154      156      192      165      151      177      187      207      185      226      211      199
      200      240      226      210      201      251      246      219      237      230      233      240      237      238      211      216      230      199      221      203
      208      209      197      184      162      208      186      181      185      140      163      145      141      147      122      121      123      101      103      101
      115      110       85       79       97       86       75       84       77       95       57       65       74       78       59       73       54       37       55       41
       56       62       65       57       67       55       72       74       71       82       68       84       71       73       78       93       79       88       87       99
      118      111      103      118      145      112      139      155      143      152      185      160      159      200      190      199      255      220      202      243
      281      216      228      253      252      223      235      229      269      230      257      253      264      229      255      230      254      231      249      231
      238      248      205      193      219      205      186      179      173      132      159      147      143      146      135      143      118      114      108      103
      127       96      106       88       91       90       84       86       83       65       65       68       85       61       65       66       61       42       51       42
       51       66       55       62       49       48       68       63       63       87       77       79       66       96       99       84      102      101      103      133
      141       97      134      137      125      130      138      161      159      152      177      171      195      215      179      213      203      213      221      235
      205      233      279      291      242      270      289      262      301      296      263      275      272      279      227      267      302      235      241      259
      245      232      220      232      211      224      190      212      175      177      188      169      157      154      179      137      138      123      131      107
      108       99      120      103      107       72      102       95       91       64       58       67       74       52       58       65       63       52       42       55
       55       56       44       74       59       62       62       96       88       86       76       87       99       91       80      125      109      104       95      101
      123      134      152      148      157      151      171      157      184      182      159      228      230      224      211      217      231      267      253      281
      257      270      278      273      292      298      269      302      274      317      265      326      330      318      278      295      291      255      258      254
      253      246      233      234      228      249      212      199      218      231      185      172      193      160      159      149      139      136      148      128
      127      139      100      109       89       80      108       70       76       80       69       73       82       61       68       61       67       62       48       45
       67       58       44       60       51       59       82       82       73       63       86       70       90       88       95       91       91      111      119      118
      116      143      148      128      134      153      184      168      191      220      208      209      238      234      203      228      277      275      292      275
      271      306      328      274      311      323      307      309      327      326      332      313      321      305      302      298      314      311      294      281
      272      254      267      283      252      216      206      238      205      181      188      215      165      182      157      164      153      146      142      100
      109      102      110       87       90      101       95       76       85       77       69       73       67       64       44       66       54       68       51       47
       54       50       53       61       76       56       76       78       73       69       80       92      106       93       97       97      106      123      125      117
      119      122      153      149      151      176      172      194      198      221      200      196      242      241      270      235      220      294      321      291
      317      309      326      331      313      326      360      388      347      359      390      333      340      366      363      350      326      300      316      298
      302      297      273      282      225      262      254      224      225      219      207      219      192      155      153      172      155      145      130      113
      107      100      106      107      109      106       91       81       91       91       71       99       71       71       58       61       77       61       54       61
       58       58       53       56       65       61       76       77       91       96       95       84       97      103      112      108      107      122      131      116
      143      128      146      149      169      202      200      212      212      192      229      241      257      261      250      258      297      291      279      306
      340      289      352      376      389      400      383      375      370      374      389      368      355      393      362      391      361      351      351      332
      302      336      316      321      309      267      239      259      221      248      208      217      196      185      180      190      159      167      137      142
      123      136      112      140      130      102       99       85       86       74       77       84       88       67       77       55       62       56       55       39
       52       58       57       70       68       70       74       61       91       75      114       83      110       91      106      101      123      118      134      146
      145      137      171      158      158      190      167      214      210      221      236      262      240      266      310      303      297      342      303      338
      332      346      340      389      384      394      386      400      417      426      437      416      420      440      441      382      400      362      348      338
      362      356      337      312      292      307      261      276      254      260      200      198      213      207      209      176      166      170      146      162
      157      137      128      118      110      110       84      106       95       97       79       71       61       80       85       61       59       56       50       52
       45       56       59       80       87       76       80       82       73       90       81      107      108      102      122      113      115      130      133      153
      128      154      182      196      179      196      197      211      223      241      246      257      278      298      340      305      335      340      368      342
      368      366      436      427      417      443      424      414      418      464      447      427      464      406      404      461      427      362      391      387
      392      342      322      345      340      294      308      311      288      256      229      228      208      202      221      196      174      174      158      166
      154      122      117      115      107      115      117      103       83       76       84       79       81       60       66       60       60       64       37       68
       63       56       71       56       69       73       66       70       85       98       88      120      125      109      114      113      134      143      138      167
      156      173      194      191      191      225      209      240      211      233      288      267      306      329      317      328      360      365      380      437
      418      415      467      448      483      479      542      503      491      500      504      511      500      469      484      450      465      424      446      431
      380      408      366      351      324      332      337      302      274      294      272      251      222      234      197      209      206      204      190      165
      116      140      142      127      128      104      112      111      108       86       86       86       73       66       64       71       60       78       83       44
       74       72       63       58       69       72       71       72       87       90       88      120      112      130      103      124      135      143      140      168
      162      149      179      195      217      224      231      218      257      293      271      320      325      317      346      376      394      401      448      420
      440      459      486      484      505      574      518      531      485      532      518      466      530      505      541      533      502      506      486      436
      435      441      401      380      354      383      355      341      295      275      284      259      217      244      237      227      202      181      150      169
      160      166      142      137      128      107      108       92      105       98       80       85       73       81       90       58       66       69       63       57
       51       66       61       62       83       57       90       82       77       80      101      105      116      118      117      127      123      126      153      158
      171      187      195      187      218      257      229      242      263      287      307      325      311      346      383      395      399      370      427      456
      485      514      524      569      499      589      615      562      592      608      613      572      542      519      600      565      568      497      492      478
      498      442      413      457      398      335      379      357      337      318      282      272      262      251      236      209      217      200      187      166
      176      146      141      135      129      119      127      100       73       91       99       89       84       87       90      101       60       80       46       64
       62       72       60       80       64       66       87       92       97       91      129      120      118      152      147      143      153      155      147      149
      209      181      205      210      216      244      273      280      299      296      315      338      347      376      406      362      463      492      526      495
      506      481      568      566      665      587      660      641      627      623      606      670      674      617      645      617      597      543      537      550
      507      489      480      460      405      412      333      370      338      316      316      282      258      261      251      243      206      216      189      192
      174      171      158      135      130      148      129      120      109       92       78       87       98       82       78       87       66       70       82       66
       62       73       73       70       78       83       76       89       89       93       89      133      108      127      146      126      115      145      172      184
      190      203      212      227      232      222      283      277      292      321      297      347      351      408      429      450      507      488      516      539
      564      627      650      681      725      643      715      718      779      748      737      728      704      711      709      698      626      603      581      547
      556      500      515      457      440      445      405      399      358      382      318      305      243      293      272      246      221      219      185      178
      140      174      146      135      116      134      141      114      115      113      101       81       83       85       77       70       80       73       78       55
       60       64       68       80       79       69       89       92      103      107      113      121      120      100      139      140      146      166      189      174
      197      221      198      227      227      269      275      268      347      343      356      387      410      414      448      492      512      605      533      608
      601      639      704      707      684      739      831      779      825      731      775      800      781      757      745      714      649      761      627      653
      635      605      506      529      482      453      459      421      366      370      364      312      291      256      260      249      217      214      203      181
      158      169      167      145      159      146      112      119      107      146      106      100       94       75       85       70       80       66       59       43
       60       53       61       86       83       73       86      100      117      110      103      113      128      129      142      134      149      162      167      202
      192      218      235      241      250      271      280      312      294      370      390      413      431      458      456      533      513      619      602      661
      696      659      730      751      819      807      890      895      863      883      873      920      847      854      858      830      782      742      673      687
      642      621      591      604      500      484      468      413      393      378      360      335      301      295      263      233      225      265      211      203
      179      173      152      163      157      158      128      132      110      124      105      103       67       76       68       81       55       78       59       85
       56       60       69       88       92      100       91      102       97      116      116      146      125       98      147      151      185      166      175      218
      207      225      235      258      266      284      301      316      352      371      431      423      472      483      554      579      599      639      720      716
      668      757      847      796      866      911      959     1008      993      979      990      949     1001      937      944      878      817      816      877      685
      757      717      682      576      591      505      541      446      415      369      378      341      329      277      291      269      302      241      218      202
      206      172      197      139      157      138      125      129      129      103      112       85       92       95       92       85       77       61       68       62
       76       68       69       79       93       97       91       95      105      102      119      126      132      157      140      159      138      182      171      198
      209      234      263      268      271      315      315      330      367      395      434      423      513      539      546      646      630      643      722      755
      892      892      919      945      996     1055     1053     1067     1158     1124     1147     1123     1102     1071     1036      975      939      930      902      818
      744      734      679      619      610      591      527      497      457      428      389      362      354      322      295      299      259      263      242      211
      205      199      171      158      154      141      126      132      106      156      113      101      121       99       85       92       74       66       74       71
       73       57       69       96       85       81      101      106      107       97      138      116      138      133      136      157      169      158      196      234
      236      231      244      262      278      304      352      373      382      415      435      480      502      560      602      627      707      764      774      889
      913      989      993     1091     1151     1115     1113     1242     1176     1290     1160     1227     1157     1159     1116     1116     1056      947      928      910
      826      792      750      678      636      612      621      537      513      430      417      391      357      318      345      280      266      242      249      255
      220      194      185      154      148      170      129      128      122      112      121      112      104       92       89       92       81       81       69       73
       66       73       80       81      102       87       96      102      111      116      128      140      149      158      147      176      188      182      205      206
      252      234      259      263      324      323      389      381      413      455      476      544      578      626      613      683      713      820      887      881
      971     1060     1138     1177     1228     1238     1372     1386     1447     1434     1371     1373     1387     1256     1266     1245     1216     1138     1017     1033
      937      863      876      752      698      653      569      590      518      476      414      406      397      340      312      330      255      261      231      226
      213      215      210      186      178      137      142      127      125      156      109      131       80       80      103       89       93       77       85       65
       70       64       75       85       90       78       93       92      119      120      106      102      150      118      159      161      179      182      208      228
      203      241      252      261      301      338      353      366      405      491      468      489      620      662      675      752      815      859      906      969
     1045     1191     1159     1321     1394     1471     1527     1528     1555     1553     1540     1538     1559     1520     1405     1327     1329     1258     1130     1124
      976      959      833      792      739      692      621      621      567      485      436      457      401      370      304      355      292      274      270      235
      217      173      195      163      178      160      132      140      157      128      119      100      126       97       94       87       78       83       74       80
       82       68       76       80       87       90       96      109       91      117      134      136      171      126      160      175      201      212      211      201
      229      272      286      302      317      356      409      408      462      453      514      514      642      642      753      798      849      914     1041     1084
     1172     1280     1358     1460     1531     1591     1693     1756     1800     1910     1752     1794     1784     1737     1604     1539     1501     1353     1257     1138
     1128      994      961      837      770      747      702      611      617      516      440      457      409      369      372      308      319      285      314      267
      243      219      228      195      163      149      153      156      145      117      120      101      112      111      107       96       83       76       83       80
       61       68       97       60       88       91       99       95      105      101      147      139      150      155      168      197      187      207      228      255
      229      266      298      345      359      387      422      415      452      475      556      614      648      714      758      879      899      999     1080     1185
     1289     1406     1471     1603     1791     1804     1867     2056     1999     2041     2111     2066     1993     1896     1894     1706     1567     1447     1385     1233
     1225     1098     1004      955      806      743      733      616      596      570      492      483      421      419      368      347      330      302      285      256
      236      234      205      207      207      170      143      147      130      122      128      107      100       91       91       83       78       73       62       66
       67       80       90       90       86      103       98      101      115      119      128      168      148      139      137      170      164      199      232      262
      272      242      282      301      366      376      406      441      463      508      610      619      609      727      806      908      973     1051     1152     1296
     1358     1542     1762     1807     2049     2106     2283     2436     2401     2378     2591     2456     2389     2274     2013     1997     1773     1760     1611     1430
     1253     1135     1117      966      910      778      714      687      647      528      536      496      425      442      445      336      297      284      256      270
      236      224      201      207      178      176      148      162      143      122      125      118       95      112       93       93       97       70       70       62
       61       73       88       77       72      101      121       98      122      111      135      117      150      152      161      191      217      217      242      280
      270      329      318      342      361      405      408      484      464      494      601      669      740      841      914      984     1061     1238     1268     1366
     1544     1716     1884     2092     2252     2415     2578     2832     2734     2802     2955     2815     2692     2559     2451     2204     2019     1890     1778     1639
     1334     1296     1168     1117      981      824      809      742      717      586      614      516      457      422      376      345      329      316      257      283
      263      223      237      188      183      186      173      169      139      121      123      118      132      100       97       87       73       70       73       73
       87       83       93       96       85       89       87      116      125      124      126      115      168      160      215      199      178      218      208      262
      267      275      299      351      379      395      451      460      523      610      674      679      777      812      886      989     1108     1249     1414     1539
     1631     1913     2144     2267     2545     2711     2971     3173     3351     3342     3406     3151     3211     3007     2843     2533     2254     2033     1939     1678
     1565     1399     1260     1081     1011      905      870      727      685      577      554      526      483      428      405      368      341      328      298      222
      242      242      203      205      200      185      153      136      129      152      118      133      122      110       88       92       91       83       92       71
       57       75      104       73       90       97      106      106      122      132      149      134      152      172      181      171      198      216      239      273
      276      297      314      295      363      383      430      508      529      604      651      704      771      839      936     1100     1200     1373     1513     1643
     1821     2019     2306     2600     2932     3258     3478     3740     4016     4062     4127     3976     3697     3535     3134     2908     2578     2337     2131     1833
     1655     1495     1333     1189     1061      963      897      790      683      633      601      557      504      449      456      399      318      314      291      289
      254      227      216      227      191      180      189      182      141      125      127      140      121      106      101      112      105       82       84       85
       60       77       92       93       98       92      112      113      109      124      131      147      158      126      181      198      212      259      246      265
      301      316      313      342      423      390      430      451      504      643      676      766      844      875     1005     1082     1218     1463     1501     1825
     2066     2216     2598     2855     3328     3676     3965     4419     4844     4913     5046     4799     4409     4117     3705     3248     2887     2583     2268     2051
     1743     1650     1336     1291     1089      982      869      784      738      713      625      530      487      452      419      410      351      347      307      287
      253      228      211      204      241      188      165      158      163      147      120      120      119      110      104       80       93       74       83       85
       79       76       81       94      106       91      104      123      115      130      131      136      164      173      191      209      219      233      238      256
      268      323      325      382      426      394      477      500      566      627      721      762      880      951     1061     1158     1264     1492     1632     1846
     2247     2498     2890     3227     3679     4186     4922     5463     5887     6185     6280     5919     5330     4955     4147     3812     3318     2827     2477     2166
     1950     1709     1500     1296     1153     1073      931      832      730      689      642      557      522      472      402      382      378      308      315      286
      283      242      227      210      224      170      187      171      164      131      125      112      100      119      106      118       80       88       54       92
       77       76       76       85      102      110      102      101      129      118      126      132      160      165      188      216      191      218      252      290
      319      325      347      334      387      491      461      552      552      621      777      771      899     1028     1038     1237     1356     1541     1748     2016
     2319     2684     3096     3529     4299     4962     5802     6805     7405     7983     7929     7517     6682     5918     4988     4242     3565     3142     2665     2292
     2054     1818     1561     1309     1225     1081      932      854      765      688      607      561      530      530      442      413      324      359      312      315
      283      237      229      223      188      217      162      125      154      140      141      124      107      102      114      101       86       84       78       79
       83       74       89       80       97       95      135      113      128      141      138      142      168      149      176      187      216      247      255      258
      311      284      369      355      432      410      472      524      579      665      738      789      947      921     1138     1229     1394     1559     1870     2181
     2364     2928     3368     3975     4700     5759     6893     8293     9740    10774    10886     9627     8484     6877     5710     4746     3900     3489     2952     2456
     2091     1901     1652     1442     1246     1158      980      976      794      765      624      572      512      506      465      389      363      322      311      310
      291      225      253      201      205      208      184      164      161      157      124      116      108      105      102      108      103       89       81       72
       92       85       90       85       88      102      100      106      124      133      120      161      152      175      204      220      230      226      249      257
      291      328      309      336      428      425      484      511      599      677      737      790      934     1049     1126     1307     1417     1655     1911     2291
     2599     2997     3587     4285     5292     6554     8198    10219    13279    15774    15718    13505    10405     8254     6488     5385     4328     3626     3003     2651
     2263     1848     1648     1459     1295     1111     1008      903      824      755      653      616      543      504      415      396      347      360      331      277
      279      243      237      228      219      210      189      168      149      128      131      139       96      129      104       91      101       82       60       92
       81       75       77       84      110       96      108      116      111      118      136      154      165      185      191      192      192      233      255      274
      293      356      353      390      361      448      498      515      574      717      733      895      945     1029     1215     1300     1464     1746     1942     2276
     2605     3112     3816     4674     5700     7179     9428    13000    18786    25882    25750    18414    12979     9293     7245     5748     4520     3718     3171     2614
     2159     1935     1704     1451     1295     1121     1046      887      774      791      633      552      539      450      452      442      419      349      334      326
      290      248      227      204      206      176      163      152      172      156      141      120      106      114      120      112       90      102       71       81
       75       74       86       95      110       90      103       93      123      158      127      151      182      152      206      230      224      256      274      262
      311      311      322      388      361      434      514      545      618      718      738      892      940     1007     1139     1274     1492     1693     2010     2263
     2779     3307     3788     4636     5946     7471    10355    14930    24930    57096    56966    25158    14937    10266     7632     5974     4610     3789     3117     2647
     2325     1983     1664     1497     1324     1131     1064      933      860      756      686      628      572      497      454      420      343      384      325      310
      251      223      240      208      182      167      172      161      147      147      128      149      115      105      100       90       91      106       82       67
       79       89       90       86      100       92      106      102      118      134      115      164      158      165      185      182      213      223      281      271
      286      306      342      417      416      499      475      572      628      668      750      862      920     1037     1129     1314     1605     1741     1929     2304
     2691     3240     3960     4775     5956     7628    10439    15128    25265    57882    57977    25212    15002    10200     7638     5774     4801     3840     3188     2683
     2259     2056     1787     1485     1281     1173     1047      913      808      690      660      597      562      501      441      421      408      380      333      312
      236      248      226      215      224      193      164      159      161      121      146      126      116      120      107       87      101       87       81       70
       87       91       81       87      100       98      121      117      113      127      151      139      177      187      187      215      212      197      232      237
      331      309      314      369      392      433      536      519      608      707      733      846      893     1000     1231     1337     1460     1654     1922     2269
     2709     3285     3824     4615     5662     7077     9693    13084    18752    25346    25454    18920    13125     9375     7309     5810     4583     3744     3146     2769
     2278     2015     1775     1429     1264     1177     1048      990      806      771      668      597      536      530      467      407      342      340      315      295
      263      250      223      248      204      181      174      154      166      133      135      117      118      115       96       97       86       94       79       81
       71       74       86       97       73      102      105      107      122      132      136      127      164      190      185      184      208      232      250      267
      328      325      342      390      447      441      475      519      615      667      693      855      936      992     1212     1287     1460     1657     1963     2243
     2694     3118     3469     4325     5248     6537     8467    10648    13541    15566    15748    13359    10532     8348     6690     5318     4353     3472     3083     2548
     2220     1982     1627     1468     1246     1157      967      852      786      698      614      670      563      471      468      449      334      361      307      327
      304      244      251      227      223      167      177      152      140      137      153      119      141      111       99      106       94       96       74       85
       75       67       84       97       88       93      108      109      117      146      135      144      177      177      198      210      227      211      225      269
      297      273      351      406      400      445      511      524      557      641      689      773      901     1026     1136     1318     1509     1603     1828     2139
     2611     2918     3365     4064     4794     5865     7038     8493     9860    11081    10899     9893     8446     6872     5796     4739     4043     3277     2883     2438
     2090     1870     1643     1426     1163     1161     1011      855      785      735      618      594      567      459      474      407      362      343      323      271
      281      241      200      226      181      185      174      165      149      143      136      124      117      109       88      103       96       73       54       90
       66       63       88       90       83      102      119      111      143      134      136      154      143      182      192      209      211      246      254      231
      318      328      329      365      410      455      503      514      618      622      720      802      952      951     1120     1243     1472     1552     1801     2101
     2337     2733     3166     3686     4244     5134     5748     6745     7593     8205     8005     7607     6617     5779     5035     4231     3644     3090     2674     2280
     1980     1808     1532     1355     1202     1072      938      886      740      727      642      542      495      448      414      388      339      346      301      295
      295      267      240      230      185      194      166      176      149      156      123      151      115      103      114      106      111       85       91       62
       79       80       78      101       82       98       75      112      107      129      111      135      145      164      177      202      199      233      245      259
      309      280      330      361      408      432      455      526      596      672      680      777      852      939     1070     1183     1330     1482     1624     1874
     2220     2461     2912     3379     3804     4485     4984     5597     6090     6288     6136     6029     5576     4899     4425     3709     3330     2832     2526     2167
     1896     1720     1551     1302     1151     1103      971      797      732      657      616      560      546      493      468      383      332      335      312      292
      269      208      211      209      195      212      152      171      131      139      123      113      111      111      114      104      103       70       78       92
       75       81       84       82      101      106       94      105      100      126      121      169      153      181      190      183      228      240      236      267
      300      290      348      367      421      415      458      541      562      604      670      752      853      940      988     1140     1302     1488     1619     1807
     2061     2318     2570     2915     3309     3789     4127     4487     5000     5040     5095     4912     4452     4107     3771     3298     2823     2589     2288     1992
     1820     1651     1348     1317     1151     1074      905      823      805      640      584      531      513      468      437      387      373      298      315      261
      278      229      233      204      200      205      175      147      131      168      137      144      117      119      111      100      101       69       84       84
       82       80       77       84       82       90      116      108      112      141      114      139      153      152      164      202      191      224      240      283
      283      292      317      361      420      427      439      490      513      556      671      742      798      886     1021     1091     1228     1358     1556     1637
     1879     2167     2307     2607     2923     3182     3593     3772     4208     4165     4067     3953     3802     3634     3247     2943     2541     2307     2096     1787
     1649     1439     1362     1176     1084      972      854      753      705      675      594      561      493      462      437      361      347      304      282      277
      219      240      236      184      168      177      151      151      159      172      131      131      102       81      105       93      102       81       74       91
       64       89       86       99      100      103      103      111      128      122      126      150      180      173      145      175      190      209      224      253
      299      282      291      338      359      404      440      461      516      584      631      726      824      858      956     1097     1168     1302     1404     1550
     1643     1902     2165     2284     2587     2847     3092     3131     3374     3352     3407     3391     3157     3069     2815     2572     2271     2101     1831     1754
     1621     1433     1302     1084     1081      910      851      764      666      642      582      552      535      454      397      355      370      334      321      278
      258      236      203      232      185      176      149      157      138      138      136      132      110      101      104      106       78       77       75       75
       78       82       73       77      100       91      114      109       98      141      127      128      160      146      154      161      184      225      240      231
      254      264      296      323      395      415      452      464      491      561      637      715      730      842      910      990     1063     1190     1284     1469
     1685     1737     1865     2096     2358     2420     2656     2725     2834     2897     2931     2888     2727     2651     2405     2320     2069     1841     1715     1595
     1457     1274     1155     1081     1020      874      893      763      729      658      588      536      410      492      398      357      312      310      288      258
      261      221      196      219      195      190      152      161      150      128      126      110      114      118       93       92       98      112       88       68
       62       82       84       96       77      105      103      117      118      110      133      152      135      140      203      169      192      214      196      247
      270      263      280      348      350      403      408      449      520      523      618      628      694      730      801      863     1021     1095     1213     1334
     1446     1516     1715     1875     2026     2213     2266     2400     2385     2367     2450     2451     2274     2222     2158     1959     1930     1606     1608     1474
     1338     1226     1104     1005      907      840      770      717      632      526      552      476      493      404      399      372      347      284      265      257
      223      220      231      187      201      178      169      151      140      145      124      120      117      111       87      109       87       94       71       73
       78       76       76       87      104      110       85      111      110      102      107      152      136      158      174      177      224      206      232      268
      276      326      282      336      344      376      397      388      455      516      563      625      663      781      780      839      923      969     1161     1148
     1259     1433     1571     1684     1786     1901     1973     2146     2061     2152     2135     2034     1959     1955     1919     1758     1690     1582     1414     1310
     1301     1049     1065      858      879      744      706      702      631      536      511      450      470      417      381      344      308      288      265      244
      221      211      185      200      164      157      163      149      133      131      132      102      113      110       95       94       89       84       95       80
       77       95       79       86       77      103       93      119      110       90      113      121      152      134      150      197      200      198      207      229
      276      241      291      302      385      351      428      403      468      443      526      570      608      671      757      749      931      957      970     1117
     1155     1302     1415     1481     1636     1574     1743     1886     1793     1845     1836     1869     1802     1770     1655     1553     1490     1371     1356     1179
     1140      953     1027      811      813      761      643      624      562      510      496      411      453      384      360      369      315      300      278      228
      265      236      225      180      187      176      145      155      107      123      128      125      105       87      101       81       86       79       91       58
       73       69       85       94       91       88       90      113      123      103      121      141      130      122      160      167      172      201      198      242
      243      255      287      296      334      348      356      417      459      420      537      523      590      620      660      779      795      844      957     1048
     1097     1165     1223     1393     1413     1492     1538     1615     1625     1669     1647     1666     1581     1499     1519     1396     1306     1260     1171     1101
     1036      966      821      809      727      689      613      581      557      546      470      439      429      368      309      279      312      311      262      250
      218      226      198      189      163      170      153      148      125      136      118      110       99       91       73       95       76       85       62       72
       84       75       52       78       87       78       96      100       91      101      112      115      127      155      167      184      166      199      206      201
      240      283      245      290      321      325      338      356      429      417      466      505      539      606      630      669      758      820      880      993
     1000     1038     1174     1206     1281     1324     1363     1394     1354     1405     1439     1344     1499     1355     1384     1243     1232     1126     1047      988
      925      860      797      745      691      667      627      601      528      469      445      394      412      379      336      311      259      291      242      224
      180      223      182      163      168      174      167      135      150      130      129       99      107       92       76      109       64       75       70       61
       79       66       84       64       90      102       80       90       97      110      145      140      131      130      154      178      162      179      184      228
      208      213      258      270      263      330      309      353      400      452      470      519      525      562      626      648      745      769      769      880
      953      934      994     1163     1071     1171     1240     1195     1177     1266     1253     1300     1283     1151     1147     1090     1135      999      945      938
      844      840      775      720      702      615      593      562      456      450      433      372      333      336      343      321      272      266      248      247
      204      207      189      199      152      134      136      121      118      106      114      100      114       86       81       87       84       69       62       59
       61       59       73       87       76      107       87       85       92      126      102      103      118      128      152      135      169      173      173      191
      225      257      264      251      309      308      339      335      377      411      432      487      533      543      548      636      665      699      750      817
      855      878      898     1023     1022     1044     1153     1093     1194     1127     1158     1190     1165     1084     1046     1039     1016      910      951      838
      771      725      654      709      586      604      548      510      456      438      429      390      323      306      282      306      249      254      251      196
      241      202      182      186      158      140      144      148      121      119      112      109       98       84       82       85       84       64       67       71
       70       66       71       98       75       88       89       70       93      107      106      114      106      129      159      148      147      160      177      201
      209      210      239      255      297      281      308      357      351      429      435      476      457      512      505      612      656      679      690      733
      780      802      817      888      926      975     1014     1066      958      990      949     1017     1029      941      988      965      918      843      799      785
      710      722      695      607      562      555      558      493      433      403      388      395      366      320      259      258      255      245      206      214
      184      187      175      164      159      154      150      138      107      118      100       76      100      103       80       77       59      102       65       66
       69       69       60       61       74       70       90       84       99      105      117      120      113      137      127      142      144      157      176      202
      180      236      226      261      242      294      328      315      374      363      406      441      452      473      520      536      546      607      636      674
      683      749      727      805      839      832      860      902      891      857      874      903      941      837      830      872      813      802      715      726
      680      668      607      598      485      550      491      431      400      407      350      366      336      315      266      236      269      245      238      217
      165      177      170      155      159      144      131      122      111      115      111      109       87       95       92       71       75       67       71       65
       71       63       67       81       77      108       86      108       97       90      117      109      139      128      142      143      134      160      176      202
      188      205      238      216      227      280      291      275      311      333      383      356      413      436      463      517      530      554      607      619
      633      674      707      738      803      781      799      816      817      765      782      810      814      840      761      761      725      722      660      674
      656      601      587      555      496      469      461      450      379      370      380      303      325      298      284      249      241      225      199      176
      168      184      177      153      146      134      115      119      121      111      106       98       99       79       96       63       68       65       66       51
       65       58       61       70       59       77       80       79       76       92      106       96      104      132      125      132      132      190      152      204
      205      206      243      223      247      225      253      246      333      313      372      378      393      408      443      452      488      521      578      585
      547      612      637      663      692      703      746      707      723      726      737      765      794      712      734      706      667      621      622      636
      601      536      539      453      439      428      425      387      394      367      318      314      297      260      261      287      244      212      212      202
      184      167      151      190      112      126      125      126      101      101       94       97       85       93       88       93       71       56       59       60
       63       54       62       67       73       84       77       88      103       85      100      110      111      124      142      140      144      155      169      190
      166      170      215      214      239      246      232      254      277      339      335      340      403      401      389      430      463      469      535      486
      571      614      617      583      606      627      661      626      680      697      671      662      685      640      630      642      629      608      595      542
      541      514      484      464      438      407      362      375      355      337      309      290      268      240      253      231      221      186      209      187
      174      165      174      133      126      141      108       99      117      105      104       94       76       74       81       87       69       55       53       66
       78       68       70       77       65       72       83       76      103       84      112      112      120      120      115      140      159      138      135      162
      190      198      193      204      206      244      234      282      270      305      311      307      340      398      362      425      418      431      432      463
      520      553      578      552      548      637      613      625      622      627      573      577      610      568      559      565      537      552      488      508
      471      496      382      446      395      381      360      325      325      332      286      279      249      260      237      214      228      200      200      184
      154      157      165      153      140      123      116      121      119       91      103      103       70       97       83       57       73       64       42       71
       56       74       67       61       72       65       74       68       87       85       81      106      105      114      119      101      135      136      151      149
      158      197      196      195      215      207      200      247      254      332      321      306      297      347      355      404      389      411      437      444
      451      466      513      496      521      550      525      540      549      562      529      529      570      550      539      497      497      440      476      481
      497      436      408      374      366      346      331      306      294      292      279      287      261      253      240      215      191      189      178      151
      152      165      138      141      107      112      112      109      121       81       89       97       95       90       63       72       68       68       50       60
       48       55       53       68       71       66       72       66      102       96       87       89       93      128      126      130      150      145      145      138
      171      182      190      205      193      181      227      248      224      252      271      279      278      323      349      318      370      347      372      405
      450      445      416      455      491      489      495      535      474      491      522      466      487      471      519      490      484      429      456      443
      450      374      396      359      346      327      300      310      275      263      270      257      216      226      238      196      191      179      181      154
      163      139      118      161      123      113      110       87       87       99      101       77       69       74       93       83       69       43       52       58
       48       45       64       69       73       63       75       83       89       62       86      105      111      103      126      115      132      125      139      147
      149      175      196      203      177      222      193      237      251      251      249      269      272      294      313      322      387      390      376      406
      394      392      413      428      416      443      464      450      460      442      471      472      462      440      454      428      427      445      408      426
      413      357      360      351      334      328      290      283      258      255      235      243      213      225      204      221      173      155      162      149
      144      117      112      137      131      113      107      106      111       85       84       75       88       68       67       71       68       57       52       65
       63       49       64       66       47       67       73       88       76       81       86       79      110       88      113      107      116      136      151      147
      144      171      164      187      189      182      208      218      188      229      247      269      261      300      277      297      344      287      346      388
      360      361      411      444      424      427      405      447      411      398      416      405      417      393      388      392      404      382      389      377
      364      312      319      323      285      278      314      279      254      274      255      219      233      203      200      168      165      168      148      136
      139      141      127      111      123      107      108      113      107       95       87       82       61       83       49       54       51       60       55       59
       57       68       67       64       52       71       55       80       85       81       64       90      101      116      104      113      127      135      150      144
      172      156      166      165      171      160      203      206      198      207      228      222      245      251      278      272      292      275      283      327
      330      320      368      367      373      400      382      365      377      412      398      374      393      340      393      383      385      382      334      346
      348      312      309      304      273      301      254      271      245      234      210      219      202      198      187      175      159      158      157      162
      147      149      133      126      130      100       90      106      103       79       99       76       84       82       65       79       56       69       59       55
       47       58       54       51       57       66       63       72       73       89       75       90       77       85       96      101      131      106      134      117
      123      153      153      150      169      147      178      174      192      210      204      265      219      249      234      284      262      261      307      295
      323      331      346      339      377      351      331      346      342      361      386      353      361      368      371      363      368      340      380      310
      305      288      282      282      273      293      254      208      244      217      195      196      181      162      187      167      153      138      149      159
      136      131      104       98      110      115       94      113       78       84       67       85       73       81       65       61       64       51       50       49
       54       61       58       61       49       66       68       80       72       71       93      101       78       93      112      114      105      111      108      131
      117      132      126      151      158      171      170      193      167      178      216      225      213      214      228      244      263      305      276      301
      311      298      268      347      307      339      343      323      347      341      303      320      324      357      324      357      326      278      290      289
      303      282      260      268      248      222      243      230      212      222      206      169      182      168      162      166      137      154      139      155
      143      130      108       87      106      128      101       91      109       94       73       70       67       65       69       72       59       58       58       53
       51       42       65       64       69       83       63       67       66       79       76       83       71       92       84       99      107      114      104      113
      124      135      141      153      168      171      159      194      189      206      191      196      221      220      201      221      229      239      270      291
      298      285      296      289      310      323      317      295      325      303      310      311      285      333      325      287      293      268      294      226
      265      225      264      241      239      222      213      227      191      185      193      162      174      158      184      155      143      118      133      117
      118      110      126       77      117       94       87       87      110       86       93       87       71       66       64       59       65       61       59       44
       49       37       53       55       73       66       57       68       59       70       71       82       74       83      106       87       90      109      125      111
      110      106      124      138      140      152      171      147      170      185      191      209      199      200      199      202      237      223      248      243
      240      285      268      296      268      287      262      283      267      287      287      272      291      274      265      289      276      265      248      272
      266      254      219      212      240      203      195      214      187      189      195      187      172      153      127      158      134      141      135      131
      116      120       99       78       86       89      100       81       89       78       61       74       65       63       61       59       64       49       47       55
       51       50       64       50       52       55       62       57       58       67       68       79       80       90       85      100       92       89       95      102
      108      126      110      156      136      145      179      156      147      165      186      216      166      184      221      201      223      222      243      244
      260      242      244      255      270      251      270      267      244      294      246      248      266      236      279      253      255      270      210      240
      241      214      224      207      213      178      211      166      184      161      182      168      147      144      153      129      114      135      119      119
      104       99      102       90       72       83       87       89       73       75       67       75       76       63       56       61       57       46       49       50
       39       57       41       50       50       51       61       72       64       60       64       83       60       85       73      104       69       77       93      108
      123      115      103      130      116      120      137      140      172      162      157      178      198      219      202      175      237      201      213      235
      238      219      224      244      214      258      247      239      237      260      245      222      255      253      238      215      189      222      241      222
      239      190      185      205      201      210      216      193      170      168      192      172      152      147      142      133      138      114      114      101
      125      114      104       96       81       82       67       78       78       86       80       73       67       59       61       60       54       59       55       37
       48       49       37       44       54       43       59       67       64       69       69       84       70       78      105       87       87       86      100       92
      103       99      107      109      130      120      132      143      129      146      134      172      159      166      141      196      182      188      218      195
      195      199      247      213      245      212      228      252      212      213      233      246      210      212      222      245      221      203      208      218
      210      181      173      213      171      184      163      180      168      138      149      128      160      149      130      141      100       93      110      109
       87      102       93       94       85       71       86       75       71       75       64       64       66       66       65       71       52       46       45       43
       33       48       41       45       50       45       47       60       68       55       71       72       69       77       73       66       93       98       96       96
       93      105       99      107      122      129      134      117      123      135      139      150      166      143      160      181      158      179      196      179
      195      189      194      220      212      207      228      208      221      220      201      228      224      183      201      231      183      213      204      189
      169      165      191      172      151      191      167      153      160      152      139      139      119      146      121      136      121      105      112       98
       90       99       90       85       95       74       80       75       47       59       71       51       51       59       58       54       51       49       57       54
       33       38       62       36       46       51       52       55       58       76       62       59       82       79       77       90       79       84       98       93
      112       99       93      101      100      125      117      139      132      144      158      145      172      134      134      154      131      181      175      169
      173      196      178      190      214      210      197      226      217      187      221      181      162      171      164      168      185      165      196      162
      175      177      167      179      187      160      156      141      166      150      146      123      132      113      103      108      120      132       89       93
      105       80       92       89       77       70       75       73       72       54       53       56       64       65       60       48       44       56       40       46
       33       41       59       45       56       56       54       47       53       57       55       72       73       61       82       81       81       79       79       83
       87       90       92       94       97      107      112      124      138      131      135      116      129      154      160      146      158      138      158      153
      192      183      144      185      180      181      177      176      186      187      192      172      183      191      177      198      206      180      184      162
      175      191      164      162      183      155      135      125      130      126      123      121      120      112      119      108       88      121       85       89
      102       90       88       82       88       51       71       73       73       72       59       61       65       56       37       65       51       48       48       45
       36       50       40       38       44       58       44       54       41       49       49       54       63       83       70       79       71       94       72       75
       95      103      106      109       97      110      105      119      104      136      119      117      150      136      159      113      137      166      163      131
      144      169      150      170      177      166      177      156      195      199      178      167      177      155      158      181      179      168      169      153
      172      142      171      157      152      138      129      140      140       95      105      113      131      129      105      112       95      115       88      100
       77       74       86       62       59       68       56       66       83       60       44       58       47       62       38       45       42       46       32       38
       47       42       43       54       54       42       49       50       44       57       57       49       66       59       64       67       72       89       84       73
       76       91      105       99      105       94      109       95      115      119       86      131      125      145      133      130      151      147      140      160
      158      153      156      174      163      156      164      154      159      185      152      164      154      144      158      156      165      135      150      131
      143      146      120      149      149      156      117      145      133      118      124       87      117      116      109      108       89      109       81       92
       81       80       83       83       77       75       60       65       63       51       45       57       52       36       38       43       38       45       43       49
       45       43       22       44       46       57       40       41       46       40       57       53       58       66       71       62       68       63       68       73
       77       82       88       85       89      104       97      114      105      112      112      118       98      117      109      115      139      164      146      131
      119      159      128      145      163      165      150      152      147      139      149      136      177      143      186      148      144      140      143      146
      131      134      130      128      146      129       98      133      109      113      114      106      112      110       92       93      102       70       91       83
       69       90       54       61       69       62       58       61       49       55       61       52       36       49       45       58       31       40       43       39
       34       35       40       48       52       38       31       52       53       57       54       59       71       63       57       64       58       76       74       91
       70       69       72       93       94      103       95       93      108      119       94      111      104      126      120      122      139      134      111      118
      144      146      143      137      126      142      147      150      141      151      151      159      113      135      128      175      126      144      125      122
      128      138      109      115      141      128      121      126      115      107      110      104       99       96       89       89      108       85       79       79
       93       69       70       60       76       60       63       70       61       45       44       51       48       48       48       40       36       35       45       46
       34       49       29       43       45       35       42       45       53       68       58       47       60       64       63       47       58       73       64       86
       65       71       86       74       83       93       99       81      103       86      105       80      101      114       96      118      118      128      114      150
      130      125      122      157      129      124      137      151      126      148      129      120      146      141      119      142      145      152      129      110
      125      137      127      111      119       93      114      114       90       97      102       89      103       88       77       88       80       73       62       80
       59       81       65       70       66       59       45       58       64       53       54       45       49       34       33       39       28       42       37       24
       31       35       40       44       50       35       38       47       55       56       47       67       34       59       47       66       49       73       64       82
       86       74       71       84       78       77       67       78      110       89      111       89       94      101      101      111      112      116      120      109
      145      110      107      126      146      130      122      128      143      141      139      122      134      132      115      149      122      124      104      106
      120      108       97       98      104       98       78       94      105      104       86       86       95       72       78       57       87       74       78       69
       68       69       76       53       73       44       54       54       45       49       53       38       45       50       40       36       48       26       47       32
       17       42       37       37       37       44       51       47       48       54       51       56       45       54       49       49       61       46       61       55
       68       64       66       67       80       91       78       86      108       83      102      103       92      102       94       99      104      105      117      125
      123      114      116      101      123      109      115      120      124       98      118      124      115      111      131      118      113      133      116      115
      109      100       98      105      107       84      109       84       95       85       77      104       80       89       89       76       57       74       75       74
       59       62       69       62       50       58       52       65       50       45       44       52       33       44       52       43       30       39       42       38
       38       37       34       32       32       46       48       45       48       42       38       48       41       49       49       53       45       71       66       58
       54       70       75       75       71       84       75       74       99       91       89       88       80       94       97       93      106       99      106       98
      102       98      119      119      104      108      113      107      123      103      110      113      110      119      116      113      105      105      128       93
      116      100       91       97       88      100       74       90       84      100       70       87       74       74       73       59       75       67       73       65
       64       69       51       61       54       63       49       53       52       32       52       47       37       40       44       39       39       37       36       29
       34       28       28       26       22       45       54       50       34       37       48       36       39       35       60       52       50       62       61       47
       82       77       79       78       66       79       81       66       81       75       74       71       89       94      100       93       95       85       87       69
       99       86      113      102      106      100      102      120      112      101      107      114      122      103       93      107      108      106      112      116
      116       99      102       94       92       85       81       90       93       79       90       90       75       69       79       74       56       66       58       63
       56       60       54       55       47       63       56       49       35       52       41       55       33       37       35       44       22       34       38       30
       30       37       33       40       41       36       41       40       44       48       41       44       34       58       56       51       51       52       53       60
       56       65       54       56       71       60       81       72       65       81       81       84       78       91       91       85       87       85       99       87
       92       85       93      102       98       79       93      103       84       98      113      112      114      117      117      101       83       95       90       98
       95       90       89       92      114       76       82       81       70       78       87       74       86       65       64       66       74       57       64       60
       66       48       61       69       49       47       65       46       64       36       53       42       38       31       29       47       41       32       34       30
       28       37       35       25       32       42       39       42       46       42       35       36       60       51       46       49       47       43       49       46
       48       57       59       73       66       56       54       65       68       78       79       95       60       82       87       92       90       91       95       84
      103       91       89       76      103       97       87      105      124       91       94       93       84       94      102       86       94       85       86       90
       62       76      110       97       87       77       68       81       85       57       71       76       80       65       56       78       67       59       54       59
       55       46       53       55       40       42       41       38       54       37       33       38       37       40       34       28       33       22       29       37
       26       33       35       34       34       43       43       35       40       45       40       40       35       41       42       55       44       47       47       57
       56       57       53       57       71       63       60       83       60       61       63       76       68       85       74       76       73       78       75       84
       92      102       69       67       63       86       90       94      102       93       82       89       84       89       87       96       96      105       83       86
       78       97      101       68       88       80       70       81       92       65       72       77       56       67       50       70       66       45       70       52
       51       46       46       50       31       59       50       41       35       57       35       37       42       30       35       32       37       27       32       27
