       11       16       29       36       32       28       28       43       29       35       37       38       35       32       40       55       36       34       50       64
       38       41       47       51       49       52       61       63       58       74       58       60       51       57       62       60       51       71       65       71
       64       79       91       78       86       77       66       64       78       84       77       67       70       73       66       59       72       71       80       69
       64       55       73       56       74       58       57       58       68       74       59       60       61       52       52       72       46       49       53       33
       50       37       48       36       43       34       38       35       40       40       34       28       39       24       28       19       21       27       26       21
       28       27       31       38       24       27       27       32       43       39       47       38       50       33       34       40       40       40       47       46
       53       56       43       41       41       67       42       61       73       69       61       60       72       62       54       64       62       71       75       71
       73       72       61       81       81       61       81       76       76       81       86       79       78       82       70       71       70       86       74       63
       70       70       60       70       73       66       73       70       69       76       55       76       73       54       62       47       63       55       52       53
       47       49       47       50       35       42       47       34       42       29       35       42       33       31       23       31       30       33       28       22
       33       24       32       24       38       29       30       26       28       32       34       53       44       46       36       38       29       43       46       44
       53       56       71       62       49       59       56       57       54       66       62       61       76       60       73       75       82       63       80       78
       88       88       69       90       94       88       88       77       73       84       79       93       74      103       71       76       79       75       75       84
       67       84       69       74       86       76       69       73       68       76       67       60       66       53       57       63       58       50       54       43
       49       35       47       43       36       51       38       41       34       29       28       36       34       23       34       33       45       31       25       30
       34       30       27       30       16       19       31       37       46       34       44       38       33       42       42       50       57       50       53       45
       51       48       54       68       77       48       63       60       86       77       79       82       76       87       59       71       81       69       91       79
       85       99       74       97       85       87       96       94       95       77       81       95       73       91      100       78       88       99       88       92
       87       80       81       56       76       77       82       59       61       85       82       70       72       69       62       60       52       69       64       62
       42       65       46       44       35       46       44       37       40       36       40       36       36       39       30       26       28       33       34       21
       32       29       27       25       30       47       35       36       35       30       38       40       37       38       49       61       35       50       47       53
       67       59       70       69       73       69       69       76       75       72       75       81       82       89       73       92       81       81       88       84
      107       83       99       88       98       87       77      109       88       98       93       89       83       88       84       86       97       82       92       92
       76       83       89       84       83       70       78       92       64       70       77       73       68       76       42       49       61       59       52       43
       72       63       49       50       52       44       40       45       32       41       34       43       41       40       25       32       35       31       31       34
       32       32       28       28       39       31       43       48       31       46       47       42       56       43       46       51       37       43       59       72
       51       70       63       60       64       64       72       66       99       88       93       68       81       77       93       75       93       86       83      103
      108       85      106      104      103       92      100       80      108       89       93       98       91      106       87       91      101       82       93       92
       95       86       83       87       80       80       88       66       85       73       87       67       58       69       62       67       67       64       56       55
       55       56       62       54       45       52       54       38       45       36       28       34       40       36       33       34       34       26       30       29
       24       25       35       41       40       33       36       26       42       36       47       56       53       44       57       52       46       55       68       61
       62       75       73       50       55       57       77       84       78       72       84       80      105       93      100       73      103       72       88      108
      103       94       90       85       91       84       96       96      118      101      124       99      104      109       97      102       94      113       85      108
       95       85      102       84       81       86       76       71       77       84       93       73       88       83       59       85       62       59       68       53
       65       60       51       44       49       50       40       42       51       38       48       42       31       38       36       39       31       37       40       37
       30       26       39       37       39       44       37       44       48       42       36       40       47       50       53       48       61       51       62       69
       63       60       71       77       70       84       88       82       78       77       84       95       85      107      102       82       93      101      113       84
      113       99      103       93      106      112      113      114      101       99      123      118      107      104      121      109      123       95      110      100
      100       90       98      103      104       81       85       86       82       79       77       95       87       84       91       82       67       78       66       63
       58       54       65       63       45       51       41       46       47       44       42       34       40       50       43       42       41       37       35       21
       28       30       33       32       32       34       42       47       47       49       50       44       52       58       52       43       55       68       69       75
       56       72       62       81       69       69       89       62       92      105       79       96       87       92      127      103      113      106      117      132
      117      120      109      101      126      115      133      111      100      121       99      127      101      126       96      127      124      110      111       92
      101      101      126      102      107       94       79       98      106       74       86       87       97       82       67       56       77       69       68       71
       58       76       57       48       73       46       63       49       50       53       43       45       46       31       49       35       36       34       35       29
       31       30       36       37       41       43       46       52       42       50       48       56       43       53       32       44       53       63       59       88
       83       70       85       80       75       86       87       85       92       94       74       93      115       88       86      114      123      125      111      105
      122      104      132      125      103      117      111      129      128      124      144      109      117      128      121      132      123      107      140      106
      110      100      125      120       85       91      117       98      111      100       87       96       92       55       86       84       90       73       79       68
       60       54       60       62       50       55       45       47       46       48       47       40       40       49       48       28       32       41       27       36
       42       50       42       37       45       35       45       32       34       43       55       60       70       66       68       67       56       71       77       76
       83       65       84       79       91       92       85       92       97       93      120      107      106      115      119      106      118      115      120      135
      136      131      120      131      130      122      140      139      129      146      136      138      138      148      128      137      156      135      152      108
      132      124      114      111       89      128      103      112       96      104       82       97       82       88       76       74       74       77       63       77
       56       52       62       56       69       58       58       61       62       41       41       49       49       41       39       48       46       35       32       39
       39       45       50       51       48       44       49       36       54       55       48       41       48       53       39       59       59       66       74       87
       65       68       74       99       72       83       81       75       97       98      109      108       92      106      124      124      133      131      137      119
      119      133      133      137      136      141      153      152      163      140      161      133      136      134      152      150      153      136      150      127
      143      122      128      129       99      127      119      100      112      103      115      113       94      105       91       77       77       81       86       58
       59       77       63       69       38       69       68       56       63       53       61       50       41       54       49       48       43       44       33       31
       42       28       44       48       50       37       52       45       41       46       44       53       54       56       70       55       70       58       83       84
       83       76       95       85       92       98       82       91       98       94      106      114      113      115      105      136      139      120      148      142
      128      135      143      120      152      158      159      148      176      133      144      159      154      161      167      147      123      154      133      140
      143      140      138      132      109      130      111      101      129      127      115       91      100      103       84       95       96       89       81       74
       77       64       74       68       65       58       55       50       66       63       44       44       46       51       52       46       39       44       41       35
       36       41       35       48       43       48       55       51       61       45       43       69       79       54       76       63       71       70       74       83
       78       75       73      102      105       92      100       95      138      121      127      110      129      103      134      149      147      120      134      140
      155      158      162      169      180      167      155      159      148      160      177      161      155      175      163      162      147      162      159      183
      128      142      141      168      136      117      114      134      123      145       94      114      113       84       98       79       73       81       69       89
       88       77       79       61       51       51       54       59       60       55       54       48       53       51       51       37       41       48       33       35
       37       51       42       46       37       45       45       48       44       53       58       63       57       81       64       72       57       77       70       87
       80      102       97       81       90       94      101      100      133      133      138      135      132      133      155      151      153      151      154      157
      174      165      172      183      179      182      187      201      193      162      149      171      171      160      179      186      178      180      174      159
      149      154      153      158      142      150      131      142      156      126      113      128       98       97      117      100       97       79       97       86
       74       87       58       73       70       72       63       55       65       66       63       57       49       64       54       53       60       53       33       43
       44       40       32       50       47       60       43       62       49       53       67       72       76       75       79       76       68       84       75       93
       97       93       91      100      125      115      119      142       91      126      138      137      161      139      145      141      156      147      155      181
      171      157      202      191      174      182      197      220      203      197      188      201      189      197      187      197      183      154      196      169
      159      158      167      150      151      131      146      142      157      141      125      123      107      109       99      104       89       97       97       99
       84       74       75       62       79       73       75       70       72       57       56       61       48       48       53       57       41       35       36       46
       42       53       46       41       46       39       69       42       50       52       67       67       73       87       58       71       85       76       81       98
       97       94      101      125      100      123      123      131      140      131      160      122      134      138      141      163      190      198      187      177
      186      201      206      180      188      213      210      197      210      207      183      181      235      207      195      223      173      186      163      204
      167      166      173      194      183      170      186      139      121      120      128      126      111      109      115      107       95       83       96       88
       89       76       77       85       79       65       65       75       44       77       65       52       54       32       58       46       56       50       40       44
       50       41       46       50       36       50       46       72       55       52       65       67       79       67       72       69       88       86       97       85
       96      111      109      125      117      124      124      123      150      133      160      163      163      167      184      184      191      153      189      193
      218      176      207      237      244      233      246      170      230      225      209      197      237      194      220      188      209      207      190      207
      199      186      196      172      176      152      157      160      154      123      153      123      104      127      114      121      108       96      103       76
       87      100      100       77       75       91       66       61       63       53       73       57       60       52       51       47       38       48       44       37
       43       36       48       31       54       57       63       54       67       63       61       77       74       76       75       91      102       77       88       95
       96      111      104      122      123      115      152      151      118      147      163      167      175      155      187      201      186      208      210      202
      181      232      218      274      253      214      239      215      221      232      215      255      240      223      209      219      231      208      209      211
      189      213      185      201      229      169      186      158      164      138      165      150      127      112      123      133      136      132      106      119
       94       80       73       64      100       89       70       81       77       74       60       61       54       55       51       36       40       46       43       55
       38       33       55       61       48       53       62       53       58       61       68       62       72       71       81       77       69      100       89      103
      113      105      128      123      141      136      144      143      149      155      183      181      183      185      175      205      210      209      193      217
      236      244      260      254      214      240      246      262      234      235      272      263      251      256      247      283      282      234      248      215
      196      235      218      203      213      179      215      156      164      157      160      143      135      128      121      135      115      116      105      116
      110       97       83      100       83       95       76       62       70       71       66       57       53       61       56       58       49       60       44       45
       54       50       50       44       42       57       54       75       52       72       58       69       77       79       86       95       89      121       87      102
      111      125      118      131      136      151      155      165      173      181      143      172      184      184      220      205      199      223      218      221
      253      281      267      263      247      269      266      295      270      258      279      296      267      271      264      265      236      237      258      238
      279      243      196      204      228      213      197      212      186      168      173      184      156      152      136      116      101      136      121      122
      106       72      104      114       77       80       84       66       68       81       66       45       61       57       70       58       65       56       46       35
       43       50       44       54       39       64       64       59       67       69       61       87       73       96       96       74       83       86       84      128
      102      124      120      143      162      160      151      162      172      193      211      195      200      224      212      224      212      272      291      261
      251      305      246      311      290      294      290      291      287      301      301      300      312      282      260      289      280      299      263      289
      257      243      222      241      205      209      228      168      192      173      160      165      147      138      150      128      124      114      122      135
      105      104       76      106      106       86       84       76       76       73       50       61       66       59       57       50       46       46       40       40
       40       48       60       49       43       64       54       66       76       57       85       75       93       81      113      103      112      110       98      117
      117      128      120      140      155      179      169      185      184      181      177      234      210      204      244      216      229      248      285      301
      255      299      313      300      306      324      299      315      372      341      317      321      295      307      335      290      309      326      324      279
      259      238      239      250      241      228      200      225      186      189      188      198      165      193      149      104      148      126      141      131
      122      126      106      106       97       82       83       73       74       74       73       71       56       71       63       49       52       57       46       46
       40       51       50       65       69       68       72       76       83       82       60       88       86       72      104      107      100       99      114      121
      120      120      130      159      167      166      180      173      194      205      201      221      211      232      257      255      232      285      284      297
      335      349      366      307      359      339      346      333      339      355      345      318      352      336      370      365      346      327      291      313
      275      302      287      271      266      286      238      217      212      193      204      189      173      161      176      144      141      154      134      137
      114       96      118       90       95       95       89       73       81       77       56       83       59       63       64       58       55       51       41       54
       52       38       54       67       59       71       67       66       67       79       76       82       77       81      105       91       93      131      125      144
      122      131      162      185      193      182      149      188      199      228      230      237      215      235      264      286      272      301      322      324
      308      352      359      361      394      332      370      366      381      396      362      366      395      397      372      354      362      372      327      354
      313      311      291      277      294      282      249      242      231      208      217      211      182      154      161      172      143      150      164      134
      121      117      129      117      104       91       81       95       87       84       70       77       69       62       65       52       66       59       55       56
       41       57       48       57       68       76       71       75       68       82       92       83       89       85       93       84      134      120      140      151
      154      130      159      148      170      214      199      210      200      207      209      231      265      242      305      301      316      299      315      347
      358      382      342      379      363      364      436      415      403      424      403      417      400      415      402      435      414      351      418      328
      333      341      324      293      288      314      284      256      236      259      193      216      195      154      178      160      163      163      130      134
      133      107      130       98      104       93       85       94       85       88       89       78       75       64       75       50       42       55       49       48
       47       46       64       54       53       65       68       69       84       67       56       99       99       92       87      127      114      120      144      142
      164      175      165      154      175      199      205      231      216      256      229      251      270      282      324      319      311      367      334      351
      384      365      387      415      424      458      484      480      439      485      475      477      449      410      453      439      402      412      403      376
      394      346      334      296      330      290      248      273      262      232      217      214      198      213      192      181      165      167      158      136
      112      123      126      113      117      113       92      105       81       71       87       72       69       74       74       52       68       61       44       58
       41       56       71       66       60       70       63       77       80       73       75       86       87      106      116      123      125      141      144      126
      135      148      147      160      190      207      209      228      249      269      254      299      323      278      345      361      409      355      364      379
      419      399      455      450      460      441      506      471      469      493      523      530      494      468      477      479      467      475      422      418
      396      350      397      356      314      331      296      289      293      257      233      221      217      238      192      212      180      164      148      157
      150      114      114      125      133      115      102      113       84      104       94       73       80       71       71       72       73       69       54       51
       50       47       52       57       67       63       56       64       65       79       86       78       88      110       99      110      105      150      126      146
      158      180      162      201      203      180      243      228      254      260      305      347      299      309      379      333      430      416      424      436
      444      512      496      519      500      511      476      550      556      563      532      540      540      509      540      525      499      536      457      410
      433      406      406      398      356      371      340      310      320      293      245      275      223      219      196      218      206      191      147      181
      149      139      129      129      134      103       91      109      103      103       72       68       73       74       67       71       69       62       63       63
       63       54       56       62       73       67       52       91       98       86       99       75       94       86      120      120      140      126      124      149
      174      188      182      203      201      207      237      260      247      306      278      315      317      338      374      402      426      487      473      459
      498      514      541      615      537      582      637      628      609      632      604      596      624      621      559      584      539      496      507      488
      498      442      458      429      385      364      360      330      327      319      297      250      266      243      235      218      173      197      181      159
      151      130      145      140      107      116      104      106      105       86       87       82       82       77       68       62       66       76       57       53
       46       64       56       72       61       57       87       62       80       86       91      103      119       98      116      127      130      145      144      158
      147      166      204      223      212      227      257      276      275      306      315      330      357      384      408      457      419      456      530      534
      532      546      578      609      659      695      638      641      694      688      723      665      630      681      684      608      615      579      566      558
      524      477      480      464      374      445      363      349      316      297      305      276      246      232      241      230      209      183      169      175
      162      164      141      140      118       94      100       93      103       99       88       80       71       69       72       75       72       58       51       63
       51       63       65       61       75       70       68       89       94       88       94       87      122      114      118      124      137      142      153      160
      187      193      191      237      202      225      255      306      257      305      326      345      378      400      375      442      465      474      511      520
      564      652      636      644      661      746      736      700      763      792      745      716      734      710      701      706      681      650      640      573
      542      517      488      460      408      440      449      329      351      342      307      288      255      220      228      202      193      192      186      180
      145      149      162      126      129      135      126      111       95       92       98       89       72       77       85       72       52       69       72       59
       66       62       63       66       63       79       71       84       88       89      106      107      122      107      118      140      147      142      140      162
      192      174      200      221      233      259      253      315      298      310      343      415      405      442      463      493      521      578      548      594
      660      665      752      739      730      778      748      844      866      818      852      786      797      777      795      737      692      717      732      626
      584      530      523      520      472      455      415      363      363      319      288      264      270      278      253      250      232      230      177      186
      173      143      142      155      141      117      117      116      101      110       91       78       90       74       74       75       67       76       66       46
       49       57       53       68       80       80       82       77       86       84      106      121      100      106      110      128      133      160      165      141
      171      167      182      228      276      268      283      312      306      318      389      404      414      433      510      526      564      559      644      678
      698      666      778      853      851      890      910      893      946      911      977      878      887      839      878      837      799      737      716      637
      654      650      554      579      529      466      453      437      429      336      360      333      287      278      269      229      200      192      181      202
      184      156      159      142      156      123      105       97      114       92      120      114       75       80       74       81       55       52       72       56
       64       48       71       66       63       78       67       77       85      118       99       99      103      124      145      145      137      156      176      184
      197      218      220      237      259      294      297      338      327      384      381      399      487      504      486      593      618      674      706      740
      761      842      856      937      953     1032     1070     1054     1077     1055     1062     1031     1053      996     1022      963      894      890      785      803
      721      630      646      629      552      508      453      443      403      422      324      303      319      299      258      270      248      238      219      182
      204      167      168      146      153      130      111      137      106      110       96       95       99       77       75       52       79       68       77       60
       68       43       62       76       80       83       84      103       96       82       91       98      124      114      116      151      142      170      170      203
      195      218      218      224      242      276      301      317      347      371      411      425      475      513      540      614      664      762      730      803
      799      879      922     1001     1004     1094     1125     1177     1167     1209     1328     1209     1142     1115     1055     1098     1034      941      907      838
      766      801      680      650      596      559      545      417      450      389      415      336      323      285      281      279      211      213      233      217
      180      169      157      156      136      161      139      127      120      113       88       98       95       84       81       85       87       66       54       49
       53       52       74       74       72       99       87       76       95       89       95      114      116      125      143      141      150      155      157      188
      196      189      246      274      249      289      318      360      358      392      428      448      498      524      545      625      719      759      792      851
      936     1046     1069     1092     1240     1199     1241     1303     1337     1360     1469     1409     1409     1239     1223     1177     1134     1115     1039      918
      826      767      720      689      670      577      521      507      494      419      375      313      323      317      295      289      262      243      222      183
      174      170      155      164      166      116      142      142      112      101      106       94       94      110       71       69       75       60       60       56
       53       77       70       65       62       81       84      101      114       96      111      119      109      147      146      153      138      175      190      183
      204      214      232      274      315      281      303      356      398      387      468      490      556      561      621      672      695      770      818      922
      975     1065     1157     1293     1312     1393     1483     1508     1538     1569     1540     1509     1535     1389     1460     1268     1216     1171     1058     1056
      966      846      790      708      636      644      568      539      525      477      423      375      394      321      340      281      260      263      207      196
      197      172      165      160      172      157      148      130      128      133      100      110       93       77       82       82       82       75       72       53
       61       58       67       80       65       65       94       96       90      109      102      132      115      127      174      155      167      194      207      188
      214      197      244      307      304      313      320      337      407      420      458      480      529      592      672      785      798      881      994      972
     1050     1214     1311     1438     1438     1627     1650     1705     1792     1754     1771     1841     1681     1684     1613     1473     1433     1271     1177     1130
     1019      974      823      789      721      686      621      590      530      480      478      396      410      349      321      291      278      242      234      214
      206      195      181      147      138      152      149      129      105       90       90       84       87      101       75       78      102       78       68       71
       69       80       72       75       76       78       92       91      112      129      125      104      109      144      157      147      187      176      157      210
      225      244      228      273      299      298      345      366      424      434      477      535      597      655      727      764      853      970     1012     1114
     1246     1383     1466     1598     1622     1815     1915     1934     2119     2140     2157     2080     1982     1877     1774     1687     1568     1435     1358     1235
     1142      986      937      853      775      683      648      564      525      466      481      441      369      385      320      315      262      284      225      235
      220      182      184      170      151      148      128      145      134      112      109      121       76       88       93       70       74       60       69       56
       51       68       67       76       71       72       98       99      106      109      113      104      144      138      150      161      181      190      194      219
      244      265      245      296      300      318      367      380      441      468      510      571      590      650      705      812      905     1011     1158     1246
     1338     1546     1628     1747     1979     2005     2265     2339     2469     2466     2498     2532     2359     2188     2150     1859     1802     1621     1420     1274
     1204     1113     1063      900      839      737      739      605      556      519      444      435      400      409      318      302      269      266      255      222
      216      222      191      143      160      144      168      151      124      115      117       99       96       89       70       61       69       71       67       70
       53       77       62       75       88       85      101       88       90      131      120      125      141      124      140      158      187      173      219      210
      227      246      257      307      297      358      417      404      448      466      529      615      615      696      763      829      948     1051     1110     1330
     1488     1599     1752     1982     2089     2328     2532     2733     2837     2981     2977     2825     2752     2581     2435     2135     2088     1808     1624     1436
     1301     1135     1056      978      892      792      760      666      573      556      499      445      409      391      308      329      305      269      250      198
      193      185      194      163      144      142      147      128      124      126      106      117      106       84       86       78       76       88       71       54
       63       68       73       76      100       75       93       84       95      109      111      116      122      116      139      172      171      190      224      200
      237      256      294      291      327      356      361      397      482      487      531      620      672      720      815      915      987     1109     1290     1456
     1609     1777     1986     2115     2486     2663     3037     3274     3342     3467     3481     3438     3276     3013     2754     2496     2297     1996     1798     1641
     1426     1317     1162     1056      867      828      732      725      605      551      503      468      443      433      345      271      306      294      273      240
      228      187      218      194      141      185      152      146      130      128      109      103      101       78       85       75       76       65       69       65
       52       72       66       77       67       73       82       95       94       99      130      147      125      135      121      173      176      192      212      226
      216      241      298      320      340      349      379      426      479      527      518      630      722      716      838      959     1132     1262     1297     1469
     1733     1955     2228     2467     2870     3259     3526     3840     4115     4177     4327     4124     3835     3608     3200     2790     2538     2206     2021     1743
     1575     1358     1190     1043      910      836      771      766      639      560      490      488      442      381      399      360      298      283      248      248
      211      201      175      193      179      123      168      157      122      119      109      110       94       91       81      107       72       61       71       81
       60       78       79       58       72       88      110       85      110      104      118      113      140      159      170      177      195      175      217      208
      221      244      287      298      352      385      379      444      509      536      575      654      722      804      905     1011     1109     1266     1324     1673
     1874     2122     2425     2855     3182     3915     4238     4581     5026     5327     5435     5118     4775     4237     3696     3242     2854     2360     2135     1842
     1687     1433     1301     1154     1043      926      805      703      613      588      541      518      459      404      364      318      314      235      256      250
      201      210      185      191      139      166      176      130      127      141      115       95       93       89       89       81       81       73       78       84
       83       68       63       70       82       73       81      109      109      100      130      131      130      143      161      177      181      182      214      231
      238      285      273      327      346      374      396      436      515      543      642      663      774      817      961     1009     1174     1322     1519     1768
     2023     2330     2756     3106     3646     4323     5104     5820     6425     7039     6934     6525     5914     5023     4361     3625     3145     2699     2194     2046
     1782     1545     1377     1176     1040      950      812      772      699      632      594      476      494      411      376      364      300      277      268      262
      236      224      197      191      173      156      152      136      138      128      114       96       90       86       84       86       76       59       66       68
       74       78       66       85       85      100       80       96      117       99      108      121      129      152      161      182      189      211      201      246
      245      265      314      346      380      363      426      431      479      544      629      676      728      860      950     1100     1193     1443     1584     1819
     2119     2519     2939     3524     4131     5083     6055     7270     8756     9207     9501     8530     7267     6038     5068     4192     3464     2863     2451     2146
     1823     1574     1428     1266     1115      959      853      760      671      640      510      551      507      480      399      328      294      285      277      243
      240      218      213      179      176      166      158      149      121      116      102       99      102       93       95       90       90       70       90       64
       68       64       93       81       82       82       98      109      137       95      100      106      145      157      161      144      187      204      211      247
      265      261      321      332      362      413      434      458      474      537      592      702      791      911      927     1043     1234     1422     1629     1856
     2183     2516     3079     3748     4591     5682     7023     9070    11866    13849    13887    11841     9295     7257     5723     4665     3737     3141     2504     2230
     1958     1649     1392     1270     1142      913      920      766      719      596      550      516      456      401      349      368      295      295      281      239
      234      226      198      187      186      156      164      148      135      140      122      114      105      101       84       69       81       88       72       81
       70       58       71       68       93       81      107      111      108      126      119      124      138      134      163      191      179      205      229      238
      248      259      312      368      376      333      427      488      488      563      642      701      783      892      980     1079     1233     1436     1677     1969
     2157     2765     3127     4095     4827     6336     8232    11362    16310    22751    22953    16668    11699     8491     6407     5012     3964     3210     2748     2257
     1890     1692     1403     1323     1151      990      866      789      683      596      554      525      509      432      399      359      339      344      297      223
      221      215      189      194      163      175      133      146      160      141       90      113       86      100       88       63       71       65       72       73
       70       78       68       59       76       87       95      111      137      112       98      126      129      163      159      162      168      184      218      238
      256      282      267      335      356      398      431      459      522      588      627      727      743      898      965     1109     1296     1445     1730     1962
     2243     2744     3253     4015     5153     6725     8756    13160    22039    53085    53393    22429    13145     8740     6654     5159     3953     3400     2691     2294
     1973     1714     1408     1331     1107     1041      896      809      662      626      606      589      485      416      406      369      328      310      277      227
      238      207      244      199      181      140      154      149      136      137      115      104      111       82       96       81       63       71       78       79
       65       65       82       89       79       95      100       88      119      109      130      125      141      140      144      192      174      208      229      228
      249      291      302      330      353      398      438      496      514      578      594      702      776      859      983     1138     1311     1507     1670     1918
     2327     2678     3317     4032     5176     6528     8909    13235    22150    51700    52582    22500    13218     9281     6618     5111     4040     3292     2737     2326
     1973     1653     1514     1220     1103      990      861      774      708      683      534      534      471      429      367      329      330      329      295      233
      250      223      211      206      200      157      165      141      149      120      145      113      115       97       96       73       70       78       73       69
       56       70       75       93       94       88       93      109      113      136      112      117      137      147      159      165      182      175      211      235
      233      287      323      309      358      420      433      492      500      549      624      720      825      871     1021     1162     1332     1456     1650     1947
     2316     2828     3234     3785     4973     6111     8294    11448    16091    23273    23284    16828    11669     8197     6238     4942     3868     3166     2745     2354
     1977     1613     1490     1294     1165      978      864      785      695      697      519      523      464      466      383      371      309      309      282      239
      220      208      161      214      170      156      134      129      135      137      123       99       96      105       76      105       86       75       66       90
       70       83       83       94       81       70      109       99      109      119      124      145      136      161      143      157      183      203      222      235
      266      281      304      343      337      374      431      492      542      604      678      663      834      831      983     1127     1245     1477     1632     1858
     2229     2569     3126     3835     4493     5732     7229     9390    11789    13823    13816    11991     9258     7371     5735     4650     3708     3117     2776     2189
     1942     1697     1402     1282     1134      918      833      767      706      633      566      453      452      392      400      404      330      286      285      265
      244      204      189      168      164      156      138      143      124      107      112      120      108       82       86       87       84       69       80       67
       55       64       92       84       76       97       84       94       95      107      111      124      140      140      192      177      172      209      216      234
      249      282      330      318      357      390      431      455      536      522      631      674      800      867      992     1147     1233     1391     1610     1794
     2213     2478     2994     3416     4156     4945     6040     7445     8537     9435     9449     8775     7400     6212     5226     4133     3412     3017     2514     2151
     1963     1553     1390     1327     1072      919      850      797      668      583      523      516      482      435      359      378      333      314      287      270
      245      216      199      161      189      165      142      139      146      135       98      110      107       80       84       84       97       76       72       71
       72       63       54       95       69       71       83       97      107      110      133      114      148      168      160      162      187      206      197      251
      249      274      287      263      326      336      440      475      508      532      585      659      741      795      958     1000     1189     1312     1549     1736
     2047     2334     2684     3148     3810     4339     5012     5788     6405     6890     7024     6595     5780     5206     4281     3752     3112     2718     2385     2011
     1763     1626     1369     1175     1028      927      832      757      682      607      534      497      498      370      365      343      343      274      290      241
      256      192      196      196      211      169      157      144      143      150      138      112      112      101       80       89       80       64       65       72
       72       77       65       70       88       75       77      104      102      122      114      129      121      137      163      142      180      175      226      200
      237      253      279      341      353      411      416      454      456      518      567      635      705      843      909     1057     1181     1336     1474     1642
     1890     2097     2468     2877     3303     3739     4291     4652     5261     5439     5504     5187     4776     4276     3770     3266     2863     2521     2172     1968
     1616     1492     1245     1137     1038      887      801      747      627      579      505      486      440      398      376      356      323      260      307      263
      228      202      213      208      188      147      136      121      136      109      120      110      104       96       97       96       52       99       72       74
       48       74       84       60       72       83       89      107       99      107      124      134      141      149      135      149      183      191      226      222
      220      264      295      330      330      348      404      446      477      506      533      650      684      781      865     1011     1093     1251     1440     1594
     1705     1911     2171     2556     2840     3205     3653     3902     4083     4359     4315     4148     3913     3616     3242     2975     2527     2246     1992     1731
     1548     1330     1197     1072     1000      848      789      696      659      570      532      457      437      372      365      351      304      290      258      238
      217      198      172      180      189      183      148      158      124      122      104      101      103       83       96       87       72       62       63       47
       54       72       74       89       90       79       95       92       92      100      119      133      139      151      168      159      171      186      217      207
      246      234      296      312      348      357      375      433      488      500      532      546      725      755      866      941      992     1142     1308     1438
     1608     1796     2011     2283     2449     2700     2979     3145     3382     3462     3704     3493     3199     3038     2643     2617     2233     2128     1893     1646
     1454     1319     1126     1098      886      764      740      656      597      594      554      476      412      371      394      349      308      286      240      235
      217      180      175      187      157      132      154      142      134      123       99       98      107      109       90       79       80       66       70       53
       72       55       72       74       77       74       90      101       98      127      118      140      122      150      155      168      185      203      200      220
      206      269      306      298      301      341      363      432      399      448      567      609      658      719      873      926      976     1087     1190     1351
     1416     1675     1831     2031     2227     2378     2561     2745     2849     2954     2978     2860     2738     2594     2362     2221     2053     1914     1727     1409
     1303     1262     1062      909      871      733      739      624      586      558      516      416      420      378      363      344      280      280      266      266
      228      199      162      161      180      145      143      131      121      112      131      128       93      105       86       83       95       65       73       51
       56       58       81       68       82       94       98       92       97      113      118      132      145      132      183      163      171      170      210      224
      220      237      259      269      320      348      326      401      445      484      499      524      676      676      784      792      920     1026     1098     1244
     1364     1451     1658     1785     1939     2185     2328     2373     2517     2475     2500     2424     2353     2261     2113     1969     1773     1626     1493     1392
     1238     1126     1019      938      825      733      675      584      621      463      495      420      410      380      352      300      293      250      226      235
      214      200      166      170      169      162      145      130      148      112      109      116      115       94       77       84       67       75       66       63
       63       68       58       58       80       87       91       95      111       95      108      123      149      123      147      147      177      175      182      200
      234      211      261      280      306      324      317      380      415      465      511      516      605      641      765      760      910      947     1016     1153
     1260     1347     1441     1624     1747     1901     1940     2059     2024     2180     2153     2145     2090     1957     1899     1783     1574     1582     1391     1240
     1124     1015      944      846      800      724      655      615      572      479      495      421      374      365      387      309      276      247      225      199
      228      189      169      171      154      157      147      134      107      109      106       90      109       96       84       88       76       63       70       65
       62       63       62       75       68       98       90       84       99       99      122      124      135      137      146      162      168      174      205      188
      234      226      242      267      317      326      325      380      387      405      466      506      618      583      678      759      766      864      995     1081
     1210     1203     1262     1453     1605     1575     1598     1799     1828     1821     1887     1709     1748     1707     1685     1522     1453     1375     1240     1123
     1119      958      935      835      740      652      632      515      512      464      456      425      386      352      320      320      299      261      222      222
      221      201      212      173      150      147      126      118      123      117      109      110       89       93       75       88       89       66       67       52
       73       58       63       75       53       85       88       95       83      101      112      116      110      141      145      149      163      157      182      174
      219      231      228      274      306      312      324      319      354      413      454      486      574      605      597      623      718      840      870      993
     1043     1104     1158     1301     1328     1381     1553     1595     1567     1666     1603     1508     1516     1501     1351     1319     1265     1308     1110     1034
      966      938      831      737      678      642      607      505      485      460      401      383      367      365      314      277      257      265      219      219
      211      177      166      168      154      156      138      118      113      114      110      101       88      100       71       79       64       60       76       61
       60       67       73       89       75       87       84       99      112       95       81       92      109      127      158      160      169      174      184      206
      208      230      230      248      302      258      296      320      365      402      437      484      553      557      555      662      686      761      786      917
      972      952     1099     1116     1248     1230     1297     1336     1389     1385     1465     1406     1327     1282     1325     1191     1176     1090      993      945
      896      776      788      708      608      592      524      519      480      440      398      420      351      344      281      281      275      219      212      213
      217      178      158      178      128      150      127      133      116      108      103       97       91       85       71       73       67       80       66       52
       82       61       71       66       78       74       64       89      120       97       97      102      114      146      138      133      164      174      167      217
      197      214      224      231      268      268      303      332      366      385      430      420      483      474      573      586      641      647      730      839
      836      924      911      998     1156     1048     1159     1236     1213     1216     1273     1210     1241     1183     1175     1110     1026     1006      940      828
      788      738      709      679      610      556      494      460      449      400      394      377      329      318      303      269      265      245      196      192
      177      178      184      130      136      144      126      138      107       93      101      108       78       80       83       52       77       73       46       67
       56       57       65       76       80       80       84       65      109      105      111      115       99      129      148      128      146      156      154      190
      180      209      237      253      268      288      281      293      322      359      395      401      462      464      529      623      622      703      669      675
      819      846      952      930     1012      969      999     1083     1115     1067     1032     1128     1125     1014     1058     1039     1002      921      848      760
      731      714      634      632      578      513      506      497      426      426      415      358      350      269      289      249      255      213      195      195
      167      189      165      167      141      142      112      110       95      105      100       93       94       74       71       81       63       74       70       62
       49       57       66       66       66       70       93       92       79       88       99      141      108      119      125      138      124      152      175      175
      194      223      221      248      265      278      293      304      307      342      398      395      449      481      527      525      504      600      659      717
      752      701      752      840      880      904      935      914      947      923      977      951      997      941      985      879      833      806      736      734
      681      693      604      531      581      494      488      466      404      378      373      325      323      298      264      242      227      202      183      172
      172      181      153      172      138      122      135      126      102      114       78       96       79      104       64       64       77       78       71       54
       70       70       67       76       58       72       85       94       77       97       92      105      128      129      123      136      145      134      168      138
      195      198      227      206      233      246      268      294      318      347      358      362      393      426      490      458      525      540      610      614
      644      648      719      800      804      835      834      899      882      893      917      925      849      809      806      819      802      737      680      686
      614      616      573      503      491      488      413      405      389      384      354      354      327      289      267      243      225      209      192      170
      153      183      159      156      127      116      117      132       93       98       86       87       79       83       78       66       67       59       64       64
       70       55       74       65       78       66       89       83       90       81       95      108      102      104      125      125      136      148      142      165
      165      218      214      213      241      260      243      267      277      313      352      382      381      421      444      438      511      515      549      579
      581      609      664      666      739      722      766      737      769      830      762      805      789      748      744      674      716      642      659      643
      571      534      511      490      476      382      401      367      351      309      317      297      299      240      232      246      210      199      182      204
      177      172      135      137      121      129      122       96      106      111      102       85       95       96       86       70       75       55       62       57
       59       63       58       61       83       65       74       75       71      106       85      105       91      124      109      126      117      133      136      151
      182      188      202      215      211      243      239      258      275      361      325      333      368      383      425      429      413      534      504      521
      538      608      649      674      687      694      665      698      695      748      716      679      693      693      655      647      678      611      562      625
      551      444      504      464      436      419      378      402      334      329      295      310      251      256      243      204      207      180      191      171
      159      165      128      139      129      127      112      111       81      110       84       82       92       65       77       77       67       54       69       61
       50       73       65       64       79       64       73       81       88      116       88      115       97      124      105      123      133      142      151      158
      161      201      163      188      227      204      251      248      257      307      271      367      341      374      396      375      431      465      486      488
      499      519      583      573      573      620      639      623      648      625      598      647      595      617      618      603      578      571      496      494
      500      470      443      441      374      389      368      357      330      328      256      245      229      229      237      208      200      171      181      152
      157      134      145      137      119      128      103      111       82       84       75       66       74       72       74       67       86       69       64       55
       47       61       52       55       65       77       56       74       95       86       79      102      112       99      105      127      133      133      136      147
      167      169      182      191      232      205      227      242      264      266      278      341      315      351      341      390      364      433      425      419
      455      450      489      558      497      522      590      572      558      630      611      602      582      594      528      535      547      488      545      457
      440      416      411      392      356      329      350      312      272      294      260      259      243      227      241      193      195      200      173      156
      145      165      118      114      114      123      125      101       86       86       80       84       84       71       58       55       58       43       64       43
       67       67       54       50       63       66       69       60       75       86       81      111      103      112      103      137      131      108      147      140
      157      164      186      189      146      195      214      237      237      249      245      265      283      276      322      312      375      388      412      422
      434      461      433      497      510      495      527      545      541      531      533      526      536      526      502      496      485      481      502      412
      425      396      378      381      348      307      310      291      299      262      260      237      233      204      192      189      207      177      153      178
      136      133      126      139       95       94      101      106      103       98       85       87       90       82       58       68       59       55       50       66
       60       73       46       68       62       62       73       64       63       62       99       62       88       99      111      118      111      115      114      139
      153      147      157      175      179      172      221      205      218      256      251      257      277      306      304      285      338      331      371      370
      414      436      438      434      481      444      495      478      482      442      473      488      448      438      477      452      431      454      454      424
      376      374      384      337      364      342      315      257      271      276      252      240      209      241      180      190      196      184      156      159
      151      129      126      119      111      104       91      106       86       89      101       57       65       74       51       68       54       48       58       58
       58       48       70       61       47       58       66       60       68       76       93       77      109       82      116      101      119       95      149      141
      127      133      142      165      157      176      178      209      213      233      235      247      230      292      289      304      331      317      336      373
      385      419      392      383      378      399      460      419      465      438      427      423      391      425      432      434      411      383      392      376
      349      336      342      298      327      301      257      283      264      226      237      219      232      182      179      187      174      168      131      157
      104      132      137      107      116       98       95      108       93       88       78       65       64       69       61       60       57       72       51       45
       34       33       45       52       58       51       66       72       70       71       92       88       79      104       94       96       93      130      124      133
      153      137      165      169      165      174      204      174      181      262      231      231      233      257      281      294      297      272      326      323
      354      341      366      381      365      376      384      395      370      391      394      386      400      388      382      391      395      404      357      336
      341      334      314      333      280      272      264      255      259      235      227      251      187      193      181      146      165      157      122      152
      120      127      130      121      108       85       98       91       96       78       86       76       60       62       55       71       45       57       59       71
       55       54       54       52       58       57       67       62       64       76       85       94       83       83      100       99      107      123      126      109
      118      139      143      146      147      181      178      177      183      186      214      203      214      253      254      273      252      308      292      328
      298      292      313      319      347      364      346      339      390      348      374      387      375      374      354      369      288      340      326      310
      286      298      300      269      270      274      273      235      225      230      215      202      199      158      153      169      136      152      131      111
      117       95      113      127      110       84       83       91       68       87       69       80       61       67       65       58       56       57       48       48
       42       50       55       47       57       57       71       61       79       70       79       78       74       94       85       89      108      106      107       97
      108      141      131      141      179      167      158      185      175      194      174      188      221      246      263      241      253      256      288      281
      302      312      284      312      355      354      324      336      331      345      366      352      334      334      342      323      300      283      327      266
      313      285      252      260      256      233      233      229      207      217      184      188      159      165      166      121      141      113      134      116
      128      113      107      100       99      104       83       95       87       62       74       78       59       76       66       58       54       61       59       49
       40       41       73       51       78       53       55       63       71       71       57       81       81       89       87       89      107       98      104      101
       98      128      144      129      160      141      164      148      182      160      202      166      185      210      272      214      218      272      250      271
      290      269      273      284      331      301      308      303      316      289      325      323      309      253      277      334      272      255      254      285
      281      250      238      273      234      234      201      230      183      185      188      175      172      155      164      144      131      138      118      139
      108      112      110       93       89       88       91       88       81       67       77       85       65       56       70       48       44       39       42       46
       43       61       41       47       54       47       72       53       50       63       65       92       87       84       90       83       88      105      127      113
      101      109      134      140      150      146      157      179      176      171      166      171      211      209      199      192      230      224      231      228
      254      273      247      276      274      267      282      250      279      292      289      314      296      278      274      250      271      261      255      258
      245      229      259      215      232      201      205      184      188      180      183      149      146      144      162      135      128      108      121      123
      115      102       91      111       82       84       90       72       83       79       66       68       58       51       46       54       53       51       56       45
       44       53       38       52       57       52       44       53       71       72       62       85       81       70       68       80       68       71       87      100
      102      114      130      114      137      146      145      153      134      193      139      178      150      192      191      209      237      220      231      231
      235      269      240      263      257      291      272      261      261      274      280      272      232      259      271      238      255      273      234      275
      242      204      197      187      191      181      184      202      168      152      142      175      156      142      131      141      105      100      121      114
      118      101      104       91       97       70       92       75       73       58       69       71       63       55       51       48       30       59       47       40
       41       47       41       48       53       51       58       47       59       65       55       64       78       83       85       76       73       97       96      110
       98       94      122      119      118      122      128      132      162      152      140      160      199      161      178      195      220      207      222      193
      233      245      227      250      239      255      204      231      244      210      253      231      252      254      243      244      226      227      212      199
      234      213      220      214      195      170      172      161      182      166      167      124      143      151      117      121      124      107       89      121
      101       80       84       81       99       85       81       84       83       53       52       46       49       55       63       40       33       39       43       47
       42       37       51       50       48       53       55       66       58       69       67       66       68       73       81       78       77       66       95      109
       97       91      107      109      128      130      113      154      147      143      137      166      157      172      183      179      176      181      187      186
      225      183      216      252      217      203      238      222      268      227      241      217      246      222      214      205      212      229      218      170
      201      194      199      172      162      168      173      155      163      122      142      133      155      120      135      127      112      109      127       95
       94      103       87       71       77       71       71       65       86       54       68       50       51       63       52       40       33       41       34       42
       44       35       45       45       60       53       41       51       67       53       54       73       67       86       75       84       77       77       90       92
       93      108      103      104      107      112      120      143      141      136      144      142      158      165      141      171      181      149      205      178
      194      206      183      194      221      231      209      196      178      200      217      220      173      223      217      215      209      218      179      200
      195      199      156      187      148      158      138      145      156      139      140      131      113      117      117      114      111      111      101       92
      108       96       85       69       82       67       57       65       59       74       61       52       51       55       52       45       41       46       51       30
       36       34       35       56       50       42       53       41       49       51       65       47       77       65       57       77       57       66       87       90
      102       92       87      109       97       97      113      127      122      134      136      150      136      146      141      169      163      133      185      216
      173      182      196      188      198      188      174      176      196      187      188      198      198      184      183      207      172      180      193      166
      176      166      204      157      144      150      159      124      120      136      125      139      122      116      120      113      110       68      101       99
       80       97       83       72       91       66       68       82       79       57       66       52       58       42       45       56       46       34       43       44
       34       43       50       41       46       54       39       66       56       60       59       54       67       79       76       74       77       86       81       80
       76       85       84       90       90      108      109      107      122       95      135      134      123      149      143      165      161      148      157      154
      172      181      159      174      182      161      180      201      196      179      188      198      208      193      165      181      163      163      159      171
      152      156      157      163      132      151      141      144      129      119      117      129      123      121       94       96      122       89      107       82
       91       77       79       85       58       64       53       62       59       52       51       55       42       57       43       43       47       43       47       36
       45       43       46       40       62       51       44       44       43       44       55       58       67       60       70       68       70       78       89       77
       79       80       95       97       89      109      106      124      119      118      102      121      127      130      152      131      160      122      145      140
      170      166      160      153      145      160      166      183      181      165      177      155      163      172      192      158      169      179      145      167
      166      142      154      152      152      142      127      124      115      130      119      115      115      120      115       93       77       90       89       94
       92       70       70       60       83       85       57       54       62       53       63       48       53       43       62       59       42       50       32       38
       30       31       44       50       56       47       52       41       56       49       54       66       41       73       64       79       68       70       64       77
       74       77       78       83       75      102      106      115      107      120      106      121      101      118      128      128      108      138      130      133
      151      150      163      147      159      134      170      149      143      166      159      151      186      155      152      136      137      150      155      140
      153      136      133      138      119      128      127      121      118      108      126      108      104       96      108      117       85       97       98       79
       69       64       67       55       64       66       56       67       54       71       51       41       43       43       42       43       45       37       39       37
       44       25       37       41       49       61       36       50       36       61       45       57       48       56       57       81       58       58       74       72
       80       63       70       88       83      103       92       94       91      117      102      102      104      142      115      112      129      133      125      138
      120      134      145      132      149      150      151      140      145      154      169      171      152      132      153      139      144      146      163      144
      137      136      112      113      121      130      115      113      119      120      107      109      106       89       98       87       76      101       90       75
       67       61       68       62       65       60       63       45       65       44       61       53       44       46       42       40       38       43       33       37
       44       33       41       32       40       48       30       36       49       40       43       43       46       48       63       66       68       65       62       57
       66       62       97       87       86       66       94       96      103       94       95      101      117      109      126      114      110      108      109      133
      148      131      149      146      151      149      128      139      142      138      150      141      135      136      139      157      132      140      134      110
      128      130      156      115      120      122       88      117       93       95       89      117      102       86       93       72       71       86       83       77
       75       66       66       60       61       60       61       61       53       53       48       43       55       30       36       50       45       41       40       38
       28       34       36       38       44       43       52       45       38       44       49       53       58       72       70       58       45       67       69       63
       63       70       81       72       77       77       86       94       94       92       97      116       97       92      117      115      125      112      124      106
      102      106      119      127      116      127      121      120      123      129      156      115      130      140      104      127      114      120       99      112
      133      106      133      117      118      108      114      112      116       79      100       88       62      101       75       92       73       72       60       77
       74       55       56       55       53       53       59       55       67       39       49       46       52       30       34       30       41       29       32       35
       24       29       42       39       33       30       43       36       45       44       43       47       58       48       58       62       51       62       61       72
       75       66       77       75       63       74       80       67       83       84      104       89      109      120      114      118      108       97      107       84
      103      123      125      119      125      132      116      121      127      116      125      115      133      120      112      109      106      134      117      123
      101       99      102       95       97      110       98       80       99       98       64       88       77       74       66       79       62       74       70       78
       61       53       73       53       42       53       53       40       45       49       46       50       38       27       40       34       29       36       42       21
       29       35       34       44       46       42       50       26       38       59       35       41       27       49       48       60       50       50       55       55
       72       53       85       74       71       66       93       92       83       68       67       81       97       81      100       84       97       93      122      117
      113      142      110      122      116      123      103      138      104      102      120      118      108      112      122      129      116      107       95       97
      103      100       90       94       97       90       96       97      115       82       82       76       79       91       88       70       78       69       77       64
       71       75       62       52       52       36       54       54       48       55       36       35       37       42       42       31       31       30       30       20
       24       29       29       35       40       42       31       39       41       43       44       52       49       51       48       42       54       52       37       57
       54       50       69       57       78       82       72       73       75       84       79       96       75       75       76       79       94      101       92       92
       92      110       92       87      102      119       96      103      127      122      109       99       80       92      108      108      122      104       89      103
      108      103       91      104       91       83       99       79       76       74       73       75       63       88       77       58       68       62       79       55
       68       63       49       37       48       49       44       53       45       41       50       46       33       38       32       37       28       35       34       28
       29       40       34       23       49       30       32       37       45       44       43       48       51       50       64       48       52       50       52       54
       64       65       67       62       70       65       72       60       75       76       74       81       78       96       84       94       99       84       99      105
      104       94      100       92      113       93       94      117      114      109      110       78       96      104       89       96       99      111       98       83
       98       99       89       86       92       97       83       71       85       84       85       86       79       86       63       65       72       48       55       52
       61       52       64       54       54       42       34       43       38       43       46       42       35       22       36       24       38       24       36       23
       28       29       25       30       24       27       39       23       31       37       33       40       32       53       39       59       55       53       70       51
       49       45       61       56       73       54       74       67       71       78       66       82       91       74       84       85       76       90       99       72
      104       92      103      102       86       83      105       98       88      111      110       84       98       84       96       89       91       91      107       86
       82       78      108       89       99       81       85       72       57       85       68       64       61       63       59       53       54       61       52       58
       68       56       44       50       49       43       40       41       39       42       32       50       32       36       36       30       31       32       31       27
       20       31       28       40       28       30       24       28       28       39       38       43       31       35       44       38       44       52       49       54
       52       45       51       64       56       67       68       46       80       50       70       69       75       64       87       82       78       85       97       87
      101       90       77       83       89       95      102       78       90      106       82      101      116       97      107       85       98       79       88       98
       95       81       97       70       76       74       79       71       68       63       70       65       60       63       69       51       56       67       63       58
       59       58       54       45       48       44       48       38       35       45       50       39       26       44       35       21       26       33       25       33
       32       19       27       26       30       31       28       25       33       39       39       31       34       50       47       42       36       40       37       42
       48       58       54       45       43       67       72       63       64       65       71       72       68       79       64       72       91       70       76       86
       83       81       74       90       75       85       94       71       73       76       87      107       89      100       77       86       76       82       89       84
       87       76       64       73       79       63       71       69       70       67       61       62       72       54       60       52       52       56       62       54
       55       40       36       57       41       48       36       41       31       48       34       40       34       26       26       27       28       36       25       42
       20       28       20       28       39       20       22       29       33       35       28       35       49       30       49       36       34       51       51       41
       40       77       44       40       57       58       54       51       69       71       53       68       62       68      100       61       90       82       86       73
       75       79      104       89       85       79       84       60       92       88       75       70       77       68       88       75       89       76       90       86
       76       72       62       57       86       51       67       69       67       54       49       63       53       55       51       52       53       54       59       52
       45       43       49       33       34       41       44       47       41       38       36       44       32       44       30       22       42       19       25       37
       27       26       30       26       30       24       41       31       32       34       45       33       30       39       36       32       48       47       29       33
       51       50       48       47       54       66       67       51       61       55       60       46       70       70       76       88       49       64       89       74
       68       79       68       87       75       63       66       74       74       74       71       76       72       65       75      107       67       73       77       67
       68       73       76       66       80       69       73       54       77       58       42       65       46       47       59       46       55       54       52       54
       51       45       46       45       42       41       37       41       40       38       46       26       24       29       34       33       34       33       29       26
