       32       22       31       29       35       34       36       36       35       41       49       35       40       39       54       50       40       29       49       53
       56       50       54       45       59       55       65       68       65       68       64       51       89       66       82       71       73       77       75       76
       72       64       73       89       70       90       85       99       94       87       86       88       95       75       77       76       85       70       93       72
       76       69       73       84       75       81       71       72       67       62       57       84       61       61       59       55       62       50       52       56
       52       44       36       42       39       42       35       46       35       30       34       34       30       31       33       27       29       33       33       32
       22       34       31       30       31       30       29       30       34       45       37       28       51       48       51       45       49       59       56       50
       48       49       48       77       59       62       78       61       84       58       82       79       64       75       67       78       73       84       86       94
       99      100       90       82       96       72       82      102      106      100       90       95       89       83       90       73       72       71      100       81
       77       65       83       80       76       75       70       82       86       77       69       72       73       55       65       65       53       60       53       52
       55       61       44       58       57       50       39       37       38       28       37       44       39       47       34       39       29       21       28       33
       20       27       29       35       41       36       28       38       28       49       41       43       36       38       34       44       55       53       61       52
       80       62       60       67       67       75       61       67       73       71       82       62       83       58       69       82      102       84       83       88
       81       85       97      100      109       71      104       87      101       91      111       85       90       91      104      107       89       96       82       83
      100       69       73       85       73       73       88       72       69       76       73       80       58       56       52       88       71       48       45       56
       52       55       42       56       51       51       38       35       37       49       47       45       36       39       30       29       32       23       34       26
       27       38       38       40       34       43       32       38       48       37       45       39       57       48       62       57       64       42       62       68
       62       67       57       68       65       53       74       79       72       79       78       77       85       84       83       88       74       93       89      115
       73       98      108       90       87       88       87      104      106      110       86      108       97      117      109       95      104      100       92       67
       80       93       92       98       87       81       91       87       68       86       67       79       60       58       73       71       63       66       59       49
       60       51       55       52       57       48       44       54       43       28       37       36       38       39       33       33       36       31       35       29
       36       29       42       24       42       38       40       38       40       38       39       39       47       46       59       57       60       59       34       55
       83       69       68       84       75       66       76       69       86       87      100       88       70       82       90       67       86      101       91       95
      117      100      108      106       93      105       99      118      102      107      103      102       96       91      115       99       86      109      111      105
      103       91       96       98       73       89       76       68       87       85       90       83       81       68       56       82       79       62       60       68
       56       80       55       66       52       50       57       49       45       51       53       45       50       43       39       41       36       40       33       25
       25       37       47       40       41       41       52       52       52       36       48       43       45       55       63       46       60       53       72       52
       62       58       61       58       73       77       68       81       81       93       85       92       94      102       87       80       95      113      122      125
       94      121      114      123      119      114      110      110      127      114       99      117      133      108      102      114      108      100       92      101
      110       97       98       92       96       95       90      121       82       86       88       74       69       63       65       66       64       76       80       65
       63       63       55       51       50       58       42       55       50       58       36       45       35       36       49       37       42       36       55       30
       36       43       30       30       41       45       43       41       42       37       48       54       49       56       69       52       65       42       76       58
       58       67       58       63       79       66       98       84       94      115       91       88      100       97      111      109      106       97      125      100
      102      111      122      117      114      122      111      104      113      123      119      124      115      124      159      120       94      110      113      101
      108       84      108      101       91      119       81       87       88      100       98       89       90       75       97       81       65       61       57       82
       56       74       68       54       71       49       58       40       45       47       52       61       63       49       35       45       27       40       33       34
       33       33       44       48       49       31       41       48       54       50       47       55       64       48       48       61       61       60       73       87
       80       93       71       75       87      102       78       95      101       97      108      110      100      115      125      103      104      122      126      118
      135      119      140      113      121      133      123      113      139      135      112      124      117      107      114      126      143      122      125      116
      114       96       98       99      111      105      108      115       81       85       92       85       81       73       99       74       79       71       78       69
       76       71       62       73       66       46       52       70       46       53       38       53       45       50       42       37       39       34       45       31
       25       42       33       43       38       46       44       56       42       49       63       56       61       64       68       57       72       70       67       79
       74       64       73       67       75       84       75      108      116       97       88       95       85      108       92      112      103      126      129      120
      127      122      139      144      159      167      171      137      147      143      137      130      141      124      122      164      124      114      128      123
      125      121      126       91      105      111      110       88      106       96       82      101      101       85       80       77       86       64       70       69
       65       74       56       76       67       72       55       42       54       53       59       54       49       50       44       40       50       43       29       28
       33       31       37       37       36       43       29       51       48       49       55       56       46       56       65       66       79       72       93       77
       72       71       63       86       92       94       94       91      106       91      100      115      115      106      113      123      114      113      162      129
      135      146      150      150      130      149      140      138      126      168      155      150      143      136      144      143      161      138      125      137
      142      140       95      107      115      133      119      110      122      103      104       93       92       87       97      109       72       99       82       77
       67       71       83       70       58       71       76       54       73       52       61       41       65       46       60       41       46       39       41       41
       42       36       36       47       38       38       41       52       46       59       53       58       58       91       69       59       55       82       77       77
       88       78       93       91       98      104       99      101      109      112      130      111      133      125      121      117      152      140      151      127
      163      157      147      159      141      164      153      156      152      122      167      158      178      154      160      157      153      134      114      145
      128      163      116      117      118      130      116      137      121      109       91      107      108      111       88      106       94       80       51       81
       82       67       75       77       65       70       69       52       71       56       60       45       44       48       41       46       31       40       34       36
       43       44       48       37       30       57       40       52       55       62       72       44       76       61       60       76       75       84       68       69
       92       85       79       86       85      106      110       96      115      112      117      132      145      116      131      151      139      156      142      173
      150      180      170      157      157      168      154      170      157      146      163      171      185      167      168      188      168      162      147      149
      145      139      145      125      129      136      126      132      128      123      125      118       98      116      110      100       95       96       82       87
       85       80       75       80       68       73       55       59       66       60       67       57       56       41       46       43       30       30       39       48
       35       45       45       42       57       46       57       44       47       51       63       64       51       67       55       78       78       72       88       80
       83       71      112       86      122       98      120      113      130      136      118      111      139      138      127      127      169      158      176      161
      150      159      181      162      180      183      180      193      175      176      166      190      177      183      186      154      168      175      168      143
      162      149      159      118      167      142      154      164      127      100      131      129      140      114      114      126      108      102       95       83
       83       68       83       72       84       51       80       68       58       57       50       53       60       52       44       55       47       32       44       40
       48       43       45       50       40       59       48       49       66       68       69       53       74       83       91       75       75       77       69       85
       81      110       97      102      108      118      123      118      132      119      132      142      158      159      160      172      198      145      175      163
      168      186      186      176      197      171      177      202      193      198      192      201      201      187      183      203      184      186      178      169
      162      166      137      166      180      135      143      122      162      123      130      107      106      116      107      106       93      102      105       78
       66       72       68       70       85       74       56       68       76       58       75       56       59       60       51       49       46       58       47       39
       44       47       38       48       46       55       59       60       52       62       64       66       64       76       87       62       95       94       93      106
       89       97      127      119      109      119      119      137      150      132      140      148      165      143      177      182      174      199      187      188
      177      195      174      234      208      206      198      199      216      201      185      187      213      207      204      209      190      203      173      189
      171      181      153      173      169      152      166      166      146      138      145      140      121      123      116      109       79      101      102      119
       92      106       76       69       76       77       63       53       71       63       63       58       41       61       56       49       48       42       51       37
       31       56       54       42       65       41       61       66       54       73       72       76       69       75       69       75       76       86      105      102
       88      115      109      125      127      129      112      121      152      131      142      143      148      165      185      221      191      169      194      210
      215      195      211      263      219      244      221      227      229      223      219      216      206      216      223      218      207      224      205      223
      192      169      183      209      177      179      170      146      154      154      133      156      100      115      113      135      103      123       99      124
       81       95       88       76       77       82       70       72       62       62       61       55       65       64       43       43       61       64       37       30
       40       51       47       58       48       56       53       66       64       71       65       79       84       76       70       73       79       82       89      110
       96      110      100      115      139      130      142      157      135      142      185      162      187      178      193      186      198      197      173      199
      228      235      233      225      235      285      251      223      225      222      202      236      230      224      209      246      239      227      208      215
      221      204      193      171      189      191      191      152      172      155      162      148      145      130      108      122      127      111      116      120
       84      100       93      103       83       73       70       62       60       77       69       72       49       60       52       50       51       51       48       38
       48       33       47       63       52       54       58       62       78       77       68       82       74       68       75       88       82       79       89      106
       99      117      119      123      120      124      134      157      144      176      175      194      168      205      199      208      210      210      217      220
      271      237      239      246      254      255      216      254      265      283      288      229      258      259      248      259      266      240      251      239
      205      224      215      234      205      205      187      208      209      201      168      152      140      129      142      129      116      126      102      123
      112      102      105      106       94       83       76       70       78       76       75       70       69       68       49       70       46       50       45       54
       50       52       45       55       51       56       60       64       66       78       76       62       85      105       96       85       81       97       90      121
      108      124      126      134      147      149      153      172      165      189      193      217      168      192      185      201      222      220      249      207
      263      239      268      242      260      259      277      284      305      275      292      261      297      238      264      263      282      251      264      234
      224      234      228      249      234      189      213      208      193      216      197      178      170      140      148      137      123      107      124      123
      121       91      115       80       83       83       82       68       70       83       83       62       68       64       63       54       56       69       47       52
       43       66       60       70       47       54       71       71       63       73       82       72       94       95      102      100      103      115      115      116
      112      131      143      136      156      170      177      159      181      181      208      193      205      215      221      231      256      216      264      240
      243      271      290      327      299      278      318      318      300      289      314      301      274      311      280      285      304      264      281      244
      269      259      262      234      235      211      234      240      215      210      182      191      153      174      166      132      134      131      128      125
      114      123      103       87       95       95       84       72       94       67       68       73       74       70       63       42       45       46       55       40
       55       59       46       52       64       57       61       77       78       77       76       62       66       86       71       94      117      121      108      117
      120      114      152      163      163      151      155      153      200      196      216      233      222      248      271      237      281      289      266      292
      274      285      290      315      288      316      307      323      332      364      358      332      333      330      306      330      290      305      309      305
      273      278      273      271      221      221      236      222      230      204      194      161      177      167      152      156      135      132      142      142
      102      106      115      118      102      100       94       74       83       77       88       81       91       66       69       66       59       55       38       44
       58       57       56       50       55       68       57       59       76       76       73       92       87       97       99      110       99      104      115      126
      129      134      116      184      181      180      182      185      205      205      211      245      240      247      262      275      280      261      276      290
      334      320      334      406      349      324      323      335      360      340      337      347      358      381      352      386      324      353      296      311
      308      291      304      255      250      255      249      234      210      241      187      199      184      176      156      167      182      124      135      139
      141      117      110      150      118      109       74       95       83      101       64       61       77       74       82       68       66       43       66       46
       50       55       55       58       76       71       73       65       69       73       78       84       85       96       84       97      100      131      105      145
      134      131      128      159      167      163      203      196      218      231      241      260      247      280      277      297      299      277      374      316
      328      351      399      352      352      357      370      368      379      383      368      390      380      402      412      372      382      345      333      286
      311      306      326      305      262      266      273      265      238      231      217      221      170      186      197      154      180      174      155      152
      147      128      129      108      103       98       82       95       95       73       89       71       75       67       64       64       73       56       47       41
       60       53       59       62       60       60       51       65       68       85       83       90       97       88       99      113      128      104      135      147
      140      165      203      181      174      174      213      185      231      228      216      234      269      244      272      295      307      309      329      365
      338      398      428      379      432      394      418      450      421      383      430      428      435      397      407      421      449      410      373      377
      322      333      314      289      312      298      292      246      252      239      239      223      208      201      167      191      179      157      166      130
      164      130      132      139      111       98       99       98       78       94       87      100       81       71       72       62       62       44       49       57
       56       48       55       65       73       69       66       75       78       81       84       86      104      103      101      147      111      128      138      128
      142      180      173      197      202      197      200      225      255      229      274      267      278      273      310      322      366      352      330      370
      410      442      397      439      418      401      421      430      457      443      455      429      486      455      466      446      435      411      476      395
      385      378      381      359      306      298      308      285      311      260      231      250      210      202      197      181      162      181      174      168
      138      152      133      104      138      111      116      129       84      100       94       92       64       79       62       65       54       81       62       44
       47       56       48       81       65       78       75       81       74       85      110      102       99      115      111      122      120      152      143      170
      184      161      159      182      208      187      229      206      216      289      291      281      291      338      320      377      335      372      415      395
      427      392      433      475      459      467      481      522      463      540      493      495      502      474      505      478      487      435      422      409
      383      405      368      317      350      354      274      282      289      293      223      232      232      234      198      189      185      172      147      157
      152      159      108      137      107      122      119      103       99       94       85       92       64       75       77       88       74       63       51       55
       51       56       62       55       54       76       67       87       82       87      117      106      109      110      112      117      129      148      170      146
      155      197      201      202      249      212      226      248      259      290      303      321      304      331      356      383      405      409      445      503
      451      526      482      523      517      533      524      572      554      561      538      594      565      573      538      524      500      463      497      460
      451      478      415      416      387      376      297      331      308      308      268      263      251      213      216      216      195      200      164      159
      155      144      153      127       94      138      113      113       97       75      103       97       81       79       54       55       52       61       68       56
       61       54       59       64       79       65       68       99       75       79      100       90      101      107      130      132      126      124      173      189
      191      196      201      223      264      215      243      250      262      285      305      317      335      357      351      410      427      438      483      495
      501      524      524      543      561      604      547      620      621      629      620      610      614      625      572      585      569      562      515      479
      473      466      451      464      416      397      350      355      326      293      314      262      234      247      231      219      210      198      197      175
      154      152      157      150      123      116      115       95      121      102      106      108       86       77       75       87       51       66       53       54
       59       52       56       71       78       65       90       78       95       93       95      112      123      106      131      139      129      162      155      187
      182      181      191      202      230      242      253      260      299      297      337      370      353      358      446      457      454      457      484      559
      521      536      670      579      632      609      643      633      654      695      711      680      651      641      605      667      596      580      579      552
      512      506      492      470      427      410      392      365      327      294      327      314      273      253      245      214      217      202      192      182
      158      141      149      145      138      142      125      117      107      118       93      105       83       83       84       79       77       75       67       61
       55       66       62       91       78       91       82       72       86      101      100      106      102      146      110      137      164      164      180      191
      190      185      190      199      255      229      296      287      321      318      365      334      392      426      438      476      475      545      530      597
      605      589      644      697      702      694      715      728      763      744      759      725      704      749      674      687      697      631      616      559
      619      541      493      515      462      438      402      370      342      367      293      309      266      275      269      245      250      224      232      184
      160      180      161      152      142      118      110      117       99       83      102       82       80       61       55       72       71       63       60       68
       63       68       79       60       74       83       81       78       99       77      100      124      118      131      129      162      166      156      176      186
      217      213      217      241      272      300      302      289      315      354      365      403      415      419      494      498      551      576      612      632
      648      653      732      703      777      746      794      818      820      840      805      849      857      821      809      749      804      667      685      657
      583      578      531      527      528      465      428      413      353      347      320      285      346      280      271      242      220      216      214      193
      187      186      177      136      135      131      123      100      114       96       96       82      100       98       74       82       69       69       62       66
       62       75       73       65       77       89      103       82      107      102       95      107      129      127      144      136      173      158      179      192
      225      228      224      284      242      260      307      305      321      373      385      422      430      458      525      496      583      600      634      690
      764      768      757      831      834      842      902      923      948      958      938      918      909      919      937      886      752      774      728      699
      718      596      605      540      564      476      449      461      363      376      373      346      315      305      241      290      235      241      222      205
      178      171      185      151      148      164      139      124      102      107       94      102      105       98       66       91      100       77       77       63
       51       67       85       77       75       87      120       93       92      117      124      121      136      148      159      170      159      159      138      185
      202      230      244      264      254      267      274      345      359      407      394      418      493      502      582      600      662      659      674      777
      827      829      846      930      900      922      947     1095      987     1059     1080     1086      999      950     1034      896      905      869      854      814
      755      708      669      645      570      530      526      455      441      437      371      397      361      346      282      252      295      224      220      191
      176      199      165      166      139      137      126      111      129       98      119       95       98       88       81       84       68       74       78       60
       48       74       59       84       73       80       85       89       98       96       90      129      139      144      135      148      175      173      176      217
      215      219      235      269      285      299      343      357      369      429      439      450      520      558      606      624      668      727      728      838
      793      898      997     1079     1097     1062     1116     1125     1163     1129     1136     1167     1161     1136     1070     1048      983      974      944      871
      812      742      683      677      581      597      538      503      527      493      415      388      370      319      287      288      278      249      215      209
      216      190      149      147      151      137      125      120      109      129      119      102       95       85       74       67       66       77       68       61
       83       68       89       85      112      102      101       83      104      108      118      121      136      122      140      161      189      196      183      190
      236      236      240      283      281      354      357      307      417      439      469      495      546      585      643      652      716      764      831      873
      908     1008     1026     1069     1137     1160     1260     1312     1264     1296     1339     1266     1232     1226     1172     1132     1138     1040      998      972
      929      851      807      671      650      637      598      521      499      468      430      431      355      333      316      281      269      251      258      206
      179      207      216      188      161      155      132      141      123      116      119      112       97       92       80       90       68       83       82       69
       67       70       68       80       90       79       93       98      107      121      111      147      152      143      161      162      177      180      203      246
      210      249      240      274      310      348      361      387      417      442      493      485      537      604      667      723      772      813      894      948
      987     1124     1198     1176     1302     1301     1365     1409     1468     1534     1543     1451     1430     1462     1310     1274     1184     1110     1115     1014
      971      934      849      751      655      659      614      545      486      472      432      402      373      353      309      343      245      249      223      212
      210      203      194      173      169      159      172      117      136      108      121      119       90       94       92       77       71       55       70       68
       66       70       96       71       61       86       94      105       99      118      101      126      168      141      165      165      181      203      210      217
      236      235      286      311      288      358      360      390      492      459      527      583      615      645      688      767      878      924     1008     1061
     1138     1199     1275     1290     1448     1496     1615     1619     1682     1608     1680     1638     1596     1608     1470     1422     1350     1217     1203     1151
     1090      947      940      833      731      707      603      616      553      522      489      434      388      383      379      319      287      290      262      256
      227      200      201      158      176      164      141      139      123      130       99      119       89      100      103       82       76       75       84       67
       60       60       89       84       95       88      109       78       91      133      135      128      132      170      135      177      156      196      187      221
      231      249      284      286      338      343      410      451      460      464      549      601      655      671      733      817      906      968     1035     1110
     1186     1308     1498     1538     1665     1695     1760     1886     1964     2013     1869     1953     1822     1822     1662     1618     1481     1459     1280     1262
     1122     1064      996      846      815      778      690      672      584      510      463      457      425      394      387      343      313      284      289      230
      233      228      193      174      148      149      144      124      119      115      117       99      107      102       89       84       91       73       72       69
       75       64       77       73       79       88      109       99      123      103      119      135      123      168      148      176      169      218      236      211
      250      251      319      302      404      409      400      409      453      500      562      656      674      744      793      840     1018     1060     1121     1267
     1350     1492     1602     1729     1800     1994     2091     2189     2142     2297     2276     2189     2099     2120     1907     1790     1761     1603     1533     1397
     1245     1130     1076      974      911      831      758      702      657      621      519      447      430      373      402      370      300      282      281      238
      235      192      202      196      160      166      157      165      122      121      115      102      111       88       96       77       76       84       90       64
       57       66       88       85       84       96       93      105      101       92      116      138      162      153      199      165      193      259      212      220
      265      263      323      349      303      388      431      459      483      520      590      614      741      735      843      896     1031     1144     1263     1309
     1523     1654     1850     1936     2085     2267     2429     2524     2644     2546     2697     2564     2366     2318     2207     2069     1907     1796     1627     1492
     1389     1262     1167     1063      921      855      779      662      615      566      513      503      458      441      396      364      358      329      279      256
      201      231      216      190      183      190      173      149      134      128      122      107      112       84       95       84       91       75       69       76
       89       98       76       86       84       93      105       93      123      136      135      142      120      180      167      191      197      232      214      220
      265      291      333      353      346      380      460      457      516      551      591      693      781      809      844      971     1113     1211     1333     1472
     1542     1825     2050     2154     2352     2566     2716     2898     3046     3105     3070     3061     2903     2763     2582     2356     2191     1946     1838     1677
     1433     1337     1238     1101      963      921      823      715      682      617      539      506      439      411      384      360      328      300      280      259
      255      222      202      186      182      158      163      138      153      127       99      110      121      101       89       77       88       95       83       72
       70       74       72       99       93      114      106      107      139      123      143      150      147      151      178      207      204      226      207      246
      264      319      329      360      394      427      437      503      498      551      652      720      829      852      905     1018     1171     1334     1484     1672
     1758     2036     2154     2491     2711     2977     3221     3405     3605     3725     3594     3459     3329     3153     2933     2621     2485     2305     1984     1835
     1611     1498     1262     1100     1065      935      876      741      666      636      553      517      508      455      414      366      370      342      294      256
      259      242      226      205      203      186      154      161      131      128      118      104      118      121      102      100       90       74       85       84
       68       79       83       95       93       86      119      115      129      125      146      164      168      154      197      184      210      217      237      234
      269      312      314      361      380      441      490      492      591      607      659      723      812      918      997     1050     1147     1390     1495     1817
     2020     2287     2554     2687     3090     3281     3741     4065     4202     4447     4437     4223     4080     3697     3425     3083     2832     2422     2251     1988
     1751     1527     1399     1248     1104     1030      898      832      699      676      628      553      523      492      435      427      351      342      318      270
      242      248      225      183      178      160      144      134      158      119      115      119      110       98      106      107       76       87       74       72
       73       72       86       83       91       98      104      106      124      129      144      144      135      167      173      206      194      211      232      267
      295      310      313      388      401      408      479      515      573      564      667      801      803      939     1005     1128     1269     1462     1608     1888
     2139     2399     2823     3083     3503     4071     4548     4850     5237     5327     5267     5269     4727     4430     3947     3507     3179     2741     2450     2149
     1864     1639     1454     1270     1189     1063      974      830      735      702      642      590      537      480      442      413      407      322      298      274
      272      258      221      183      206      168      159      172      168      126      134      120      119       90       81       89       86       94       76       52
       69       85       84       84      107       96      118      124      122      108      164      142      168      176      195      219      222      248      231      271
      293      299      341      414      411      439      455      559      603      618      679      792      866      951     1069     1260     1406     1559     1837     2080
     2325     2620     3002     3655     4105     4668     5463     5796     6574     6819     7037     6359     5853     5319     4648     4138     3524     3142     2689     2381
     1960     1776     1512     1377     1216     1186      980      861      801      800      670      533      551      490      471      395      334      326      318      268
      282      252      200      228      213      192      146      141      143      153      123      118      117      113      113       86       85       82       84       82
       78       84       89       89       87       90      101      129      137      134      131      126      179      154      206      214      220      232      247      271
      292      273      360      367      448      447      468      547      627      747      738      816      894     1017     1120     1202     1485     1703     1853     2177
     2437     2804     3301     3914     4562     5493     6265     7391     8413     8967     8896     8260     7505     6350     5460     4570     3906     3325     2814     2428
     2143     1843     1634     1429     1297     1112     1027      887      838      746      675      635      532      534      451      405      346      376      306      312
      283      258      216      208      214      215      185      183      148      135      116      113      104      116       97       96      107       81       58       66
       72       77       91       90       95      106       95      112      103      152      151      153      136      168      168      219      184      213      247      260
      304      311      332      356      437      428      493      569      636      687      710      803      968     1088     1157     1325     1471     1688     1951     2240
     2635     3083     3449     4326     5245     6293     7695     9518    10947    12316    12154    11066     9249     7846     6387     5106     4314     3656     3174     2587
     2205     1959     1757     1472     1302     1152     1064      915      844      777      692      551      553      501      436      410      384      353      281      327
      227      242      243      215      225      154      169      162      145      161      160      109      117      113       99      110       88       75       85       70
       62       71       87       83       81      108      106      127      122      115      136      157      155      181      172      209      203      240      257      257
      315      336      350      380      438      494      487      567      565      660      735      864      987     1022     1252     1330     1437     1732     1997     2354
     2807     3368     3824     4742     5737     7024     9167    12068    14929    17795    18173    15269    12052     9333     7289     5753     4702     3884     3250     2767
     2337     2092     1737     1539     1379     1175     1065      941      859      741      709      598      558      486      446      418      421      371      313      315
      293      226      241      218      229      186      161      158      120      149      122      122      133      107       90      102       92       68       76       69
       65       74       90       80       80       88       99      128      122      137      153      143      141      164      187      203      218      212      245      243
      334      352      361      335      411      447      503      581      621      656      829      791      916     1020     1182     1287     1604     1785     2085     2420
     2898     3348     4053     4996     6218     8135    10740    14667    21620    30521    30575    21458    15053    10860     8187     6223     5067     4071     3307     2848
     2483     2016     1840     1504     1327     1232     1066      927      808      712      685      576      541      532      448      440      372      361      289      302
      297      245      255      221      214      183      189      141      172      140      152      123      115      114       88      100       99      103       75       74
       76       78       89       72       95       91       88      120      114      109      140      151      171      161      208      203      236      252      248      260
      292      310      376      402      402      493      496      533      575      750      779      894      901     1121     1238     1301     1522     1838     2091     2449
     3064     3490     4244     5087     6527     8599    11599    16952    29326    73875    73618    29446    17114    11666     8613     6545     5135     4318     3401     2788
     2454     2130     1853     1588     1415     1298     1049      979      875      763      705      633      566      526      460      441      403      335      334      317
      291      262      250      207      194      220      154      151      148      133      139      110      124      125      105       95       93       80       73       79
       72       78       76       93       92      104      107       81      117      128      141      141      176      173      199      190      238      240      272      271
      307      315      378      384      417      446      519      538      595      689      777      917      989     1080     1220     1394     1569     1770     2033     2428
     2930     3433     4264     5198     6601     8546    11630    17177    29234    72244    72084    29296    17320    11748     8670     6594     5237     4088     3513     2903
     2548     2147     1772     1595     1401     1225     1046      942      852      761      696      619      570      515      443      418      373      361      325      311
      272      257      242      217      195      180      175      169      138      136      135      141      112      108       79       97       98       76       79       75
       51       76       79       83       81       93       99      118      122      145      150      138      165      186      164      173      207      233      251      265
      300      338      367      390      424      508      499      587      619      703      752      858      909     1035     1222     1404     1453     1786     2087     2400
     2832     3264     4002     4930     6107     7863    10890    14980    21676    30285    30116    21830    14872    11040     8061     6253     5030     3987     3438     2871
     2399     2070     1856     1495     1349     1258     1087      954      876      760      666      615      563      495      496      422      432      382      334      296
      280      251      213      225      200      197      168      150      140      113      148      140      123      111      107       83       87      100       68       59
       69       80       95      109       86       88      101      103      115      118      132      119      158      156      178      198      185      269      238      299
      304      336      371      376      431      420      493      558      610      654      733      851      918     1037     1184     1327     1535     1716     2034     2320
     2843     3289     3882     4815     5985     7382     9407    12068    15241    17758    17946    15127    11937     9291     7255     5873     4693     3971     3255     2866
     2402     2016     1800     1528     1353     1195     1099      920      880      738      681      577      539      460      424      413      413      351      329      283
      267      249      252      232      205      179      172      189      136      139      116      108      130       93      103       95       87      111       74       68
       89       84       96       87       94      112      118      120      116      141      151      160      145      180      174      184      204      264      262      285
      315      323      355      397      436      466      483      531      588      692      781      800      961     1037     1157     1310     1447     1699     1898     2247
     2680     3024     3642     4456     5199     6351     7726     9582    11170    12108    12113    11125     9487     7558     6426     5239     4339     3750     2994     2686
     2194     2049     1834     1496     1356     1210     1070      990      854      780      634      627      558      495      456      438      387      325      338      293
      283      253      234      220      198      144      163      174      153      174       96      132      125      115      105      102       85       73      106       75
       72       61       83      101      103       89      121      131      101      122      143      154      136      173      219      205      224      203      256      265
      288      342      366      374      416      444      499      554      581      633      704      793      928      991     1077     1259     1453     1599     1833     2175
     2415     2965     3341     3878     4711     5392     6576     7387     8442     8982     8938     8462     7626     6603     5615     4558     3930     3439     2963     2522
     2153     1904     1712     1507     1318     1069     1032      926      890      772      695      610      520      444      432      441      370      401      325      287
      246      228      271      207      205      202      154      164      165      147      136      116       96      107       98       91       94       90       83       72
       57       75       58       85       68       96      100      117      124      117      128      147      167      212      212      194      217      246      196      283
      295      318      354      347      402      452      448      536      569      630      707      780      915      910     1043     1209     1410     1536     1762     1994
     2336     2709     3137     3455     4095     4693     5323     6085     6641     6940     6898     6605     6046     5523     4800     4290     3689     3078     2726     2305
     2110     1801     1583     1368     1267     1073     1016      881      835      728      592      610      519      455      431      399      385      337      318      280
      296      262      235      238      227      173      173      135      160      141      135      111      107      101      106       84       94       83       89       79
       70       77       81       93       89       95       77      105      120      116      148      166      132      140      177      180      219      216      260      255
      282      309      374      380      389      409      472      552      564      620      689      801      874      992     1036     1147     1308     1483     1729     1854
     2104     2415     2787     3150     3688     4125     4606     4975     5341     5527     5566     5261     4901     4466     4010     3574     3237     2735     2494     2219
     1920     1743     1522     1322     1254     1055      894      824      787      724      575      610      533      472      426      426      368      330      318      266
      249      252      251      209      213      182      173      160      129      134      150      131      110      108       94       93       92       75       71       74
       71       79       88       96       93      116      106      109      125      123      118      152      138      154      174      196      190      244      241      288
      259      301      368      364      362      436      459      505      576      596      710      762      862      951     1008     1104     1259     1405     1554     1708
     2105     2234     2616     2859     3152     3528     3833     4064     4417     4388     4545     4378     4109     3745     3533     3057     2849     2580     2192     1987
     1759     1593     1432     1311     1191     1026      910      806      711      665      602      543      512      467      429      413      325      325      327      304
      253      217      230      207      203      173      162      164      151      141      129      107      122      111       95      102       79       98       83       82
       67       87       74       59       91       98      105      118      118      126      131      154      159      159      167      205      203      230      202      229
      291      285      335      356      377      439      453      468      569      603      596      710      783      881      930     1063     1123     1329     1534     1662
     1881     2076     2266     2504     2690     3050     3221     3497     3687     3857     3699     3727     3521     3268     2967     2876     2544     2208     2025     1850
     1644     1490     1312     1182     1079      932      894      787      723      673      627      497      489      446      427      396      371      314      282      280
      233      241      223      222      211      180      150      139      141      146      124      128      113      120       95      107       95       76       80       75
       80       80       80       77       84       93      108      118      104      109      124      138      118      158      174      161      192      200      244      261
      264      293      295      395      397      420      466      505      522      566      663      669      793      818      896     1013     1132     1257     1439     1495
     1651     1795     2034     2235     2375     2483     2838     2963     3129     3228     3144     2963     2896     2835     2593     2453     2264     2043     1905     1672
     1487     1388     1280     1086     1067      951      808      775      699      631      592      517      500      488      383      397      329      311      274      299
      222      261      228      209      204      159      153      156      147      134      138      119       97       83       95       92       83       79       69       67
       78       79       61       84       77      109       82      103      127      122      136      145      163      143      170      165      191      204      258      225
      258      274      329      367      357      416      385      519      525      560      561      631      729      736      837      916     1037     1155     1293     1368
     1535     1740     1898     1982     2069     2313     2445     2593     2616     2611     2647     2574     2569     2470     2306     2243     1938     1827     1704     1610
     1436     1235     1172     1086      916      870      824      693      705      672      516      528      465      404      391      363      304      373      304      264
      247      226      202      203      186      178      161      132      136      128      108      113      120      113       95      105       78       81       76       81
       73       69       80       80       96       82       99      107      113      107      116      151      160      173      160      174      179      175      241      255
      249      279      307      335      341      380      394      433      502      520      563      595      662      699      828      920      988     1096     1222     1272
     1372     1476     1701     1783     1964     1927     2187     2199     2313     2282     2251     2294     2282     2114     1967     1930     1767     1662     1484     1355
     1322     1196     1100      951      871      850      704      713      679      580      553      504      438      398      384      331      325      319      249      263
      222      211      198      195      190      171      156      143      138      101      127       98      105       89       78       95       70       58       85       74
       73       71       73       70       96       90      103       89      105      118      135      128      133      137      158      186      212      218      189      230
      248      257      308      308      309      370      403      430      464      490      586      608      596      689      792      866      886     1027     1055     1184
     1310     1417     1504     1619     1721     1792     1845     1941     1935     2047     2086     1978     1869     1900     1824     1691     1568     1439     1440     1244
     1222     1052      989      968      886      801      778      665      597      576      512      514      435      405      377      331      322      297      274      236
      238      200      193      182      164      162      155      148      136      140      115      106      102       97      108       93       65       82       90       64
       60       75       69       80       86       97       93      110      116      129      123      128      145      162      152      173      186      194      218      226
      244      252      302      304      334      367      382      425      441      488      543      571      596      646      755      767      857      932      990     1045
     1139     1223     1312     1375     1514     1637     1617     1684     1676     1753     1773     1752     1676     1606     1543     1424     1381     1314     1306     1169
     1161     1012      930      840      787      715      667      590      578      525      493      441      430      378      376      309      299      293      289      252
      242      243      195      198      182      146      132      143      135      129      123      119      119       98      102       87       86       81       76       77
       78       85       77       55       85       87       88       93      107      100      121      134      138      124      185      173      191      191      216      188
      224      243      287      272      294      368      374      391      428      448      523      510      610      619      666      756      807      807      874     1022
     1050     1133     1120     1218     1279     1406     1452     1469     1512     1506     1512     1466     1491     1460     1373     1286     1212     1235     1191     1077
      956      917      853      835      724      672      647      588      507      500      479      444      411      367      339      279      294      278      271      219
      233      206      178      157      156      166      181      134      139      126      123       98      100       91       86       90       73       80       59       93
       64       49       77       70       85       91      112       90      123      134      124      122      130      135      157      176      166      168      188      192
      227      228      245      258      287      320      376      398      394      468      468      509      575      600      619      700      780      768      879      900
      994     1032     1072     1067     1156     1215     1199     1368     1316     1323     1337     1360     1350     1289     1260     1224     1149     1116     1025     1000
      893      848      797      708      691      664      594      512      467      516      436      392      380      358      308      296      292      250      237      220
      233      231      163      195      164      160      129      126      132      100       98      119      111      118      102       91       79       65       88       81
       47       55       79       65       91       93       98       90       94      115      115      110      126      137      117      148      161      176      187      209
      235      235      251      265      306      320      326      343      391      422      431      522      551      520      622      616      676      754      788      829
      880      907     1006     1067     1071     1060     1168     1131     1154     1246     1099     1237     1168     1201     1126     1089     1067      885      967      933
      814      735      742      679      668      599      527      524      439      475      419      362      397      315      322      302      272      259      241      229
      218      206      175      146      177      155      135      153      120      101      119       94       75       78       93       65       70       81       64       61
       59       69       80       85       74       80       85       81      116      116      107      106      128      143      143      147      159      200      187      174
      218      232      234      316      276      312      341      349      365      392      452      473      467      535      587      567      590      685      752      721
      793      778      855      834      896      927      994     1044     1079     1054     1073     1047     1035     1066      953      914      904      902      873      822
      803      676      643      654      585      594      521      517      453      407      393      359      374      348      305      292      263      249      237      207
      214      206      173      164      151      131      153      127      118      106      104      104       90       84       97      108       74       66       63       90
       51       64       66       76       69       70       73       81       96       97      126      119      122      134      136      169      150      170      182      196
      225      217      222      248      266      276      306      303      372      353      385      401      440      508      509      551      583      620      618      707
      703      772      785      843      838      888      899      982     1001      962      913      919      930      938      937      930      882      849      793      729
      692      658      638      605      586      530      491      457      436      373      394      377      326      319      283      297      265      242      209      244
      201      178      195      163      140      147      131      116      141       92       98       86      116      105       89       78       91       64       69       75
       52       60       65       76       77       64       92       79      102      105      126      130      110      138      148      135      142      178      169      191
      191      213      219      226      247      264      304      283      338      354      334      390      400      485      488      497      556      589      648      643
      661      677      713      776      781      835      830      857      783      780      825      812      849      815      832      778      768      724      728      681
      651      625      523      520      483      495      515      442      409      386      405      357      278      313      282      269      255      265      194      212
      195      148      144      158      138      137      144      109      120      118      108      106       99       88       69       78       78       75       79       56
       59       65       70       64       71       65       78       73       87      130       95       91      139      129      111      159      144      137      209      176
      196      190      239      246      292      274      299      280      310      341      357      411      395      407      452      462      521      532      594      627
      635      645      682      678      738      722      773      761      793      749      722      721      729      755      766      699      700      665      658      603
      562      581      545      542      491      472      442      397      370      329      359      342      285      273      231      227      255      236      209      220
      198      184      164      127      118      131      129      103      115      110       93       97      102       87       75       89       93       64       65       62
       74       73       67       65       60       84       67       70       86       91       86      110      137      112      125      115      137      185      136      169
      172      219      208      221      219      240      268      277      307      314      340      348      388      412      407      435      487      510      499      555
      581      603      615      645      627      700      719      708      688      689      711      699      680      670      671      633      637      667      630      545
      537      549      454      521      477      439      408      376      369      366      323      290      290      254      247      230      232      209      180      201
      160      150      174      129      128      138      107      114       95      110      105      102      101       82       86       60       66       57       65       51
       53       70       78       70       78       67       73       89      112      115      100      107      113      126      133      135      162      167      151      172
      176      183      196      197      216      221      224      289      288      304      318      330      354      399      379      476      414      444      498      488
      515      554      546      564      548      601      629      646      587      616      576      632      608      649      636      629      583      568      524      545
      484      448      438      394      410      407      379      332      329      310      294      297      308      235      211      239      235      179      180      166
      157      154      148      140      147      119      118      112      114      106      100       86      104       67       71       73       63       63       60       60
       43       53       56       62       65       59       71       87       80       85      104      103      115      126      121      119      152      138      140      144
      142      178      190      191      213      192      242      273      247      264      265      317      325      345      357      408      433      451      427      440
      453      519      493      500      495      515      548      597      576      579      520      564      554      571      538      519      506      530      501      467
      472      437      437      405      391      378      345      335      298      306      301      280      231      228      223      208      184      176      198      167
      149      146      152      125      132      105      102      116      114       98       94      101       93       75       92       91       62       67       67       51
       52       56       72       58       66       68       70       74       75       68       98       87      109       93      104      140      125      131      134      147
      170      142      173      175      183      208      194      241      221      252      293      281      305      326      314      368      372      403      419      419
      448      436      490      510      539      522      505      517      494      534      521      538      535      507      532      493      476      473      418      416
      413      409      388      409      352      353      337      328      303      262      257      273      233      256      232      204      188      191      161      163
      163      148      140      132      115      119      114      101      101       94       84       96       77       70       59       66       65       66       56       68
       47       60       67       78       59       73       72       67       88       85      100       82      102       95      101       98      123      133      153      140
      142      184      169      192      197      215      223      224      233      247      279      287      296      287      323      333      328      358      365      410
      377      416      424      447      463      435      466      478      447      483      459      475      464      483      437      444      438      465      418      410
      397      329      353      353      338      340      317      306      275      237      248      248      252      201      216      200      205      151      177      167
      152      135      135      118      112      139      110       94      105       89       66       55       82       64       65       73       60       77       51       75
       43       65       72       51       69       65       65       87       78       81       92      103       94       98       90       97      121      109      135      150
      144      158      182      194      175      183      194      201      228      223      257      285      268      277      297      309      327      309      351      342
      334      385      425      393      412      424      428      428      456      427      426      449      429      444      458      432      411      371      444      397
      378      312      289      340      311      319      310      236      242      228      234      231      208      209      200      172      176      149      164      133
      155      117      127      127      115       95      114      110       94       85       91       67       62       66       81       84       57       75       52       49
       47       56       62       53       61       64       74       64       73       86       75       83      104       97      112      123      128      115      144      130
      151      157      154      180      190      192      194      226      212      228      242      249      249      271      276      263      324      298      328      324
      369      337      362      388      417      366      421      379      395      411      382      398      427      395      356      368      382      378      371      351
      355      304      337      312      290      257      226      247      235      246      226      217      202      189      196      165      161      151      159      144
      140      116      114      112      116      119       83       82      109       79       70       64       64       79       60       63       92       57       45       58
       49       60       59       61       53       55       61       57       70       88       90       76       79      101      111      115      111      109      131      127
      139      127      138      159      177      173      171      178      225      210      215      233      240      278      283      275      271      297      309      299
      334      310      330      375      393      382      378      345      357      406      384      354      377      379      355      302      353      326      351      346
      335      303      297      289      266      282      270      256      211      223      216      188      206      192      185      170      183      148      151      125
      137      103      118      116      115      105       97       80       88       93       80       75       73       82       64       59       61       58       59       53
       40       38       55       44       55       67       71       61       90       80       94       71       94       96       86       98      114      114      100      119
      128      131      143      153      145      200      155      190      195      204      194      255      269      264      280      226      276      277      294      267
      303      316      334      294      375      344      311      349      337      341      365      344      353      316      349      336      310      318      302      295
      288      296      291      249      254      236      213      220      224      194      202      216      173      173      153      159      146      145      164      136
      124      109      124      118       99      101       87      105       84       76       80       72       59       77       58       59       70       54       60       49
       55       49       66       53       74       53       61       56       60       54       69       86       87       84       87       74      115      121       93      123
      107      122      128      149      140      163      149      180      175      163      197      216      190      220      250      238      239      254      264      253
      259      298      314      301      328      338      309      335      321      301      294      291      298      324      299      269      307      280      290      283
      267      259      230      248      227      220      211      230      189      191      220      195      181      174      170      151      154      116      120      120
      102      111      102      111      102       88       71       87       85       63       81       80       61       66       68       52       51       67       60       51
       60       52       53       59       61       63       65       55       50       74       71       68       86       95      112       94       95      106      114      118
      126      112      137      166      138      157      173      192      181      183      185      194      223      178      214      223      238      224      222      267
      238      273      265      285      336      302      319      295      283      289      286      262      241      287      275      261      270      264      246      302
      268      224      219      204      218      214      225      207      217      165      169      173      152      149      137      126      120      137      123      130
      106      102      103       92      107       73       88       75       70      101       79       60       53       61       57       50       56       52       44       51
       37       55       53       57       54       60       64       59       59       69       82       62       75       88       79      106      104       96      108      106
      111      131      112      114      109      142      151      130      159      167      168      173      191      198      200      177      205      224      212      225
      213      246      211      218      250      269      268      251      290      297      241      257      261      248      263      279      260      241      265      238
      234      222      221      229      196      201      183      185      174      174      168      166      146      160      118      117      138      111      114      107
      109      105      102      118       93       92       79       61       78       68       66       72       67       50       54       55       47       52       44       41
       39       49       46       48       53       70       59       72       83       62       67       66       80       82      101       93      113       86       92      111
      116       91      127      116      141      126      147      117      151      139      153      161      186      179      184      178      212      177      196      245
      218      208      249      222      234      221      248      230      243      245      229      246      230      239      229      241      248      213      224      210
      203      216      218      197      205      194      190      187      154      154      163      154      156      158      128      113      121      119      120      109
      104      109       93       84      101       74       73       82       70       74       61       59       64       62       58       66       52       45       50       46
       47       36       49       47       54       61       57       66       71       67       59       56       60       81       82       94      101       85       82       92
       98       93       95      115      113      139      119      134      154      135      144      184      175      186      207      161      193      197      208      187
      222      209      188      197      227      219      237      244      248      219      213      247      204      220      193      226      237      229      223      215
      196      190      214      205      179      162      184      162      151      128      146      137      125      149      138      111      127      103       92      107
       94       99      104       64       93       81       76       91       57       67       81       65       63       51       48       50       48       40       62       43
       43       36       45       41       42       57       53       52       53       46       75       64       76       69       76       69       76       69       85      107
       90      110       97      102      133      134      132      124      136      137      152      143      153      149      163      147      193      178      190      211
      195      220      193      206      190      192      245      211      217      222      209      243      209      205      208      210      224      200      189      200
      196      187      168      162      144      168      143      169      136      140      135      145      128      131      133      115      104      109       97       96
       85       74      103       76       97       74       78       62       74       61       67       49       57       56       56       54       45       62       47       33
       42       46       61       38       37       44       75       54       48       54       69       51       74       85       72       81       86       62       77       95
       97       90       89      106      113       99      126      131      133      129      144      135      144      158      156      178      143      177      166      182
      176      175      172      178      177      171      178      195      213      203      182      195      221      198      201      200      187      181      191      162
      193      177      179      174      177      135      136      132      131      133      125      120      124      118      102      110       80      101      110       96
       86       75       81       89       73       81       55       79       63       73       81       65       59       56       43       51       39       33       57       36
       46       38       34       47       35       48       63       53       53       51       47       61       80       78       85       71       66       71       85       95
       90      103       96      110      102       73      108      118      117      164      143      146      138      161      144      153      150      185      172      170
      203      173      171      170      174      152      209      189      184      203      187      176      183      186      185      180      181      198      171      165
      158      169      163      166      158      132      146      146      133      131      133      114      103      128      124       99       93       96      129      114
       98       87       67       92       58       71       83       79       58       58       49       52       55       50       47       52       49       40       38       46
       30       41       32       49       52       40       45       56       59       46       56       58       53       54       80       72       76       90       81       90
       78       84      102       95       92       99      105      148      116      122      116      141      126      145      159      156      138      160      175      146
      172      158      156      193      167      193      186      186      167      162      194      167      155      165      197      173      160      169      164      175
      138      175      157      148      113      138      129      128      137      127      117      134      118      134      108       95       96       91       92       83
       91       70       85       81       76       76       74       60       76       46       52       53       55       45       43       46       57       38       45       49
       39       49       39       52       42       48       52       70       62       74       56       54       66       55       68       60       63       67       75       75
       65       96       91      115      105      105      102      104       96      102      107      123      108      143      151      133      148      149      137      139
      150      137      155      186      149      147      159      161      160      151      163      163      184      183      158      163      150      145      164      146
      176      142      151      145      128      134      118      140      121      127      104      101      106      112       95      104       82      102       74       95
      101       81       65       69       72       63       49       73       72       72       66       66       48       37       44       55       48       45       32       41
       42       29       45       42       49       45       44       48       48       49       52       74       44       54       56       78       66       71       73       70
       85       79       90       93       98       93       97       93      119      104      106       96      114      144      127      117      151      144      146      138
      142      150      152      133      156      147      137      138      178      148      141      140      142      177      150      141      167      152      165      146
      118      145      146      127      112      123      116      124      120       97      118      104      102      112       92       88       82       78       96      103
       87       71       73       66       65       61       56       70       63       48       57       40       39       51       52       42       37       46       38       44
       49       41       38       39       41       40       45       46       51       53       37       65       37       65       65       60       62       64       63       85
       68       75       91       94       97       91       85      107      124      111      116      109      125      121      108      127      110      117      123      136
      111      126      134      124      132      147      152      133      157      150      155      126      154      145      149      130      174      144      150      131
      120      119      115      136      124       97       96      113      130      114       90       95       85       89       92       90       81       91       66       69
       83       74       66       70       57       36       61       70       49       42       51       47       51       44       53       43       45       36       49       36
       38       32       34       34       43       34       50       45       38       45       44       41       46       61       61       50       91       64       84       78
       74       89       95       74       90       86       85      109       86       94      113      101      107      125      115      112      129      112      135      114
      121      138      129       94      144      132      123      132      120      124      144      112      133      143      122      109      134      129      141      130
      124      126      125      114      103      112      100       93      107      107      108       92       83       71       85       89       77       83       85       93
       64       52       63       55       51       59       58       59       61       51       58       51       38       48       42       55       45       44       35       38
       30       42       35       29       42       48       54       45       36       45       54       45       48       58       54       58       50       63       62       69
       80       64       90       85       75       77       78       99       96      106      101       99      119      112       75       94      113      126       91       98
      114      119      114      122      117      112       97      115      121      112      134      128      126      113      116      116      131      117      104      106
      112      114      107      115       95      110      100      112       93       79       89       86       68       80       94       85       77       68       94       87
       79       62       67       69       54       64       52       58       57       50       51       43       52       42       47       33       42       31       28       30
       38       33       29       35       35       45       51       38       38       56       54       50       51       43       46       61       59       71       65       73
       59       67       81       68       77       80       79       75       90       84       80       80      113       94       93      115      108       76       99       88
      115      103      125      118      112      121      120      102      117      113      113      111      123      112      105      105       97      114      101      109
      109       98       99      105      101      104       92       88      109       89       92       95       91       81       52       83       59       79       69       77
       59       55       64       66       47       61       57       58       52       52       54       47       30       24       35       31       39       34       29       37
       31       26       39       34       35       42       40       49       44       30       37       52       43       50       56       54       64       59       53       49
       76       54       71       60       75       81       78       83       66       81      106       92       95       88      102      110       79       98      101       95
      101       98      109      114       97       92       95      118      113      125       97      104       90      108      110      104      109       89       99       96
      109       96       97      104      109       94       99       77       90       90       91      103       86       77       80       75       81       86       81       71
       53       69       46       59       58       43       42       50       46       47       32       52       45       43       55       40       31       36       31       25
       35       43       34       41       43       38       36       37       41       63       36       49       47       39       57       46       58       44       50       57
       66       71       67       68       71       66       67       79       70       73       87       81       86       81      115       91       77      100       93      111
      101       97      112      113      112      104      101       90      110      113      112      100       95      114       80      107      107       84       92       86
       96       76       93       90       89       92       85       85       86       65       90       93       77       75       60       68       57       65       64       78
       57       47       77       58       52       51       38       42       44       55       42       36       34       34       40       32       36       33       32       27
       34       28       41       36       33       42       47       37       42       55       42       37       42       36       50       49       53       50       54       62
       69       41       55       59       71       63       79       78       63       80       75       88       69       82       91       79       71       98       77       76
       78      103       97      103       95       80      106       95      103       85      100      105      101       99       95      110       91      117       93      105
       82       90       96       92       81       90       83       86       73       89       82       90       88       60       77       53       69       43       74       78
       45       49       65       40       50       44       40       44       49       47       42       43       32       37       39       29       31       30       23       30
       36       38       25       43       32       47       32       43       35       53       47       34       37       48       55       41       51       42       49       44
       63       57       50       61       66       57       58       62       74       69       92       77       69       80       84       82       87      102       74       81
       74       81       97       85      103       78       86      108       67       93       82      103       73       90       95       94       78       72       76       83
       91      117      110       88       87       78       86       69       87       65       63       61       70       68       85       69       63       80       49       60
       69       50       67       45       56       43       33       34       36       49       43       41       43       39       29       34       32       25       32       26
       21       27       27       40       29       29       40       41       28       47       31       55       48       44       36       39       51       46       40       43
       50       69       51       64       63       67       63       59       65       82       83       48       70       73       64       71       85       94       92       81
       77       94       81       86       94       92       81       96       76       85       78       75       74       79       78       86       71       68       72       79
      102       78       70       94       68       70       75       75       91       75       69       64       71       77       44       54       60       61       44       47
       45       48       46       51       34       54       43       61       32       37       39       35       39       38       27       38       32       38       33       17
