         100          10
    1 10 57 34 -13.0  33.0
      156      181      177      131       98
      297      386      400      261      166
      630     1053      939      527      259
     1218     3965     2887      869      351
     1509     7038     4043     1011      362
    2  6 56 57 -11.0 -13.0
      540     1083      981      511      221
      973     5609     4457      849      264
      855     3369     3032      845      276
      426      797      762      421      191
      205      280      240      214       85
    3  3 61 33 -21.0  35.0
      172      179      162      111       78
      290      369      303      201      121
      667      909      634      394      162
     1764     3905     1492      523      242
     2451    15140     2114      651      275
    4  5 64 35 -27.0  31.0
      192      195      156      113       90
      414      443      329      197      103
     1054     1191      733      311      140
     3582     5563     1408      454      169
     4069     6759     1400      493      201
    5  4 63 52 -25.0  -3.0
      636      734      488      255      162
     1752     2752     1056      409      194
     3234    11669     1490      464      161
     1262     1748      935      386      212
      489      582      411      243      118
    6  1 50 66   1.0 -31.0
      643     1975     7783     2291      649
      597     1861     6147     2230      667
      401      837     1187      907      419
      218      334      454      369      247
      142      171      200      186      148
    7  2 50 46   1.0   9.0
      289      395      540      409      293
      442      948     1534     1014      472
      747     2177     8967     2428      746
      630     1994     6940     2305      728
      468      900     1323     1000      516
    8 10 59 55 -17.0  -9.0
      774     1176      928      513      249
     1632     5887     2477      730      315
     1801     7593     2674      740      301
      880     1354     1047      528      242
      372      474      456      275      181
    9  1 44 41  13.0  19.0
      142      181      302      329      225
      208      425      675      728      499
      325      794     1898     2623      999
      401     1014     4775    10405     1502
      326      764     1840     2119      981
   10  9 45 48  11.0   5.0
      195      352      552      558      418
      313      722     1634     1721      842
      411     1189     6187     7491     1392
      367     1046     3297     3615     1096
      249      504      948     1026      582
   11  7 32 62  37.0 -23.0
      143      329      756     2180     3821
      154      318      878     3580    22047
      151      302      656     1538     2429
      114      207      369      620      713
       78      152      215      286      309
   12  6 70 49 -39.0   3.0
      515      374      217      107       58
     1694     1002      376      150       81
    34300     2345      502      193       86
     2901     1398      470      177       75
      690      483      267      134       74
   13  2 32 31  37.0  39.0
       58       78      111      157      158
       62      114      233      285      332
      124      213      403      653      849
      142      291      693     1825     3061
      141      315      917     3433    29296
   14  1 41 64  19.0 -27.0
      303      588     1925     4826     1772
      291      708     2411    10676     2005
      234      510     1063     1610     1044
      161      287      480      543      447
       96      174      218      250      202
   15  3 65 68 -29.0 -35.0
     5155     6243     1240      442      181
     2928     3048     1007      350      151
      887      880      502      253      128
      329      365      259      172      108
      168      166      136       99       83
   16  5 33 51  35.0  -1.0
      106      214      386      676      808
      125      302      715     1954     2936
      144      333      913     4330    19396
      109      279      700     1789     2492
      104      210      388      645      716
   17  3 59 57 -17.0 -13.0
      890     1544     1070      521      243
     1730     9451     2720      741      294
     1479     4619     2176      676      264
      679     1075      802      388      213
      323      371      357      239      136
   18  8 49 34   3.0  33.0
      117      154      188      177      144
      220      373      401      390      253
      362      809     1248     1003      480
      586     1865     6496     2789      872
      654     2278    14557     3693      879
   19  3 32 50  37.0   1.0
       85      196      328      578      728
      109      264      575     1462     2297
      129      279      728     3055    23988
      137      254      652     1657     2672
       84      191      388      610      757
   20  8 69 52 -37.0  -3.0
     1016      820      468      228      123
     4296     2329      790      302      125
    30379     4067      930      358      160
     2629     1785      688      270      133
      787      680      345      185       93
   21  7 34 53  33.0  -5.0
      134      234      569      908      988
      183      382      929     2988     3979
      185      403     1112     4894     9477
      172      357      769     1612     1832
      104      237      395      669      631
   22 10 58 36 -15.0  29.0
      198      229      218      160      105
      365      503      424      302      204
      820     1386     1138      590      261
     1541     6805     3142      854      359
     1482     5597     2832      797      335
   23  5 37 33  27.0  35.0
       75      107      161      188      161
       88      178      266      325      355
      140      298      547      964      912
      196      438     1301     3834     2786
      232      467     1507     9989     4847
   24  3 64 45 -27.0  11.0
      396      400      319      180      128
      978     1123      646      313      157
     3069     4538     1119      466      218
     3466     5641     1328      440      177
     1092     1312      681      377      151
   25  7 64 62 -27.0 -23.0
     2605     3444     1281      461      182
     5135    11161     1684      530      241
     1833     2249      991      438      192
      694      709      475      275      165
      287      276      273      163      102
   26  9 61 41 -21.0  19.0
      257      291      262      182      114
      630      788      607      334      183
     1658     3092     1533      570      230
     3039    86674     2499      700      241
     1605     2757     1400      524      232
   27  7 52 56  -3.0 -11.0
      566     1143     1598      952      466
      851     3039     8507     1971      672
      794     2753     6835     1869      580
      546     1034     1418      863      453
      287      421      501      397      242
   28  6 39 40  23.0  21.0
       61       82      138      184      174
      105      176      407      543      423
      140      342      925     1943     1176
      148      439     1613    33292     2834
      137      347      970     2373     1394
   29  2 67 51 -33.0  -1.0
      794      804      428      220      123
     2716     2191      823      328      163
    11630     5237     1046      373      175
     2445     1938      824      304      161
      773      700      442      255      129
   30  4 32 62  37.0 -23.0
      125      246      615     1599     2825
      117      287      720     2828    16828
      124      226      506     1203     1709
      102      169      341      450      602
       64       94      160      245      231
   31  2 41 43  19.0  15.0
      134      241      328      368      311
      202      394      827     1080      755
      269      659     2020     4437     1751
      304      733     2843    17946     2402
      248      586     1310     2086     1222
   32  5 31 31  39.0  39.0
       38       78      108      152      145
       67      123      171      262      305
       89      159      344      648      837
      118      273      560     1610     3110
      128      303      733     2946    94294
   33  9 38 66  25.0 -31.0
      222      524     1624     7738     3199
      228      548     1565     6317     3220
      183      356      748     1266     1023
      152      237      365      462      446
       90      133      196      201      165
   34  5 57 41 -13.0  19.0
      240      320      283      208      127
      468      774      706      406      207
     1073     2790     2242      747      280
     1513    12705     5362     1026      388
     1027     2443     1978      773      287
   35  7 31 50  39.0   1.0
      111      197      330      667      812
      160      261      664     1564     2659
      174      312      817     3093    71672
      141      300      670     1786     3214
      119      188      398      734      884
   36 10 54 51  -7.0  -1.0
      414      707      757      529      256
      841     2092     2559     1117      422
     1037     4775    10200     1485      501
      730     1875     2222     1005      404
      408      663      712      453      260
   37  2 66 45 -31.0  11.0
      401      446      298      181      111
     1160     1132      637      281      155
     4668     4138     1186      395      192
     5392     4558     1069      441      202
     1406     1286      672      279      166
   38  2 42 32  17.0  37.0
       85      132      180      171      139
      134      245      320      347      291
      228      422      768      918      596
      319      720     2036     3459     1498
      338      858     3264    21830     2070
   39  1 33 63  35.0 -25.0
      138      287      789     2292     3779
      149      336      831     3505    10467
      142      267      588     1296     1765
      115      211      312      558      641
      102      131      162      239      271
   40  3 53 35  -5.0  31.0
      133      196      201      159      130
      291      379      418      334      216
      478      893     1097      681      321
      785     2671     5279     1385      512
      822     3015     6378     1469      541
   41  7 66 65 -31.0 -29.0
     4901     4091     1114      469      204
     5810     4914     1175      479      185
     1493     1344      751      344      178
      481      495      338      187      137
      228      221      211      125       94
   42  9 62 58 -23.0 -15.0
     1330     1927     1053      410      217
     3343    16489     2014      593      244
     2352     4423     1604      546      218
      763     1081      703      371      170
      325      375      313      229      110
   43  1 39 33  23.0  35.0
       73      111      136      186      149
      118      205      304      364      334
      184      319      659      973      768
      235      578     1457     3935     2073
      225      588     1909    13110     3038
   44  5 42 51  17.0  -1.0
      164      365      678      775      557
      241      636     1735     3043     1337
      294      850     3531    34401     2137
      288      641     1608     2575     1268
      196      363      649      731      526
   45  9 61 52 -21.0  -3.0
      741      915      678      350      172
     1804     3745     1655      558      225
     2935    34625     2421      638      242
     1431     2252     1258      449      250
      601      673      502      295      169
   46  7 59 66 -17.0 -31.0
     1967     8772     3088      846      348
     1764     6833     2821      825      350
      931     1349     1088      572      256
      392      511      440      298      159
      209      216      197      163      111
   47  5 61 65 -21.0 -29.0
     2374     7164     1939      597      235
     2523     9665     2185      662      245
     1000     1521      978      443      236
      428      482      407      235      122
      202      224      210      114       81
   48  8 68 53 -35.0  -5.0
     1126      949      508      234      162
     4863     2905      880      356      143
    15907     4721     1073      378      161
     2224     1645      762      296      178
      684      565      399      220      101
   49  8 62 67 -23.0 -33.0
     3704    14407     2166      640      243
     2870     6571     1936      648      246
     1027     1376      847      396      189
      374      478      380      228      127
      176      209      169      148       84
   50  4 65 42 -29.0  17.0
      290      260      205      150      106
      661      701      408      228      129
     2089     2435      892      308      144
     4973     6238     1165      383      170
     1605     1685      740      320      150
   51 10 39 67  23.0 -33.0
      255      579     1870     9740     2952
      236      562     1619     5000     2288
      173      377      750     1194      951
      151      188      346      411      389
       98      132      175      217      196
   52  3 63 48 -25.0   5.0
      517      558      450      259      134
     1244     1655      861      377      186
     3418    10146     1526      526      234
     2175     3596     1315      499      205
      807      945      635      336      154
   53  6 36 35  29.0  31.0
       40       62       85      133      130
       61      121      197      313      257
      103      222      420      876      837
      107      275      951     3873     3360
      115      299      983     4769     3963
   54  7 45 59  11.0 -17.0
      357      842     1949     2039      863
      412     1244     6404     8444     1468
      425      971     2896     3180     1128
      268      560      872      916      564
      189      251      360      340      280
   55  3 35 35  31.0  31.0
       83       97      154      176      204
      100      163      282      385      440
      124      283      564     1023     1062
      181      357      961     3586     4025
      180      348      965     4211     4758
   56  2 65 36 -29.0  29.0
      219      223      177      113       77
      459      505      350      198      107
     1302     1310      655      309      169
     4562     5460     1297      451      214
     4095     4800     1267      431      227
   57 10 58 36 -15.0  29.0
      198      229      218      160      105
      365      503      424      302      204
      820     1386     1138      590      261
     1541     6805     3142      854      359
     1482     5597     2832      797      335
   58 10 37 50  27.0   1.0
      115      283      507      715      626
      164      406      973     2283     1773
      224      514     1492    10355     4610
      184      452     1063     2656     2069
      134      291      530      799      725
   59  6 40 67  21.0 -33.0
      156      444     1836    11898     2078
      174      442     1408     4668     1624
      121      280      587      802      571
       97      120      237      287      246
       49       78      102      125      118
   60  3 54 54  -7.0  -7.0
      463      856      987      625      304
      844     2715     3884     1193      398
      926     3956     6640     1332      459
      571     1228     1477      771      337
      320      506      476      382      191
   61  7 50 42   1.0  17.0
      230      315      360      309      208
      384      727      915      730      398
      597     1706     3904     1882      633
      674     2458    30369     3001      786
      527     1344     2458     1438      624
   62  8 59 37 -17.0  27.0
      213      230      228      187      105
      453      634      525      325      161
     1101     1980     1371      597      269
     2331    14438     3565      903      318
     2006     6456     2895      902      350
   63  1 43 39  15.0  23.0
      133      205      254      270      223
      192      362      581      612      469
      273      625     1565     1973     1023
      358      902     3655    13282     1638
      306      787     2054     3182     1191
   64  7 56 58 -11.0 -15.0
      869     1857     1697      814      342
     1403     7295     5872     1234      439
     1179     3661     3300     1039      403
      663      998      991      589      300
      292      416      415      301      163
   65  7 38 56  25.0 -11.0
      185      437      911     1482     1261
      223      561     1713     7483     3581
      242      557     1592     6404     3239
      181      390      819     1361     1072
      139      235      392      510      467
   66  2 48 33   5.0  35.0
      113      158      193      175      164
      196      277      368      345      265
      345      659     1095      869      455
      492     1390     4065     2422      832
      558     1716    12068     3971      920
   67  1 37 61  27.0 -21.0
      192      379      951     2484     1963
      198      468     1491    10109     4594
      210      400      998     2191     1781
      158      265      478      707      634
      115      164      269      276      279
   68  9 32 58  37.0 -15.0
      131      245      551     1330     1927
      140      312      849     3343    16489
      123      290      739     2352     4423
      122      223      427      763     1081
       91      145      225      325      375
   69  3 38 32  25.0  37.0
       81      101      135      157      152
      115      182      270      308      286
      174      289      511      828      739
      180      443     1201     2931     2067
      221      510     1597    12717     3498
   70  9 47 45   7.0  11.0
      211      316      437      414      272
      342      651     1229     1068      566
      514     1343     5569     3625      953
      472     1452     6753     4093     1003
      330      795     1456     1302      608
   71  2 44 64  13.0 -27.0
      388      939     3083     4430     1270
      397     1037     4456     7558     1496
      304      646     1375     1606      840
      191      345      500      571      405
      116      179      222      239      197
   72 10 32 70  37.0 -39.0
      151      311      892     3307    25158
      128      264      715     1737     2888
      109      205      356      674      810
      101      132      225      298      320
       49       91      131      153      164
   73  6 54 63  -7.0 -25.0
      621     2144     3115      969      297
      747     3916     8694     1147      346
      486     1138     1355      669      226
      231      379      436      275      144
      116      152      143      140       81
   74  4 52 32  -3.0  37.0
      108      133      133      122      113
      195      305      300      243      165
      345      652      716      517      288
      615     1599     2825     1135      445
      720     2828    16828     1613      523
   75 10 64 45 -27.0  11.0
      427      406      345      202      115
     1091     1159      678      318      154
     3227     4955     1296      472      210
     3686     5779     1355      448      230
     1206     1355      745      379      163
   76  8 69 65 -37.0 -29.0
     8224     3154      888      293      131
    10961     3494      921      315      136
     1692     1269      560      251      108
      589      509      287      145      107
      261      213      175      114       58
   77 10 51 41  -1.0  19.0
      208      271      332      272      188
      356      601      775      635      364
      601     1544     2955     1334      614
      750     2691    57977     2259      660
      618     1446     2450     1338      552
   78  5 69 66 -37.0 -31.0
     8884     2926      792      286      135
     6901     2735      838      288      166
     1327      994      485      210      109
      432      391      278      165       90
      231      163      130       83       65
   79  5 43 46  15.0   9.0
      160      271      409      443      360
      277      508     1145     1448      794
      269      855     3419     7713     1646
      325      864     3269     6278     1595
      255      517     1092     1267      797
   80  4 60 53 -19.0  -5.0
      594      818      626      319      186
     1456     3467     1641      551      240
     1858    13823     2189      633      265
      993     1666     1034      460      219
      422      531      412      262      178
   81  9 67 49 -33.0   3.0
      645      616      362      211      103
     2068     1711      708      314      151
    11760     5143     1092      377      170
     3412     2559      941      319      153
      881      796      427      256      137
   82  3 69 47 -37.0   7.0
      477      426      282      153       99
     1544     1070      521      243      120
     9451     2720      741      294      116
     4619     2176      676      264      142
     1075      802      388      213      108
   83  2 38 31  25.0  39.0
       82      101      140      156      134
      121      153      289      323      305
      156      289      576      818      667
      232      457     1211     2898     1946
      240      538     1770    17177     4088
   84  6 46 36   9.0  29.0
       60      117      130      136       88
      113      210      310      304      225
      213      506      930      969      433
      302      866     4737     4028      807
      277      895     4056     3338      771
   85  7 32 56  37.0 -11.0
      147      273      566     1143     1598
      148      370      851     3039     8507
      157      351      794     2753     6835
      118      260      546     1034     1418
       96      164      287      421      501
   86  2 40 66  21.0 -31.0
      271      747     2177     8967     2428
      283      630     1994     6940     2305
      192      468      900     1323     1000
      140      247      410      483      410
      107      137      211      222      200
   87  4 35 51  31.0  -1.0
      116      212      408      659      684
      150      300      705     1979     2150
      144      353      983     5176     6618
      147      306      765     1747     1899
      105      227      396      573      618
   88  9 63 39 -25.0  23.0
      278      271      248      176       90
      575      649      447      267      142
     1608     2163     1045      397      194
     4261    16173     1735      539      238
     2212     3464     1327      480      214
   89  8 53 62  -5.0 -23.0
      883     2559     4015     1506      548
     1120     4991    20027     2064      607
      731     1843     2586     1202      478
      414      677      705      557      269
      187      301      272      272      187
   90  2 52 36  -3.0  29.0
      143      195      216      169      156
      281      392      495      405      232
      485     1124     1451      934      402
      816     2804     8260     1843      635
      780     2709     6605     1801      610
   91 10 34 46  33.0   9.0
      109      191      329      448      469
      158      263      626     1177     1256
      165      334     1028     3529     5918
      164      361      939     3379     4899
      130      270      562     1163     1151
   92  3 31 39  39.0  23.0
       63      106      177      233      251
       93      167      285      495      633
      122      227      528     1190     1937
      120      286      733     2499    24791
      125      251      573     1785     3074
   93 10 59 52 -17.0  -3.0
      602      863      673      393      211
     1414     3351     1939      685      298
     1922    18752     3146      806      315
     1161     2061     1414      631      265
      535      680      595      355      209
   94  1 68 52 -35.0  -3.0
      801      771      395      233      129
     3210     2073      730      304      139
    12705     3916      892      359      160
     1967     1489      642      297      146
      620      603      397      210      121
   95  9 45 46  11.0   9.0
      189      321      475      501      311
      291      637     1326     1336      711
      439     1057     4866     5747     1263
      394     1061     4381     4999     1262
      292      597     1163     1261      665
   96  3 60 54 -19.0  -7.0
      704      998      820      449      177
     1635     4782     1874      573      257
     1950    10402     2284      689      240
     1027     1511     1054      484      219
      406      514      493      265      121
   97  6 65 40 -29.0  21.0
      177      186      143       78       47
      454      436      336      162       81
     1630     1671      666      295      120
     5878     7918     1119      285      103
     1898     2064      734      291      113
   98  8 68 40 -35.0  21.0
      308      291      212      128       74
      841      721      443      201      118
     2916     2010      704      323      123
    23436     5063     1085      362      149
     3504     2400      848      350      125
   99 10 50 56   1.0 -11.0
      455      881     1434     1033      476
      621     2016     7983     2292      688
      672     1874     6288     2167      657
      452      880     1266      938      450
      251      406      442      426      255
  100  2 65 43 -29.0  15.0
      352      412      262      197      103
      900     1034      570      282      139
     3090     3425     1104      435      178
     5985     7255     1353      424      205
     1721     1824      886      377      164
