    4803861.0    5486282.0    5737429.5    5867223.0    5946395.5
    4056538.5    4458588.5    4600973.0    4673607.5    4717629.5
    4535909.5    5096520.5    5293703.0    5393756.0    5454184.5
    5247218.0    5898359.5    6139450.5    6264640.5    6341245.5
    4086038.5    4618836.0    4807573.5    4903567.0    4961612.0
    4852645.5    5576004.0    5853704.5    6000042.0    6090308.5
    5507267.5    6405426.0    6770966.0    6969171.5    7093520.0
    4957724.0    5733069.0    6035079.0    6195247.5    6294407.0
    4772661.5    5446556.5    5696065.0    5825387.0    5904406.5
    5232083.5    5852480.5    6074730.5    6188476.0    6257512.5
    5451284.5    6159615.5    6410906.5    6538806.0    6616173.0
    4173966.8    4592397.5    4742535.5    4819560.5    4866391.0
   11236868.0   12091688.0   12390016.0   12541527.0   12633156.0
    4881968.0    5658754.0    5960313.5    6119922.0    6218608.0
    4586203.0    5181426.0    5393395.5    5501466.0    5566902.5
    5015665.0    5522283.0    5694327.5    5780536.5    5832266.5
    4661677.0    5328053.5    5578441.5    5709104.0    5789253.0
    5997624.0    6608992.5    6824807.5    6934720.0    7001270.5
    4375329.5    4845307.5    5003228.5    5081966.5    5129080.5
    6363390.5    6890210.0    7066105.0    7153781.5    7206260.5
    5383808.0    6100596.0    6359746.0    6492719.0    6573518.0
    5083872.5    5930849.0    6273667.0    6458924.0    6574895.5
    5283029.5    5957077.0    6210812.0    6343553.5    6425125.5
    4607381.0    5276205.0    5526623.5    5657046.5    5736954.5
    5379928.0    6085154.0    6339133.5    6469254.5    6548255.0
    6574272.5    7580575.5    8047882.5    8322340.0    8503903.0
    5343958.0    5970014.5    6188759.0    6299510.5    6366326.0
    4075482.2    4469944.0    4611228.0    4683674.5    4727710.5
    5164052.0    5832047.5    6072692.0    6196020.5    6270915.5
    4187314.5    4760824.5    4967886.0    5074020.0    5138466.5
    5363893.5    6115623.0    6398656.5    6546544.5    6637335.0
    6767601.0    7355742.5    7561745.0    7666442.5    7729777.5
    5237451.0    5890693.0    6128113.5    6250339.0    6324760.5
    5162780.5    5766563.5    5984414.5    6096284.0    6164314.0
    5966562.0    9874094.0   13647920.0   18744012.0  190537824.0
    4794274.0    5447157.0    5682710.5    5803421.5    5876711.5
    5047617.0    5677036.5    5899799.5    6013124.5    6081665.5
    4974255.5    5604825.0    5818780.0    5925659.0    5989650.0
    4791122.0    5468340.5    5713083.0    5838523.5    5914683.0
    4845800.0    5671294.5    6013242.0    6200292.5    6318264.0
    5276640.0    5902254.5    6116032.5    6223234.5    6287567.5
    5437109.5    6142588.0    6409502.0    6549449.0    6635556.0
    4834743.5    5522900.5    5781329.0    5916160.0    5998860.0
    5179007.5    5822218.0    6056860.0    6177867.0    6251620.0
    5278806.0    6002463.5    6272931.5    6413805.0    6500136.0
    5434475.0    6123863.0    6370733.0    6496947.5    6573494.0
    5338625.5    5982626.5    6219712.5    6342537.0    6417599.5
    6029952.5    6674641.5    6900698.5    7015442.5    7084781.5
    6383075.0    7152368.0    7445434.5    7599739.5    7694936.0
    4057428.0    4555224.0    4727696.5    4814653.5    4866988.0
    5074110.0    5853409.0    6155295.0    6315008.5    6413748.5
    4679621.5    5389723.0    5658121.0    5798436.0    5884579.5
    3896367.2    4259722.5    4384507.5    4447371.0    4485210.0
    5486531.0    6251324.5    6540797.5    6692446.5    6785690.5
    4509773.5    5097699.0    5306586.5    5412970.5    5477344.5
    5150454.0    5829864.5    6078381.0    6206595.5    6284749.0
    5083872.5    5930849.0    6273667.0    6458924.0    6574895.5
    4747367.5    5378794.0    5603706.5    5718346.5    5787744.0
    4308566.0    4755384.5    4922509.5    5009863.0    5063541.0
    4413265.5    4939629.5    5121841.5    5213710.0    5269003.5
    5444177.5    6162073.0    6427441.0    6565019.0    6649114.5
    6140629.0    6847007.0    7102696.0    7234211.0    7314264.0
    4828732.0    5554414.0    5827734.0    5970405.0    6057919.5
    5251315.0    5885506.0    6106760.0    6218665.5    6286134.5
    5595851.0    6417010.5    6734119.0    6901755.5    7005362.5
    5218905.0    5930840.5    6195618.5    6333216.5    6417430.5
    4758656.5    5496382.0    5777661.0    5925279.0    6016104.0
    5306000.0    5939109.5    6165814.0    6281807.0    6352196.5
    4574891.5    5233209.0    5478762.5    5606441.5    5684595.5
    5326973.5    6017387.5    6274666.0    6408588.0    6490644.0
    5165327.0    5877244.5    6141269.5    6278273.0    6362050.0
    9987493.0   10852115.0   11155269.0   11309414.0   11402684.0
    4025891.0    4427873.0    4571286.0    4644679.0    4689238.0
    4216686.5    4834542.5    5064491.0    5183891.0    5256917.5
    4824951.0    5491453.5    5735214.5    5860881.5    5937438.0
    6154378.0    6792527.5    7013155.5    7124507.0    7191587.0
    5291077.5    5798116.0    5982121.5    6077034.5    6134922.0
    5313588.0    5911112.5    6118221.5    6222774.5    6285754.0
    5213725.5    5826603.5    6047486.0    6160847.0    6229761.5
    4246992.0    4881089.0    5119742.5    5244288.0    5320677.0
    5276955.0    5911745.5    6139521.5    6256160.0    6326971.5
    4585387.5    5162989.0    5366320.0    5469503.0    5531823.0
    7492556.5    8087698.5    8282847.0    8379457.0    8437074.0
    3977659.5    4350428.0    4481423.5    4548057.5    4588381.0
    5460908.0    6159190.5    6406182.0    6531757.5    6607677.0
    5437292.0    6271677.5    6602344.5    6779329.0    6889514.5
    4173823.0    4722146.0    4916214.5    5014872.5    5074509.0
    5337668.5    6048752.5    6317984.5    6459145.5    6545994.0
    6187163.5    6954261.5    7240095.5    7388962.0    7480212.0
    5184574.0    5859239.5    6107044.0    6235161.5    6313351.5
    4820399.5    5468841.0    5700852.0    5819326.5    5891116.5
    4148882.5    4583427.0    4720248.5    4786773.0    4826050.5
    4889399.0    5615583.5    5886060.5    6026526.0    6112436.0
    4818308.5    5490831.0    5737617.5    5865020.0    5942691.5
    5410523.0    6109388.0    6371114.0    6507678.5    6591470.5
    4692613.0    5391255.5    5657945.5    5798091.0    5884396.5
    4093300.0    4487344.5    4627005.0    4698294.0    4741516.0
    5971456.0    6609654.0    6832945.0    6946181.0    7014571.5
    5093747.5    5960982.0    6311609.0    6500887.0    6619287.0
    5133721.0    5777823.5    6006616.0    6123185.5    6193748.5
