   0.21627
   0.23618
   0.36905
   0.10633
   0.51771
   0.18367
   0.13270
   0.14236
   0.04865
   0.19732
   0.71487
   0.56406
  10.59983
   0.19147
   0.20893
   0.81174
   0.20324
   0.33434
   0.43103
   1.22476
   0.21309
   0.09582
   0.24470
   0.20118
   0.24260
   1.31429
   0.25072
   0.40692
   0.32860
   0.40538
   0.05623
   3.08480
   0.42195
   0.17206
   2.11880
   0.01780
   0.11651
   1.17389
   0.72597
   0.24271
   0.50730
   0.11130
   0.20975
   0.37668
   0.51993
   0.28762
   0.19150
   0.61257
   0.20370
   0.51112
   0.34660
   0.18777
   0.22033
   1.06907
   0.13847
   0.18305
   0.09582
   0.33028
   0.18598
   0.35210
   0.07802
   0.57400
   0.16934
   0.32336
   0.30514
   0.16732
   0.30853
   0.71684
   0.28353
   0.10531
   0.12140
  10.40822
   0.40541
   0.34138
   0.04149
   1.27062
   3.54553
   1.30854
   0.20875
   0.19170
   0.47525
   0.97092
   6.52127
   0.09804
   1.07852
   0.11189
   0.13878
   0.08366
   0.26699
   0.27943
   0.35338
   1.43510
   0.12958
   0.09964
   0.17938
   0.10673
   0.16359
   0.62236
   0.12787
   0.33598
