         100          25
    1 10 218 160 -17.5  40.5
   1834622   2084324   2012714   1690231   1263190
   3097094   3715472   3552731   2750866   1893577
   5166012   6971192   6397864   4336099   2654238
   7939439  16275180  12337048   6090883   3323343
   8495997  21291910  14190682   6351155   3409068
    2  6 213 218 -12.5 -17.5
   2091626   4225259   4246535   2073893    906807
   3468671  14595339  14608017   3477930   1188421
   3016629   9004676   9014296   3021673   1109364
   1554728   2720294   2721946   1564740    788202
    767119   1026463   1023475    769680    501553
    3  3 227 156 -26.5  44.5
   1541436   1659439   1526156   1229119    926312
   2682327   2965880   2633661   1951774   1329277
   4747096   5619933   4599019   3007226   1820814
   8569098  13364232   7910831   4128639   2282921
  10807927  32651927   9645489   4496801   2404909
    4  5 234 162 -33.5  38.5
   1418700   1461621   1259923    959276    688508
   2709529   2837974   2262813   1514288    967760
   5708569   6226799   4149077   2330660   1294380
  13214538  17978290   6885163   3081549   1543012
  14113336  20005196   7076271   3131497   1560664
    5  4 231 203 -30.5  -2.5
   4387183   4816547   3853420   2577482   1626856
   8130676  10524728   6252005   3485183   2014450
  11988835  28401947   7817433   3856440   2148029
   7203953   8825929   5770456   3334759   1957727
   3954358   4296318   3506899   2420717   1542986
    6  1 200 240   0.5 -39.5
   4745019   9974560  22879183  10329681   4881123
   4645539   9367339  17946638   9686011   4759472
   3505090   5518167   6914003   5608743   3570775
   2304345   3144611   3562562   3172945   2337117
   1455210   1807881   1974332   1828720   1478766
    7  2 200 189   0.5  11.5
   2521656   3527981   4017382   3551223   2555362
   3849763   6310716   8145712   6409009   3918418
   5034859  10721444  24254366  11072080   5159127
   4989979  10377991  21343085  10736330   5110107
   3759871   6039193   7670393   6136906   3842763
    8 10 221 211 -20.5 -10.5
   5541204   7286593   6335623   4170506   2528891
   8766152  18062403  11528720   5665904   3115837
   9269689  22292863  12470901   5855186   3165887
   6041285   8217862   6995660   4456178   2652972
   3591941   4238875   3916533   2923428   1943608
    9  1 185 177  15.5  23.5
   1551583   2190447   2729657   2791225   2341423
   2273541   3580514   4964477   5194984   3941349
   3014601   5437163   9848938  10990022   6293264
   3320370   6483017  16632179  23868270   7810752
   2953605   5266922   9040776   9954212   6021481
   10  9 186 195  14.5   5.5
   1481200   2426291   3405877   3513119   2599503
   2163564   4252630   7720840   8207264   4710799
   2612099   5964982  18254931  23216446   6904555
   2426513   5175112  11555390  12884997   5899339
   1783155   3150254   4843368   5044531   3440947
   11  7 155 228  45.5 -27.5
   1466742   2714278   5166938  10027430  13637714
   1556193   2958940   6010547  14797255  41516393
   1427525   2597687   4848015   8803193  11272956
   1163425   1923955   3150095   4551344   5075897
    897741   1324493   1879257   2427718   2607005
   12  6 250 197 -49.5   3.5
   1806829   1434784    856547    487326    286936
   5987748   3654777   1499979    664815    359126
  52372107   7259683   2052900    788442    390438
   9087576   4715577   1723952    719400    372971
   2464611   1883414   1032724    543989    314527
   13  2 155 153  45.5  47.5
    756806   1019222   1336397   1605985   1683924
    998377   1514532   2187681   2846945   3055734
   1308809   2171955   3547931   5167311   5810481
   1567401   2828624   5216809   9859141  13287655
   1661701   3082827   5988055  14398069  41041643
   14  1 176 234  24.5 -33.5
   2544767   4677829   9299475  16190944   9042697
   2634775   4923964  10578210  26173176  10249033
   2259542   3894639   6438376   8327985   6337189
   1681288   2611310   3637315   4125453   3600611
   1167245   1637959   2081769   2269221   2073004
   15  3 236 244 -35.5 -43.5
  15760499  19249696   7070443   3554577   1926564
  11324456  12433853   6304078   3360802   1859712
   5482233   5639032   4107701   2577967   1541301
   2958586   3018262   2487383   1749627   1153219
   1665042   1694695   1477689   1142264    849182
   16  5 156 201  44.5  -0.5
    911051   1529973   2598156   3917494   4392862
   1118514   2071952   4116914   8419885  11118909
   1201467   2323366   5043798  14384981  42566264
   1109609   2060129   4075119   8194020  10714950
    915516   1525686   2560059   3853987   4297729
   17  3 223 216 -22.5 -15.5
   5602669   7597836   6169795   3804395   2214023
   8955288  23100546  10702678   4928399   2617527
   8288069  16257541   9648420   4733832   2560640
   4971767   6366094   5353906   3479070   2090203
   2870861   3295604   3014883   2247895   1509168
   18  8 198 160   2.5  40.5
    949603   1219968   1360408   1277081   1011757
   1578261   2337621   2799576   2487992   1732588
   2640790   4785634   6620908   5302999   3027297
   3814316   9307080  21783637  11348882   4534696
   4021862  10388927  33779839  13047332   4799340
   19  3 154 199  46.5   1.5
   1129863   1842201   2917351   4128758   4650378
   1380326   2420887   4300128   7633897   9959696
   1488693   2711274   5191407  12044749  39585062
   1412389   2486877   4488127   8285659  11290048
   1177925   1929516   3103968   4488511   5094991
   20  8 246 205 -45.5  -4.5
   5478434   4683131   2846725   1558946    894509
  15923101  10575532   4565907   2092974   1071358
  47149559  15543114   5296753   2277068   1121734
  10405657   7976316   3966011   1924580   1023166
   4040528   3565305   2340100   1376099    827628
   21  7 159 206  41.5  -5.5
   1357633   2325097   3942387   5820578   6246532
   1625146   3068606   5973717  12118486  14635568
   1709979   3283544   6743557  17370098  26884516
   1534658   2784245   5114288   8729116   9769216
   1223005   2001034   3168819   4369146   4601408
   22 10 219 165 -18.5  35.5
   2055788   2331345   2243464   1842217   1350912
   3475860   4190507   3953634   2989288   2002741
   5810633   8099554   7159038   4618423   2755458
   8663662  20967081  13374285   6160085   3312597
   8329512  17425915  12272853   5994221   3251154
   23  5 168 158  32.5  42.5
    657144    899533   1174106   1329832   1283493
    922353   1430823   2076178   2548590   2421937
   1260518   2228261   3846167   5451099   4957212
   1551741   3070618   6681883  15061469  11217099
   1606113   3274576   7623403  26066655  14874712
   24  3 235 186 -34.5  14.5
   3186286   3293840   2698285   1883265   1240633
   5958963   6288653   4485646   2756395   1623840
  12280675  14822715   6792810   3532285   1923447
  13823078  17449026   7090725   3605986   1963450
   6696624   7103062   4875943   2912943   1697840
   25  7 234 228 -33.5 -27.5
  11074372  13021439   7135948   3698491   1959459
  17981794  29474988   8895803   4127798   2111131
   9560747  10867171   6551540   3516962   1892723
   4733059   4988051   3838782   2459605   1488688
   2497196   2579082   2170419   1576303   1080336
   26  9 227 176 -26.5  24.5
   1843110   2052663   1796832   1309119    875751
   3669540   4386518   3519244   2169358   1254922
   7591126  11473939   6956999   3336733   1652957
  11808817  79067667  10235687   3972264   1845931
   7430314  11042248   6825311   3311607   1662179
   27  7 204 214  -3.5 -13.5
   4096664   6789876   8202999   5987176   3529452
   5592551  12611739  24021710   9877295   4601018
   5517964  12180162  21279633   9619086   4555280
   3993243   6439772   7717122   5738297   3418624
   2490029   3415484   3752932   3173558   2217456
   28  6 171 175  29.5  25.5
    315876    470723    672504    805275    734552
    452053    807882   1445804   2044144   1727582
    595147   1332487   3387044   6947725   4713440
    667285   1649565   5491826  43279228   9437702
    607823   1348217   3516459   7362252   4907890
   29  2 241 202 -40.5  -1.5
   5533874   5296447   3777916   2374228   1442592
  12068793  10742262   5800301   3160396   1753828
  27191974  18583448   6949137   3507778   1883097
  10885605   9876827   5600839   3104305   1738957
   5144722   4954394   3611228   2298415   1416393
   30  4 153 229  47.5 -28.5
   1399194   2400622   4215435   7761228  11260469
   1465652   2564016   4706184  10471216  34702268
   1358417   2299733   3896950   6648680   8648893
   1103187   1762475   2705575   3759814   4217373
    854874   1250059   1743138   2200764   2368038
   31  2 177 183  23.5  17.5
   1548826   2327786   3113259   3453998   3035077
   2174757   3665834   5632984   6756397   5387735
   2717134   5088313  10232544  17110960   9335668
   2832648   5428499  12137621  32396965  10877232
   2425165   4273826   7220916   9322453   6827234
   32  5 153 152  47.5  48.5
    505186    680647    898718   1097446   1162941
    670244   1010866   1483476   1989080   2182891
    862234   1454825   2497133   3864434   4548748
   1049694   1935785   3834620   7998768  11964928
   1112482   2134125   4544191  12283447  63164782
   33  9 170 238  30.5 -37.5
   1591205   3335793   7809967  20824090  12017807
   1602587   3345463   7857823  20833994  12094694
   1333866   2479574   4550316   6664219   5650727
    979009   1570968   2373818   2933875   2695647
    705673    980670   1279113   1456942   1379228
   34  5 217 177 -16.5  23.5
   1786264   2155719   2075116   1612664   1113855
   3258395   4463079   4172787   2818284   1673573
   5778670  11207554   9422181   4576560   2277337
   7564311  30626995  17083682   5628749   2549253
   5456218   9908929   8535657   4376034   2224261
   35  7 152 200  48.5   0.5
   1106914   1846700   3060649   4587024   5365741
   1347822   2451318   4600246   8671304  12225352
   1453034   2723255   5506729  13028406  70631845
   1364352   2478607   4657765   8895843  12822211
   1129424   1883868   3144496   4746749   5536426
   36 10 208 202  -7.5  -1.5
   3777471   5260740   5631481   4414534   2911349
   5561582   9990914  11867330   7073083   3961502
   6556957  15789880  28538031   8809124   4423241
   5375367   9255038  10749802   6728566   3847970
   3613068   4924965   5229360   4184020   2797560
   37  2 240 188 -39.5  12.5
   3824600   3749085   2923586   1961260   1246424
   7513936   7222015   4726456   2805809   1627986
  18071705  15611288   6804515   3486697   1884501
  18114548  15651513   6787418   3497765   1892214
   7576769   7269318   4786458   2826143   1633583
   38  2 179 155  21.5  45.5
   1032151   1382186   1670973   1764429   1599969
   1531574   2254297   2965659   3202628   2775962
   2188397   3609002   5378865   6147497   4882057
   2809818   5195381  10098067  14638914   8342243
   3003650   5794300  13600919  38800179  10330720
   39  1 157 231  43.5 -30.5
   1612399   2892062   5303357  10280041  13403320
   1674465   3066901   5890279  13941727  26075204
   1521932   2651124   4628657   7670303   8997808
   1219989   1964190   3027767   4119843   4405711
    928118   1348768   1859317   2305511   2409652
   40  3 206 162  -5.5  38.5
   1469489   1794993   1887032   1682875   1317093
   2404773   3188414   3416275   2898226   2046978
   3776418   5815908   6632788   4908361   3038561
   5180080  11041131  17131054   7732332   3913006
   5284755  11580475  19099176   7945886   3959621
   41  7 238 236 -37.5 -35.5
  16016748  16074256   7160785   3539652   1847321
  18475400  18468342   7450794   3613961   1880135
   7948461   7951512   5131836   2907976   1623409
   3926960   3941856   3027834   2001232   1253342
   2091445   2079690   1746407   1301424    923262
   42  9 229 220 -28.5 -19.5
   6700634   8752764   5665808   2903183   1490539
  12578220  37179031   9147193   3696774   1735772
   9299736  14550548   7400820   3354259   1635255
   4426886   5249303   3938113   2315692   1300750
   2170177   2400195   2033324   1416134    927530
   43  1 173 157  27.5  43.5
    969617   1300897   1624790   1778167   1672893
   1388687   2054257   2809332   3200814   2922962
   1897877   3147252   4869145   6101000   5217391
   2345007   4276974   8215246  14570065   9459056
   2459534   4577592   9664944  29704059  11679992
   44  5 179 202  21.5  -1.5
   1491715   2545526   3921308   4553170   3555676
   1987028   3949041   8237705  11862408   6703465
   2204119   4694602  12932073  54108419   9303799
   1945125   3800065   7564639  10404790   6275133
   1442812   2412831   3656026   4180787   3327312
   45  9 226 205 -25.5  -4.5
   4056996   5027121   4001979   2398276   1358218
   8231785  13977795   7927110   3616234   1750679
  11031998  47545953  10537997   4084000   1888645
   6470861   9293732   6317058   3227029   1642669
   3181625   3782451   3153223   2030600   1212512
   46  7 222 240 -21.5 -39.5
   9971734  25472157  12852741   5668213   2833897
   9453336  20212276  11933367   5513649   2797439
   5594722   7465138   6321576   3928044   2240216
   3110418   3646460   3317008   2431301   1591572
   1725779   1935175   1817829   1467324   1078980
   47  5 228 236 -27.5 -35.5
  10142045  19590460   8367846   3652555   1798335
  11103084  25855879   9033284   3774986   1839066
   5692663   7237771   5125160   2842870   1543615
   2818654   3192852   2672250   1812682   1135022
   1498576   1614592   1447158   1110300    795386
   48  8 244 206 -43.5  -5.5
   5615324   4995568   3046906   1659854    937333
  16247256  11679913   4948284   2238059   1127411
  37470674  17106278   5672767   2420541   1180702
   9781753   8062567   4143689   2024502   1061404
   3871952   3541354   2374379   1412515    848301
   49  8 229 243 -28.5 -42.5
  14137668  38775104  10215844   3925090   1778111
  11216765  19157900   8680329   3653570   1704874
   5106815   6186358   4496930   2512574   1358119
   2397848   2667689   2212652   1516591    974403
   1229627   1316908   1177725    917531    672758
   50  4 236 178 -35.5  22.5
   2592216   2630955   2199865   1624632   1096201
   4584428   4699480   3578800   2359073   1479624
   9115757   9837863   5552269   3123719   1809221
  15311390  19423790   6673381   3426742   1920817
   7894888   8388874   5156102   2999943   1755638
   51 10 171 241  29.5 -40.5
   2546477   4656084   9303267  23545927  12654116
   2492638   4507720   8684364  17185331  11264832
   2075393   3475395   5442587   7095865   6212088
   1562378   2327832   3234165   3773217   3489549
   1096693   1520450   1905431   2122396   2020112
   52  3 231 195 -30.5   5.5
   3824442   4162935   3428437   2346350   1479422
   7159362   8545595   5777213   3358392   1924781
  12737577  26696631   8357268   4041481   2173550
   9617477  13028852   7111936   3771291   2079104
   5059264   5637564   4349811   2797509   1697418
   53  6 165 161  35.5  39.5
    234053    332600    445361    528429    518050
    332111    530862    844019   1141268   1101655
    451193    856570   1786255   3167194   2971726
    542327   1217811   3450094  11420717   9517426
    554830   1256837   3708451  14380086  11467439
   54  7 187 221  13.5 -20.5
   3013106   5559934   9440873   9728014   5833363
   3566466   7429851  20601911  23034943   7967042
   3295579   6425754  12719274  13350678   6825647
   2466031   4108441   5871640   5961718   4266767
   1650011   2394815   3018386   3045161   2451153
   55  3 162 162  38.5  38.5
    856331   1177748   1562021   1845480   1861593
   1149656   1786183   2602610   3304344   3350099
   1502120   2551260   4230736   6245608   6362100
   1753220   3200834   6113485  13552654  14476657
   1767805   3233815   6259978  14546765  15533456
   56  2 236 163 -35.5  37.5
   2068954   2092039   1795451   1365338    969983
   3758898   3833362   3072418   2091602   1351479
   7206133   7518639   5123074   3050697   1766701
  15618523  18069250   7669261   3855448   2074806
  15611073  18134637   7660467   3871236   2088279
   57 10 219 164 -18.5  36.5
   2012429   2288647   2195547   1805062   1329235
   3409499   4095363   3862716   2937271   1970705
   5684020   7868790   6988148   4544170   2726992
   8556685  19962009  13114836   6116095   3302305
   8420857  18239437  12537548   6040304   3272648
   58 10 167 198  33.5   2.5
   1684735   2677609   4005372   5072407   4828121
   2122877   3704993   6456977  10253786   9137079
   2342063   4294564   8571060  26010726  16443588
   2190099   3901892   7053084  12202729  10545094
   1785100   2910494   4453265   5767525   5464406
   59  6 174 242  26.5 -41.5
    728060   1830884   6028681  25519057   7130481
    700809   1683621   5053908  12768362   5779994
    552655   1075276   2164847   3094426   2313582
    388307    617956    920434   1099265    958119
    263057    362704    466521    516302    480129
   60  3 208 209  -7.5  -8.5
   3723615   5508530   6018718   4474011   2797379
   5339270  10952102  14263483   7014488   3654339
   5695312  13284303  20691168   7658400   3808000
   4286428   6864633   7680349   5269063   3122416
   2758839   3695155   3881392   3167275   2166632
   61  7 200 180   0.5  20.5
   2003828   2727834   3089269   2760439   2043073
   3222494   5070260   6213284   5154742   3303076
   4631315   9236260  15224958   9532438   4774257
   5160991  11807375  44955110  12315125   5335462
   4163464   7530431  10568578   7713353   4290820
   62  8 221 167 -20.5  33.5
   1426714   1637877   1540180   1196919    848737
   2770614   3485437   3138775   2105366   1271274
   5565138   8677266   6926280   3645760   1830364
   9664809  34050888  14578018   5188921   2255800
   8501143  19943672  11984310   4825289   2172738
   63  1 183 173  17.5  27.5
   1417892   1974153   2452931   2554926   2199659
   2073142   3224059   4423975   4723109   3740176
   2778070   4903636   8440709   9799038   6152064
   3152278   6104141  14964219  27277724   8327718
   2902909   5269757   9718137  11745825   6756919
   64  7 214 219 -13.5 -18.5
   5622081   9096271   8877953   5376952   2967283
   7869863  21931355  19748875   7416273   3574124
   6981740  14327391  13628902   6647247   3372867
   4438796   6312925   6232500   4287807   2548648
   2569550   3216367   3181194   2501423   1715658
   65  7 169 214  31.5 -13.5
   1822056   3262074   5651200   8091274   7120887
   2163619   4218046   8923342  22170465  14131350
   2152025   4179791   8690349  20111167  13552602
   1798249   3193944   5421405   7613335   6775543
   1348199   2100323   3078402   3728687   3500237
   66  2 194 157   6.5  43.5
   1274700   1632923   1840168   1766579   1480317
   2022941   2826647   3353896   3168234   2433787
   3071527   4875115   6455645   5847239   3934910
   4121480   7944591  15418887  11573487   5724290
   4401866   9162019  28369497  15171343   6289882
   67  1 168 227  32.5 -26.5
   2027505   3629501   6612496  11285501   9450767
   2188218   4055894   8344643  27655577  15036752
   1995612   3538380   6304592  10195834   8754810
   1573067   2547363   3854878   4859586   4576405
   1144185   1675744   2266883   2654380   2542264
   68  9 155 220  45.5 -19.5
    993326   1836600   3612936   6855017   8725914
   1099088   2174105   4818095  13204181  34962438
   1056342   2037033   4266360   9617930  14437122
    893649   1546944   2769881   4496466   5241755
    699079   1060881   1610586   2193934   2392628
   69  3 169 154  31.5  46.5
    842372   1116362   1409958   1576278   1526025
   1171180   1740656   2389266   2804181   2671505
   1601608   2635804   4064972   5254874   4831553
   1990643   3582953   6693338  11771940   9278640
   2121393   3946951   8185305  27704954  13552991
   70  9 191 186   9.5  14.5
   1391718   2103427   2695445   2597191   1929197
   2159796   3930742   5974113   5591914   3421708
   2912588   6561498  16503723  13271391   5338621
   2994981   6931047  20063108  15208061   5590269
   2310887   4337982   6921109   6429360   3770872
   71  2 184 234  16.5 -33.5
   3246287   6177072  12977328  16159707   7709638
   3373829   6601996  15976244  23272562   8457498
   2819340   4896279   7928107   8719298   5788573
   2026758   3099896   4135142   4318525   3464908
   1368743   1865835   2276008   2347837   2016307
   72 10 155 248  45.5 -47.5
   1774939   3204261   6009890  13720203  35938261
   1684982   2955390   5272599   9632046  12761852
   1420160   2307016   3678116   5243153   5868145
   1092224   1634447   2328072   2991952   3187994
    837862   1109546   1457108   1740606   1823403
   73  6 209 232  -8.5 -31.5
   2463774   7303617   9710426   3506438   1260022
   2893591  11462929  20400135   4289763   1397054
   1881018   4088227   4824252   2465162   1063286
    942707   1465450   1569167   1129097    660333
    505350    653182    671937    562029    405483
   74  4 203 153  -2.5  47.5
   1212863   1466622   1549000   1432162   1152611
   1927035   2472326   2674548   2376354   1804377
   2975094   4259088   4852765   3993137   2720193
   4170427   7578621  10797614   6713754   3726672
   4718455  10527198  38134571   8697898   4152459
   75 10 233 187 -32.5  13.5
   3708139   3889183   3246228   2291482   1516116
   6727967   7369397   5365499   3339660   1986160
  12973943  17690897   8129531   4252208   2350555
  13624683  19396971   8361757   4299658   2368524
   7130798   7859498   5620851   3447210   2033138
   76  8 247 236 -46.5 -35.5
  22850775  12121376   4760606   2122567   1070426
  30416172  13401978   4935830   2176353   1085609
   8132410   6412985   3458872   1754657    959029
   3325295   2949096   2002788   1226629    766374
   1577250   1466337   1151917    821301    579136
   77 10 201 177  -0.5  23.5
   2154400   2808812   3104880   2801647   2127097
   3351718   4881433   5716051   4839738   3307291
   4739572   8517578  12446569   8339320   4648689
   5401486  11727108  59618016  11280920   5266689
   4598685   8024388  11172776   7873370   4497782
   78  5 246 239 -45.5 -38.5
  22914544  11796792   4677051   2215716   1158383
  20230110  11268855   4602905   2199541   1157219
   6460621   5397700   3189788   1760938   1004865
   2923903   2663267   1924435   1244149    788112
   1504487   1414872   1139031    832852    598884
   79  5 181 189  19.5  11.5
   1275091   2006298   2804183   3050494   2482911
   1813437   3360944   5782061   6851878   4645092
   2272750   4816239  12284610  22269157   7907373
   2244767   4729507  11772779  19748643   7682872
   1792809   3246856   5495303   6409743   4453495
   80  4 225 208 -24.5  -7.5
   4585082   5573845   4632643   3096096   1925288
   7814352  13542015   8051609   4171355   2361596
   9074730  25201818   9400909   4428033   2441510
   5748066   7584900   5851421   3572167   2137548
   3345857   3826162   3379634   2457233   1619919
   81  9 242 198 -41.5   2.5
   3882331   3654963   2505259   1489726    891040
   9482535   8227673   4240659   2112341   1117332
  29560009  16852219   5617863   2478354   1226284
  11804191   9838993   4644589   2238071   1151203
   4626091   4315835   2847634   1638251    952912
   82  3 246 193 -45.5   7.5
   3962136   3640013   2676768   1734604   1092561
   8015585   6686833   4076433   2359032   1365929
  24960200  11863754   5270810   2761538   1523797
  14441265   9779545   4895995   2656112   1492840
   6000752   5237892   3499225   2132588   1283846
   83  2 169 152  31.5  48.5
    884874   1165505   1485546   1648787   1587386
   1231546   1850371   2529434   2958625   2810718
   1708699   2838500   4377390   5617884   5151814
   2157984   3931861   7298495  12548139  10071298
   2341992   4433160   9356816  34990073  15959532
   84  6 189 164  11.5  36.5
    342533    474008    574224    564581    465148
    552476    902251   1266672   1239024    870049
    870952   1898266   3571027   3458987   1799197
   1206009   3461058  12848754  11480008   3166743
   1188846   3378239  11621584  10542101   3086392
   85  7 155 214  45.5 -13.5
   1341383   2356254   4183349   6899572   8192195
   1527788   2888973   5776137  13094597  23436190
   1522036   2868236   5690691  12633609  20958162
   1325585   2311060   4082422   6546072   7688518
   1044183   1640839   2523152   3433719   3744043
   86  2 174 239  26.5 -38.5
   2592889   4903748  10350733  24108708  11471013
   2576320   4855085  10038944  21262949  11111242
   2144412   3680867   5942080   7670971   6237488
   1572412   2407336   3357634   3873175   3462650
   1085580   1522526   1914802   2099060   1956770
   87  4 161 202  39.5  -1.5
   1358930   2169666   3315283   4480452   4588504
   1635299   2830444   4968647   8825253   9476571
   1743676   3097142   5912268  15395326  19635153
   1618331   2774417   4779377   8144204   8661536
   1329259   2095891   3166633   4207673   4315760
   88  9 232 172 -31.5  28.5
   1722340   1819496   1541192   1115512    767429
   3488417   3812279   2919163   1806992   1074152
   7631646   9311201   5495747   2743153   1410405
  15019634  33707321   8170283   3373991   1599264
   9639432  12769763   6451666   3016217   1485936
   89  8 208 229  -7.5 -28.5
   4926779  11228688  14440013   6891694   3086718
   5911666  18617209  38232388   8881517   3476738
   4395514   8818355  10604859   5933310   2826494
   2538753   3805999   4136228   3082559   1851628
   1402259   1811140   1908547   1591849   1137963
   90  2 203 165  -2.5  35.5
   1653251   2076056   2223580   1998747   1559161
   2697396   3714399   4134031   3525894   2488271
   4152817   6793201   8368575   6216174   3730527
   5492060  12109049  25391305  10118187   4776078
   5365344  11239670  19944839   9582299   4692205
   91 10 160 189  40.5  11.5
   1322358   2070709   3046326   3943228   4057839
   1710179   2896130   4806000   7249579   7706213
   1955118   3536246   6633568  14661122  18087768
   1950082   3510058   6544031  13884196  16757423
   1684196   2840907   4659884   6911826   7307152
   92  3 153 171  47.5  29.5
    833332   1202621   1691703   2159260   2335437
   1077315   1732335   2718316   3812767   4298700
   1331351   2313198   4043059   6934508   8993129
   1451958   2635960   5018672  11355468  34207562
   1401482   2480065   4521994   8670766  12829016
   93 10 222 204 -21.5  -3.5
   4857037   6012417   5309156   3667993   2285694
   8063277  13390988   9589685   5212877   2915500
  10067436  36924803  13098147   5850680   3126372
   7081418  10303469   8171522   4812940   2768620
   4215326   5041254   4546640   3265209   2099777
   94  1 245 203 -44.5  -2.5
   5428998   4892927   3421912   2128710   1305619
  12002882   9305036   4988012   2762449   1551540
  31940893  13683758   5757447   3008246   1644953
   9996307   8211288   4708785   2665273   1519533
   4774587   4380716   3142312   2014237   1240369
   95  9 187 189  13.5  11.5
   1363878   2130219   2874196   2914410   2196218
   2042883   3850202   6369212   6514708   4024878
   2631894   5922617  16110169  17419448   6352728
   2603439   5796546  15007598  16112607   6214573
   1994579   3686154   5974365   6124414   3889579
   96  3 225 208 -24.5  -7.5
   4840482   5979384   4944735   3233141   1947785
   8449224  14757231   8684441   4418131   2406967
   9884804  27710067  10205025   4706974   2512069
   6151304   8196042   6257617   3759116   2164002
   3487756   4038944   3539927   2517512   1629246
   97  6 237 174 -36.5  26.5
    757363    757760    600114    417620    277530
   1819028   1851542   1210294    669564    384845
   5518401   5795344   2540592   1026156    491679
  15709407  18730493   3782743   1264105    545358
   6438856   6810217   2760601   1076277    506466
   98  8 245 174 -44.5  26.5
   1999732   1867441   1416795    968620    653805
   4395585   3933797   2539202   1464874    856567
  11683351   8960824   4274700   2040055   1058520
  50603076  16837266   5519657   2350828   1158080
  13584592   9953422   4535524   2109625   1083796
   99 10 199 214   1.5 -13.5
   3869419   6193590   8018331   6505972   4122060
   4964555  10006377  22062389  11036941   5368911
   4928207   9792948  19704366  10690538   5319146
   3791162   5964534   7576320   6242093   4016135
   2532399   3477451   3958694   3571290   2647795
  100  2 237 181 -36.5  19.5
   3192472   3212205   2609966   1834013   1199011
   6002675   6094831   4383689   2717866   1622202
  12823905  13418762   6814216   3591815   1965432
  19723936  22042845   7827251   3868803   2062179
   9011697   9282628   5746805   3278801   1857782
