         100          25
    1 10 218 160 -17.5  40.5
    162473    175787    171216    151322    118515
    226344    254208    246628    208447    163912
    313767    383061    356195    277634    202704
    414268    663885    554689    338378    229857
    413884    687250    560053    341220    231604
    2  6 213 218 -12.5 -17.5
    342783    485613    480109    344780    235482
    425830    855074    872661    434756    265013
    393660    637681    649895    401011    253884
    292207    371519    379308    295867    209681
    205017    244185    239413    206884    158923
    3  3 227 156 -26.5  44.5
    157540    163794    154164    130415     99119
    234739    250330    227342    186731    137788
    344182    389532    334962    254437    176862
    507767    702008    487405    312640    204483
    583897   1131008    553498    325837    209035
    4  5 234 162 -33.5  38.5
    172751    175612    160484    131223     96428
    267469    274488    240105    181542    131744
    422240    448921    347923    238646    161722
    694420    846666    469365    289942    183145
    683763    857611    465991    287946    182793
    5  4 231 203 -30.5  -2.5
    332122    358009    300356    216941    150556
    532148    666507    441265    272905    175201
    689011   1255846    496105    285927    183944
    456564    531362    379308    254378    166463
    286412    305835    257770    194952    139081
    6  1 200 240   0.5 -39.5
    285158    477095    826528    494489    298098
    277657    448084    679853    468243    289257
    231736    312363    369424    325325    237495
    174918    216781    231287    218217    177109
    126658    145652    155494    147453    126680
    7  2 200 189   0.5  11.5
    191411    247380    272411    248106    191106
    261487    379338    468709    387791    271316
    318528    554574   1075526    585944    328675
    315149    538441    886117    554187    325154
    249644    360529    424793    362052    259391
    8 10 221 211 -20.5 -10.5
    329879    398877    355402    269454    195734
    433751    712849    526484    324381    220796
    433303    712789    516471    322181    220946
    327008    396241    357905    271010    197087
    237170    260927    245833    206957    158809
    9  1 185 177  15.5  23.5
    136066    170841    201371    206790    182520
    174490    241025    304581    312107    262188
    211809    317796    475972    524510    355974
    226669    349835    652897    847247    407318
    206966    302915    440192    470524    338497
   10  9 186 195  14.5   5.5
    185997    259473    322511    333518    269741
    241108    370352    551433    559154    391197
    268293    454350    916654   1054829    492992
    255808    403470    659045    709981    439091
    206203    298138    386309    398417    316538
   11  7 155 228  45.5 -27.5
    148706    228425    345276    525784    645037
    153724    240262    372451    661457   1119002
    143487    218380    326362    472735    542534
    119043    175070    242034    306374    329191
     94565    133453    172280    201530    213226
   12  6 250 197 -49.5   3.5
    326883    296882    226170    163087    108325
    563119    446933    300221    197897    129603
   1684155    601233    339470    216300    137829
    645337    484023    313658    204054    132477
    360525    323207    242164    169198    113166
   13  2 155 153  45.5  47.5
     69550     91485    119772    137964    141780
     90340    131159    175276    209660    221001
    115484    170949    247124    331792    363653
    133529    207350    329866    532630    701310
    139132    222180    365018    691965   1405302
   14  1 176 234  24.5 -33.5
    191843    285234    463062    667209    457485
    193621    292811    481342    835551    489543
    173618    249430    346900    420376    348636
    142834    188457    236617    257643    237800
    105038    138094    161954    173045    160850
   15  3 236 244 -35.5 -43.5
    762256    882855    444847    275395    180703
    596497    636689    409710    264065    173788
    359704    372165    301609    219403    150889
    236928    240156    212620    165699    118217
    157014    160447    144034    114695     87471
   16  5 156 201  44.5  -0.5
    123421    180555    257806    335234    361117
    142504    221481    342307    532164    634171
    149702    237703    383547    715287   1241225
    142317    218024    332526    499028    591713
    119858    174607    246771    316767    339834
   17  3 223 216 -22.5 -15.5
    384848    477827    407233    294890    200602
    521412    992935    597204    347298    226546
    489858    752500    542589    334787    219754
    343113    399593    361088    268351    189690
    231579    257862    247266    197351    149130
   18  8 198 160   2.5  40.5
    130684    154251    166844    156624    134393
    182271    226604    255261    235359    191080
    243276    334118    404319    354646    262491
    292150    486496    818384    534954    318824
    297683    505376    942082    573531    325559
   19  3 154 199  46.5   1.5
    122304    178879    244808    313176    339940
    142290    215781    318715    475294    572738
    150218    230458    357865    633068   1308404
    144936    215199    320477    485376    587384
    123789    179753    247292    315471    348573
   20  8 246 205 -45.5  -4.5
    357790    331242    253192    178606    124705
    672643    518959    324323    212580    143410
   1166018    635240    346488    220157    144876
    491667    424737    294620    199108    133771
    298928    277846    222085    162759    110446
   21  7 159 206  41.5  -5.5
    139173    209300    289230    371969    383790
    160885    247876    375362    598210    663880
    164807    258296    398849    720840    901876
    150676    231250    336713    467935    499331
    127398    180368    244875    296226    308688
   22 10 219 165 -18.5  35.5
    174011    190465    183829    161136    127985
    243907    276393    265305    219953    168889
    333424    422496    384333    286869    207049
    428631    781782    574588    338983    230766
    407825    619309    510837    329507    227030
   23  5 168 158  32.5  42.5
     90544    120376    150561    164427    162801
    125486    172080    224816    257181    247581
    156731    232382    331622    413960    389629
    178683    282007    460060    757480    632158
    184046    290568    489165    968939    731220
   24  3 235 186 -34.5  14.5
    260983    265692    231555    180090    130437
    403610    418850    332605    237642    160801
    660361    756157    436404    274579    179527
    680863    796842    448915    278220    183862
    420700    434331    338272    238169    160751
   25  7 234 228 -33.5 -27.5
    558479    622273    410906    269885    179543
    738678    959903    475412    288680    185499
    496854    530414    383822    258938    171829
    313395    321821    275469    204947    144507
    207329    211277    187496    149960    107648
   26  9 227 176 -26.5  24.5
    220512    234723    219798    172173    127254
    341579    384747    328871    244728    167283
    534197    705909    505750    316089    200157
    680657   1977981    623670    353980    214132
    500903    635086    481422    307673    195830
   27  7 204 214  -3.5 -13.5
    293390    410968    454784    369757    260827
    360200    604272    918272    503956    306203
    354953    583070    784706    488964    307769
    285974    386076    427738    353220    256962
    208521    255198    273388    242506    189262
   28  6 171 175  29.5  25.5
    116027    160799    198863    218289    210007
    154829    218553    292713    343752    321299
    182529    276789    430269    604240    493337
    195375    302442    517456   1416021    682623
    183263    274928    416116    584293    489642
   29  2 241 202 -40.5  -1.5
    349537    334991    261125    183714    125035
    623702    577973    361860    225659    143796
   1089509    829362    407098    246769    152212
    548908    513301    344669    221841    142851
    317187    308226    247377    176750    121594
   30  4 153 229  47.5 -28.5
    129974    201855    314764    512507    690067
    133927    211566    334660    624100   1365599
    125474    188081    286887    430451    524257
    103989    154638    212319    278518    299378
     81371    114461    151153    179942    191706
   31  2 177 183  23.5  17.5
    132109    181000    223591    242291    218788
    172524    253429    350891    404978    343018
    200747    325201    544362    827907    526908
    207123    336209    604632   1177588    564778
    184520    277596    401792    491613    389249
   32  5 153 152  47.5  48.5
     73266     94137    123361    143803    148154
     93292    134815    179344    216487    231199
    116064    175080    249492    335698    371847
    136785    210652    323876    512832    659207
    141888    223369    360258    651544   1398912
   33  9 170 238  30.5 -37.5
    193138    315530    536510   1032198    709914
    195935    315444    520508    946900    680209
    166948    256811    375446    467698    431911
    132834    186193    247369    281376    268610
     96087    130743    159394    175960    171175
   34  5 217 177 -16.5  23.5
    202767    231060    226548    192129    146288
    301175    365204    349257    273066    193231
    423678    633308    569517    369675    239355
    485833   1087691    792568    414895    254671
    393350    556324    513475    350173    231041
   35  7 152 200  48.5   0.5
    117535    175010    243686    317442    346210
    138936    211289    321535    475387    601795
    145861    227214    352077    616223   1339555
    138620    209952    318947    469630    590355
    116347    173735    246612    318111    350562
   36 10 208 202  -7.5  -1.5
    255677    316523    330632    282469    214565
    324484    480438    538365    378598    258626
    355845    609700    861924    425787    273508
    308911    424684    459669    349695    249639
    237881    288929    296818    258000    201279
   37  2 240 188 -39.5  12.5
    262554    258303    213982    157967    109269
    434967    425859    310493    207022    138114
    845272    757599    404588    242483    152258
    797003    726649    400017    241161    153087
    415301    409371    307223    204837    137496
   38  2 179 155  21.5  45.5
     92717    122726    141761    147140    134795
    130922    177960    216356    228100    205523
    171136    251335    343422    380005    314806
    207682    328084    540949    738597    478889
    217938    351196    658738   1326554    549069
   39  1 157 231  43.5 -30.5
    139180    205459    309272    485117    595927
    142655    212755    329876    577942    874461
    132311    193163    278955    389472    440081
    110664    157734    210170    257827    270364
     85442    119227    150872    175811    178706
   40  3 206 162  -5.5  38.5
    151504    175815    180911    167085    138803
    217856    262265    274170    243594    192429
    291569    396192    434909    352171    251074
    363788    605116    828038    476881    297624
    357605    619335    830517    476026    297127
   41  7 238 236 -37.5 -35.5
    712476    707965    409369    259846    171051
    719869    738867    417743    268136    170845
    434028    433255    326490    228237    153192
    280716    278275    235992    175168    124628
    183128    183543    162072    128023     94265
   42  9 229 220 -28.5 -19.5
    489694    589737    444856    288743    186646
    722196   1492280    584561    332285    204492
    576803    759339    506907    310547    199695
    363355    403580    341426    245311    166347
    230953    248257    220717    174621    127154
   43  1 173 157  27.5  43.5
     90454    117990    140364    150313    144485
    123805    165543    205174    227635    211942
    155912    221024    296143    349507    314529
    181036    269151    425570    623850    466830
    185093    279487    453873    881588    542447
   44  5 179 202  21.5  -1.5
    175698    253175    339660    372337    314901
    214433    332040    523741    659002    463405
    226578    365440    666434   1329222    563195
    210827    318231    476086    577863    436385
    168387    237243    311279    335195    291863
   45  9 226 205 -25.5  -4.5
    361264    416490    355788    260163    177893
    558655    794099    548354    330438    208811
    654466   1475653    630240    355253    218626
    460209    573766    456233    304284    194778
    295607    329170    301090    228252    159056
   46  7 222 240 -21.5 -39.5
    518135    953957    602420    353058    226910
    501286    780236    555503    348210    226386
    352804    418268    375597    281018    194047
    240350    267006    247065    202252    150994
    164037    174789    166361    141221    107654
   47  5 228 236 -27.5 -35.5
    588201    903816    529348    318934    202888
    603511    964464    543314    322048    204035
    403571    470388    378224    267104    179671
    262341    285612    254695    197475    141756
    170863    182968    169197    139196    105263
   48  8 244 206 -43.5  -5.5
    362975    342483    264828    184440    127827
    682785    552521    336400    217390    147304
   1026498    662861    360397    227573    151691
    477662    426874    303064    203475    138712
    287528    276638    223968    165203    113458
   49  8 229 243 -28.5 -42.5
    610631   1128580    500550    296627    191787
    523589    698175    450358    284738    185858
    332842    375964    312298    231117    161176
    225977    240303    216885    172167    126885
    150100    156586    145801    121976     93063
   50  4 236 178 -35.5  22.5
    217372    223222    193239    150486    107432
    343458    351784    283731    201508    138756
    592554    625672    391036    250023    162269
    812853    971114    440305    259315    166994
    488933    509315    350315    236586    154877
   51 10 171 241  29.5 -40.5
    195681    289124    441738    851175    544013
    190568    278440    416077    610681    485264
    168267    233899    310911    358527    326399
    136748    178900    221852    239922    230805
     98285    132593    155787    166126    162058
   52  3 231 195 -30.5   5.5
    299603    317002    273883    211954    150869
    455532    516527    394412    270351    180058
    673575   1091983    499654    299521    198290
    528461    652948    444186    285933    187469
    346506    374106    315691    231804    160889
   53  6 165 161  35.5  39.5
     90242    123619    154785    170500    168993
    122120    172038    224773    262148    262066
    154196    225098    319900    418300    408454
    171621    269952    428214    764634    703429
    173876    268922    430088    798677    726072
   54  7 187 221  13.5 -20.5
    244348    357663    503237    517035    365801
    270941    429200    821587    857942    439491
    256624    386281    589415    599236    390392
    211093    291416    361777    360471    292964
    160329    202641    232615    236327    205934
   55  3 162 162  38.5  38.5
     92461    126224    159811    179179    178171
    125068    176416    228165    268351    267941
    152893    222883    316284    414464    420140
    171060    261136    403901    695207    747335
    172296    261145    403693    692078    743752
   56  2 236 163 -35.5  37.5
    165654    168288    148219    118349     85548
    259189    262841    219707    166595    117378
    422473    440733    327866    221619    147607
    752444    848332    438919    263031    162909
    722184    801532    433362    263580    164417
   57 10 219 164 -18.5  36.5
    172636    187505    181428    160227    125461
    240702    270227    258820    216492    167716
    331598    416712    377363    286610    206966
    428310    751763    565869    334553    230009
    407959    632695    519255    333445    225522
   58 10 167 198  33.5   2.5
    149013    205176    266244    310940    300486
    175153    247556    356369    493216    452501
    184894    271004    418130    833597    640041
    175264    252026    361025    502920    459709
    152361    208038    271237    314227    303540
   59  6 174 242  26.5 -41.5
    204189    322221    547160   1164375    608069
    201166    307996    494199    762324    533812
    169329    245844    334802    395454    358706
    135740    181097    229330    251457    232494
     95826    126247    151487    162439    154069
   60  3 208 209  -7.5  -8.5
    289789    383936    405171    330784    239977
    368586    609041    731046    446284    282049
    379171    667440    885333    467385    288186
    308630    428069    459325    357867    249705
    225755    275527    288427    250640    193429
   61  7 200 180   0.5  20.5
    184365    225237    245689    227481    185341
    251831    335546    380522    335682    251891
    318418    494786    704875    498031    317351
    337480    573855   1140469    577501    341590
    294116    426301    522724    424027    294546
   62  8 221 167 -20.5  33.5
    171379    184774    178779    151474    117735
    249933    284834    264697    215826    160412
    362788    472737    408471    288413    196472
    496225   1057671    618249    343131    219519
    453691    708809    539822    327650    213985
   63  1 183 173  17.5  27.5
    128339    160660    186565    193725    174669
    164520    227114    283511    294169    252522
    200161    299144    437313    485248    352736
    216687    334674    620588    919756    433242
    207282    306841    462475    527641    365280
   64  7 214 219 -13.5 -18.5
    358516    489236    482877    345101    237726
    443189    868350    790474    418483    261882
    410713    629141    608763    383119    253091
    305627    376922    372251    293367    211847
    211787    243466    243344    208905    159405
   65  7 169 214  31.5 -13.5
    173466    257740    362987    455740    412641
    193244    300027    479483    862500    646890
    193519    295411    473407    764512    603599
    167807    248478    347459    423657    392734
    135614    187049    237668    269944    257000
   66  2 194 157   6.5  43.5
    113161    140154    152935    147754    127882
    163116    210441    235163    226545    188828
    222172    317097    388977    365360    268963
    274676    451710    753560    616532    359907
    284335    490120   1092921    718180    379918
   67  1 168 227  32.5 -26.5
    162695    239856    368861    523292    473947
    170131    256156    413978    856712    636242
    158666    233172    343104    473373    430321
    135938    189792    247072    288495    276912
    104658    141378    170869    192039    187226
   68  9 155 220  45.5 -19.5
    135346    218665    329744    497501    589577
    152037    241315    395774    744811   1442528
    142835    227341    362315    592303    757570
    124121    186104    273140    366606    403660
     96493    140191    189902    230378    246027
   69  3 169 154  31.5  46.5
     92058    120618    146743    158116    153443
    126323    172189    216009    241589    230393
    162464    229483    309563    366781    347901
    187108    280398    433211    648429    547379
    196754    298586    486727   1034532    691361
   70  9 191 186   9.5  14.5
    179762    239058    280852    275846    223861
    242444    353123    463065    440610    322970
    290680    486287    886053    758108    420989
    293373    494514    932743    784181    429516
    245847    364384    476666    458054    334575
   71  2 184 234  16.5 -33.5
    228718    371764    651193    788715    445996
    237861    386735    733912    967476    467357
    205328    304893    434160    469301    352073
    157443    216263    268468    277425    232157
    115214    146733    172564    176249    160091
   72 10 155 248  45.5 -47.5
    151613    228287    335642    570634   1014190
    144881    211113    306075    445542    504194
    127525    179261    240592    300924    317881
     97697    140724    181250    207915    217346
     76404    100037    127014    146165    149141
   73  6 209 232  -8.5 -31.5
    367186    617100    713201    439801    275438
    384643    724605    964657    469302    289445
    315645    440843    478017    363542    247345
    232764    283963    297133    256345    189064
    161244    187692    192441    171710    139358
   74  4 203 153  -2.5  47.5
    116310    137641    146676    136210    112765
    173513    210676    224296    203859    162936
    243137    324445    361006    312309    225255
    312524    507643    670098    464390    287190
    335708    628099   1437734    535066    301870
   75 10 233 187 -32.5  13.5
    253336    261456    231589    185910    139530
    377754    399621    322785    234737    166860
    564788    711395    415873    271566    185035
    545270    670104    403116    268689    185235
    364302    383289    312352    230025    165403
   76  8 247 236 -46.5 -35.5
    839669    556409    326220    212115    141932
    901078    575278    332854    213177    140505
    427630    379843    273178    187498    128169
    271183    250897    204782    150924    102782
    176667    168612    144563    108864     79846
   77 10 201 177  -0.5  23.5
    179685    211518    226689    215648    175005
    238187    300729    336140    301661    232811
    292914    424385    561270    423396    286258
    313299    512600   1095906    497887    307733
    279585    394163    473226    384665    274589
   78  5 246 239 -45.5 -38.5
    971581    652019    373549    233455    147885
    830501    624692    362640    228483    147562
    433782    393131    284536    197142    132010
    267745    252135    204659    152699    105076
    171941    165342    140728    109102     83302
   79  5 181 189  19.5  11.5
    159865    220974    273713    285586    250315
    203314    302794    428115    474160    372127
    232098    372421    660399    963435    514260
    230048    368901    621053    837937    491903
    197524    289153    397054    435609    349740
   80  4 225 208 -24.5  -7.5
    341528    403486    348028    248236    172183
    509887    808155    524811    310940    199430
    556720   1122672    563062    316912    205228
    382641    477075    385571    268510    180612
    252375    278557    251591    196419    145214
   81  9 242 198 -41.5   2.5
    353561    339744    267013    188277    126504
    629672    566259    366040    236344    150859
   1227791    859238    433074    259984    160297
    668056    596841    383448    239306    153232
    375752    361676    281352    194987    129894
   82  3 246 193 -45.5   7.5
    306645    286628    231571    170021    117299
    495517    433303    309402    210176    138778
   1048186    646772    363100    233704    150774
    691198    546236    339090    224538    146562
    382597    354695    272763    190383    129894
   83  2 169 152  31.5  48.5
     80347    103191    128828    138998    135881
    110869    151011    193551    218602    205310
    143900    211027    293901    351949    327332
    170500    264017    427688    651473    556134
    178778    287849    501712   1290489    752401
   84  6 189 164  11.5  36.5
    128364    161103    180722    178560    157274
    177784    232809    276812    276431    230144
    226898    332089    439781    434774    324637
    266365    423576    801779    769899    417759
    261593    412730    722862    698900    402548
   85  7 155 214  45.5 -13.5
    136876    211016    299103    412071    452142
    152374    232711    363849    622738    910888
    152782    231719    361970    594181    781432
    134925    202343    289555    386947    425010
    107116    157033    210352    257892    271945
   86  2 174 239  26.5 -38.5
    195497    311858    546203   1072666    598106
    194960    307650    527686    886650    564198
    167772    247174    354655    423974    363571
    132001    179613    230743    255081    234125
     95369    126284    151007    163385    154033
   87  4 161 202  39.5  -1.5
    127453    188979    265506    339069    342409
    147202    229412    359003    574624    608997
    156560    243412    401372    822391    975525
    143530    219654    335795    499640    524297
    121904    177068    241564    300138    304115
   88  9 232 172 -31.5  28.5
    210729    217452    194620    153379    109473
    328859    349404    293261    218007    148221
    538492    614309    432223    278902    178917
    805186   1382986    541489    317650    193945
    585110    705882    464370    289878    184948
   89  8 208 229  -7.5 -28.5
    339687    550684    639019    406678    260770
    371244    710542   1034061    458684    273062
    312156    457392    494570    367506    244792
    232357    289349    301557    255013    192634
    164813    192507    198307    176097    142851
   90  2 203 165  -2.5  35.5
    142218    167611    176453    160763    132333
    201924    256307    276148    244431    189413
    275185    403400    484027    378596    257661
    338318    620066   1118938    543858    313232
    327114    570924    850605    512660    300822
   91 10 160 189  40.5  11.5
    124617    173411    223052    263617    266026
    150781    213810    296596    389683    405273
    163657    241835    359470    606621    714512
    161586    235699    354224    553000    609755
    146572    204518    278379    359688    364245
   92  3 153 171  47.5  29.5
     91200    129903    168462    200796    209189
    116100    172248    232575    297993    322888
    138390    207497    305166    443139    537109
    150309    227195    349144    614804   1290081
    143394    216013    321539    494078    647520
   93 10 222 204 -21.5  -3.5
    303170    350658    318257    248805    184238
    413553    590461    473203    306417    211152
    463982    949964    544811    329301    221072
    363657    449304    391461    285856    201945
    263524    288817    270413    220913    166881
   94  1 245 203 -44.5  -2.5
    323904    304102    236015    171233    118157
    543381    462860    302563    203598    136189
    914242    595048    333062    212998    141163
    473702    413974    288028    196377    132534
    285579    268750    218397    159818    112823
   95  9 187 189  13.5  11.5
    178051    240156    290584    297447    244643
    233057    347674    487604    486604    353282
    270272    455784    864384    903278    467543
    268083    439228    767525    810079    458876
    224163    329306    438482    447232    340498
   96  3 225 208 -24.5  -7.5
    347967    404960    351089    264829    186524
    505101    750070    523116    323742    210863
    553359   1014651    572353    334829    215454
    391025    475981    402173    282996    192728
    266901    296671    272189    215613    155405
   97  6 237 174 -36.5  26.5
    210956    213035    185868    147241    104180
    329251    331219    273409    197879    138901
    544257    555911    379498    247614    165273
    883004    956587    443244    272070    172757
    543134    565157    379357    252896    162692
   98  8 245 174 -44.5  26.5
    209940    201426    170242    130597     92307
    320320    300715    239785    174151    118608
    552462    481856    313549    210258    141713
   1271859    661632    351938    225709    148632
    574548    481746    316873    210057    139278
   99 10 199 214   1.5 -13.5
    260382    349355    420847    364644    269396
    296138    470622    800259    504545    310064
    295647    449642    662567    469076    304384
    246468    327557    374945    333619    254932
    189038    233203    248800    231777    193120
  100  2 237 181 -36.5  19.5
    229799    229024    196837    149651    104978
    371353    375511    289764    203671    137501
    651485    691026    404890    250817    157009
    855061    926467    442274    265682    163409
    475371    491004    349463    226836    150600
