        3        3        4        4        2        3        2        5        3        3        3        3        3        1        3        1        1        3        2       11
        5        2        6        5        7       11        9        6        6        8        7        3        7        6        4        6        6        6        3        6
        5        5        9        8        5        6       10        3        8        8        7        6        7        7        8        4        5        5       12        4
        5        5        0        7        7       11        5        9        4        3        2        6        5        3        3        3       10        3        1       10
        7        4        4        2        6        6        3        3        7        1        6        6        3        9        4        1        2        2        4        2
        6        2        2        7        2        1        3        1        4        1        2        4        3        2        3       11        2        7        6        7
        2        5        2        4        2        3        6        4        5        3        3        6       10        6        5        6        7        1        4        9
        1        8        5        4       10        9        8        7        5        8        2        6        6        3        3        6        4        8       10        2
        3        6        7        6        5        2        8        9        7        1        9        6        4        4        3        4        3        6        3        5
        4        4        3        5        5        5        2        7        7        3        8        2        3        6        3        2        2        1        3        1
        1        5        5        4        3        3        4        3        3        2        4        2        7        2        3        3        8        3        3        2
        7        6        7        4        6        5        7        4        5        4        7        2        6        8        6        4        9        6        7        9
        5        3       10        7        7        6        7        4        5       12        5       12        6        5        2        8       12        8       10        7
        4       10       10        6        9        9        4        8        7        6        3       10        6        3        4        7        3        7        7        2
        6        3        3        6        3        3        4        4        2        6        3        3        4        5        1        3        3        5        1        3
        5        3        7        2        4        4        2        1        2        5        3        1        7        2        5        3        6        7        4        5
       12        4        6        4        3        3        5        5        8        8        4        4        6        6        9       10        4        9        3        3
       10        7        9        5        6        9        4        8        6        8       10        7        5        7        7        3        7        5        9       11
        6        6        4        7        4        6        7        5        8        2        2        2        4        4        4        9        7        2        5        3
       10        4        5        3        4        5        4        1        5        4        4        3        4        1        2        1        2        2        4        4
        3        2        2        0        0        1        3        3        4        2        4        5        1        5        3        5        4        7        5        6
        5        4        7        6        5        4        5        3        1        6        3        7        3        8        5        8       10        6       15        8
        9        7        2        7        8        4        3        6        9        8        6        6        5        2       11        4        9       11       12        6
        6        3        6        8        7       11        6        8        9        4        7        3       12        7        4        4        7        2        5        2
        1        2        1        4        7        2        1        4        4        4        5        4        1        6        1        2        3        1        6        3
        2        2        0        3        0        1        4        4        3        4        5        6        6        3        3        2        8        8        4        6
        5        5        2        3        5        4        5        4        8        2        4        7        5        9        5       14        5        6        7        9
        8       10        5       13        3        7        6        8        8        9       11       10        7        8       11        8       15        5        5       11
        7        8       10        7        9       11        5       12       11        9        2        5        4        6        7        4        7        2        4        5
        1        7        1        6        1        4        4        1        8        2        6        5        4        1        4        3        3        5        3        2
        1        2        3        2        3        3        4        7        2        3        7        2        8        6        6        4        3        0        8        6
        7        9        5        9        3        7        4        3        6        2        9        3        7        9       11       12        6        8       10       15
       12        6        6        7        8       13       10        9        5        5        7        9       14        6        6        7       10        7        7        7
        4       13        9        9        6        6       10        7       10       10        8        9        4       11        5        6        7        4        5        6
        6        5        4        4        8        5        2        3        4        3        7        1        2        5        1        8        3        2        2        3
        6        4        1        3        4        2        7        2        4        3        4        5        7        6        1        2        3        7        7        6
        9        8        6        8       10        5        4        6        5        9        3        6        8       12       13       13       11        5       16       11
       13       13        6       10        6       14        8       17        8       10       12        8        5       16       12       12       10        9        6       15
        5       11        6       12        8        9       13       10       10        7       11        6        7        8        9       11        6       11        6        3
        8        8        6        4        3        3        2        4        2        6        5        1        2        2        2        1        1        0        3        2
        1        4        2        3        4        3        0        2        3        9        3        3        3        5        1        7        5        7        8        4
       13        4        7        5        9       10        9       10        8        6        7        7        7        6        7        4        6        5        7        9
        8       10        7        1       11       11        7       14        5       15        8        8        8        9       17        9        9       11       20       10
        8       11       10       12       11        9       10       11        8        0        4        6        8        6        4        5        1        4        3        4
        4        3        4        4        1        2        3        3        5        5        6        4        4        3        4        2        3        4        4        4
        1        4        3        2        2        4        4        3        8        4        1        3        5        6        5        7       12        6        5        3
        4        7        6        5       10        5        5        5        6       12        7        9       13        7        7        4        6       10        7       11
       13        5       10        9        6       15        6        6       11       13       13        6       12       12       10       11        9       15        7       10
        8       10       17       13       14       10       14       13        5        8        9        6        8        4       12        8       12        7        2        7
        5        5        4        3        7        3        5        7        3        4        6        1        3        2        4        3        4        1        2        2
        2        2        3        0        2        6        1        6        1        7        2        6        8        7        5        3        4        6        4        7
        7        6        8       11        4        6       13        1       10        4        5        9        5       16        9       14       10       12        6       11
        6       11       13        6        9        8       13       10       17        7       11        9       12       14       14       13        9       12       20       13
       11        5       15        3       12        1        8        7        6       10       11        6       13        3        8       10       10       10        5        6
        8       11        3        3        5        5        7        4        3        3        2        4        6        2        3        2        2        3        3        1
        3        2        4        6        1        1        3        8        2        6        1        6        6        6        6        1       10        7        6        2
        8        7        3        6       13        9        7       13        5       10        4        8        7       10        5        6       13       14       11       14
        6        8       10       15        7       13       21       11       17       15       16       11       16       10       13        5       12        8        8        9
       12       11        8        7       13       17       14        8        9       11       10        7        9       11        8        4        7        5        4        2
        5        5        6        5        3        8        4       10        6       10        5        1        3        4        5        2        8        6        3        2
        1        0        4        6        4        2        5        4        3        9        7        6        5        1        5        3        8        6        4        7
        9       11        7        9        9       14       14        7       16        8       10       12        6        7        9        9        9       15       12        9
        7        8        6        7       10        8       13       10        6       12       14        8       12       12       18       10       14        9        7       16
       18       13        9       21       12        9       10       12       11       13        8       14       12       11        4        8        6        6        3        4
        7        7        6        3        6        3        6        7        7        2        7        3        6        1        1        7        0        4       10        2
        3        3        4        2        3        6        2        5        3        5        7        3        7        8        4        7       10        4        6        7
        7        7        9        4        8       10        8       12        7       11       14        9        6       18        8       13       10       16       11       11
       13       11        8       12       20       14       10       12       12        8        8       15       14       19       13       11       13        5       16       12
       14       18       16       16       17       15        4       10       13        9        4        8        6        7       10        4        6        7        7        7
       10        9        5        9        3        7        3        1        5        4        7        2        5        4        9        4        3        2        6        3
        3        4        1        5        2        5        1        5        4        6        5        2        3        8        5        5       10        4        1        8
       10        6       14        6       11       11        6        9        6       10       15        7       10        7       14       21       14       15       11       12
       10       15       16       18       19       10       16       16       15       16       17       11       22       15       18       12       21       14       10       11
       12       10       13       13       13       12       10        8       12       12       12       12       11       10        4        6        6        3        6        7
        4        3        9        8        5        5        4        4        4        6        3        4        4        3        4        4        5        6        5        5
        2        2        2        7        7        0        5        3        1        3        3        6        7        4        5        9        2        4        7        7
        8        5        9        6        6       11       11        4        5        8        8       10       16       10       13       17        9       10       13       14
       10        9       22       11       19       12       14       15       14       17       15       15       13       12       17       15       17       13       15       18
       16       10       13       11       10       16        7        8       16        9       13       19        9       12       10        8        9        7        2        6
        4        3        9       10        4        9        0        9        8        2        2        4        1        6        4        8       10        7        6        0
        3        3        2        9        7        9        5        8        7       10        6        4        3        7        6        7        2        5        8        8
        7        3        6        5        7       10        6        7       13        5       13        9       12       12       14       17       15        9       12       14
        8       13       17        9       17       14       11       12       18       18       11       15       20       16       16       17       15       18       19       10
       21       24        8       14       10        8       11       14        7        3       13       10        8        9       13       10       11        6        7        6
        5       10        8        4        5        6       10        6        7        9        1        7        3        4        6        6        6        2        4        5
        3        2        6        0        8        5        1        6        3        7        8        7        7        2        8        6        5        9        5        8
       14        7        7        9       13       17       10       13       12       15       16       15        9       11       19       15       12        8       15       11
       12       26       17       21       18       18        9       20        9       15       18       14       14       13       21       25       11       16       11       20
       24       22       14        9        5       13        9       11        9        6       10        9        7       14       11       11        7       14        7        8
       10        8        8        3        6        4        8        4        4        7        9        8        6        3        6        1        4        2        5        3
        6        4        8        6        4       10        4        6        6        5        4        6        5        9       11        6        6        9        7        7
        9       15       12        9       17       14       11        5       18       12       14       10       11       13       18       12       14       15       16       11
       18       15       19       12       23       20       24       16       19       24       24       20       24       23       20       21       23       19       13       22
       19       15       16       17        7       15       15        7       10       10       13       17       19       15       10        8        8        7        4       11
        9        5        8       13        5        5        8        2        5        1        2        6        4        2        7        7        7        1        4        4
        2        4        5        6        7        6        6        5        2        6        4       11        8        5        4       10       13       11        6        3
        8        8        7       17        9       12       14       11       12       20       14       14       18       20       10       13       18       14       21       23
       18       13       20       31       12       21       22       18       13       19       18       18       20       23       20       13       16       20       20       11
       17       13       13       13       12       12       16       16        8       14       13       14       16       11       24        6        9       10        5        8
        8        5        4        6        8        3        4        2        4        3        9        8        1       11        5        6        3        4        5        1
        4        9        2       10        6        5        8        5        2        5        6       10        6        6        8        8        7       10        7        9
       11       10       12       11       13       16       15       14       13       19       11       14       17       27       11       16       13       12       20       15
       12       16       20       32       27       28       25       15       24       23       16       17       20       18       23       19       22       22       21       18
       17       19       15       14       18       26       13       15       17       15       15       16       13       11       10        9       15        8        7       18
        8        7        7        7       10       10       11        5        4        9        4        4        4        5        5        4        5        5        6        4
        4        3        8        7        4        6        7       10        7        7        7        8        5        5       11       15       11       12        8        4
        9       16       15       14       10        8       17       17       16       18       13       21       19       23       16       11       23       22       23       25
       31       19       29       15       16       25       31       18       30       20       16       25       28       25       19       19       17       22       23       16
       30       23       25       21       17       19       19       23       15       12        8        6       16        9       18       22       11        8        8       12
       11        8        5        6        9       14       10        8        7        4        5        7        2        3        5        8        3        7        2        2
        6        6        6        3        3        9        7        3        5        7        4        4        4        8       15       14        9        6        5        6
       10        6       11       12        8       13       17       15       16       21       13       13       20       21       21       26       26       25       12       24
       20       20       29       26       28       25       29       24       41       34       28       22       21       19       23       25       18       24       23       23
       15       23       22       28       18       23       15       11       17        6       10       16       14       17       11        8       13       17       13       10
        6       13        5        8        5        5        9        5        5        6        8        7        6        8        5        3        4        5        2        5
        5        4        5        5        6        5        5        6        8        8        5        3        7        7        5        9        7       11       10       14
       11       19       15       15       13       13       10       12       16       21       16       18       18       17       13       17       20       28       29       24
       21       25       31       28       32       28       30       32       35       37       24       25       27       26       32       21       28       38       18       19
       31       31       29       21       19       15       23       24       13       12       17       12       11       13       11       13       14       17       11       11
        8        6        9        8        5       10       12        2        9        9        8        5        3        5       14        6        3        2        6        3
        5        5        9        3        5        1        6        5        3        5        6        4        7        5       15        9        9        8       11        9
        4       12       14        8       12       17       18        8       15       20       18       17       19       26       12       18       15       26       26       14
       16       22       17       33       32       34       34       30       29       26       22       37       37       26       23       27       30       33       30       26
       25       23       23       22       26       21       27       15       16       11       18       16        9       20       14       15        8       22       10        8
        7        7        9        5        4        9       10        7       12        8        5        5        5        5        6        4        3       13        6        3
        3        5        5        7        7        4        6        7        7        8        5       10       11        9        5        9        8       13        8        5
       13       11       12       12       16        8       13       19       19       26       19       28       26       23       23       21       23       25       28       26
       24       23       37       25       36       29       33       39       39       26       43       46       28       29       29       25       25       29       29       36
       31       24       26       23       21       23       17       17       14       20       15       17       13       18       14       15       12        4       13        6
       11        8       11        6        9       12        8        6        8        6       10        6        7        6        8        4        2        3        3        9
        1        3        7        4        3        4        8       10        6       11        6        7        7       13        4       10        4        6       10       18
        9        7       20       21       16        8       12       18       21       12       14       16       26       27       20       36       25       17       31       26
       39       25       20       31       32       44       45       28       31       45       41       35       44       27       30       31       31       31       36       34
       29       25       31       30       19       19       20       28       16       18       17       17       12       19       11        9       12        8        5       11
       11       15        5       10        7       12       12        7        7        6        5        6        6        7        5        9        4        6        4        7
        5        5        6        4        2        4        4       10        7        9        9        4       10       11       11       10        8       16        7       11
       11       21       10       18       16       19       14       20       14       28       11       24       26       26       24       16       17       31       29       34
       43       39       44       42       28       45       40       31       31       39       33       30       24       39       29       40       31       32       32       36
       23       39       30       23       20       19       33       21       16       14       20       17       12       12       20       11        8       12       10        7
       13       13        9       15       10       10       12        8       11        2        6        6        7        4        5        6        4        5        6        9
       12        3        6        5        6        6        4        5        1        4        6        9        7        9        5       10       18       14        8        6
       13       15       17       13       13       20       15       13       13       22       22       24       21       31       26       27       31       28       46       40
       35       34       37       25       39       43       24       43       46       40       42       34       48       39       38       37       39       22       37       26
       38       40       32       25       17       34       23       26       18       20       19       14       11       18       22       18       14        7       14       12
       10       10        9        9       10       13       12        8        4        7        9        3        7        6        4        4        6        5        2        4
        1        2       11        6        6        5        5        4        5        7        7        3        8        8        9       12       15       14       17       10
       13        9       19       26       16       16       20       12       13       25       25       16       24       17       21       21       36       41       28       43
       41       37       30       46       43       29       39       40       55       57       37       45       42       52       43       31       44       41       32       39
       43       30       32       31       29       31       29       20       23       18       21       22       14       18       12       11       16       17        6       13
        7        7        5       17       18       14        6       11       12       10       10        3        4        0        8        5        9        2        6        3
        6        5        3        4        5        7        6        8        4        8        6        3       16        8       14        8       17       14       15       20
       14       16       12       15       17       20       19       21       22       19       25       27       27       33       27       37       33       23       29       31
       45       33       32       41       31       36       49       50       38       41       63       39       41       46       35       49       46       46       42       47
       46       39       37       32       29       35       31       21       19       26       26       28       21       24       16       19       10        8       11       11
       11       15       10        8        7       12       11       12        9       10        9        4        5        7        2        8        4        6        0        7
        6        5        8        4        6        4        9        6       13       12        5        5       10       11       12        3       10       16       13       10
       16       18       22       21       16       13       17       29       33       20       31       26       33       24       28       36       35       30       38       32
       43       36       50       45       56       49       40       42       50       63       54       55       50       51       46       47       56       65       41       49
       42       41       41       23       31       28       20       21       21       24       25       21       27       23       20       19       19       14       12        6
       12       15        8       10       11        9       10        7        5        5       10        4       10        5        2        7        3        2        7        7
        3        4        4        3       11        8        3        7        9       10        7       15       10        4       12       11        7        6       14        8
       15       11       20       15       16       25       21       26       19       35       21       29       29       37       30       35       34       34       41       50
       40       42       43       46       62       42       51       52       63       66       54       52       47       50       46       63       63       45       43       43
       49       43       43       36       32       26       44       31       30       22       20       27       23       12       17       21       16       13       10       11
       10       11       13       16        8        8        7       12        8        9       10       13        6        4        4        5        6        8        5        7
        4        4        8        8        3        8        5       15        6        8        8       10        8       10       11        8       12       17       13       14
       10       14       10       24       19       27       25       18       27       25       25       33       26       41       22       38       46       62       39       42
       48       52       59       47       54       60       53       47       65       57       52       67       56       63       62       47       53       40       56       44
       41       48       48       44       36       42       43       32       31       30       23       16       27       25       12       13        7       15       15       16
       18       17       13       16       11        5       11       11       10        6        6        5        6       11       10       11        7        2        6        5
        4        5        5        6        7        8        7       10        6        6        5        4       12       10       11       12       10       14       10       13
       12       17       12       21       17       24       20       22       24       28       29       39       37       26       36       44       41       44       51       53
       45       49       57       68       64       65       69       59       66       68       81       75       80       65       68       57       45       62       62       58
       56       51       51       38       48       46       48       37       29       29       30       24       20       23       18       16       22       17       20       16
       12       18       21       21        7       13       13        5       14        4        8       10        8        9       11        5        5        3        7        1
        3        8        8        7        5        3        8        8       10        4        8        5        7       11        6       12       20       10       11       14
       19       13        3       28       24       22       22       22       36       25       30       35       28       25       23       39       51       48       54       46
       59       62       60       67       57       72       70       75       75       70       68       72       65       81       69       63       61       68       54       36
       52       58       40       44       45       36       37       40       24       33       26       30       17       30       21       27       17       22       21       16
       17        9       23       17       13        8       15       11       10       11        5        8        7        4        5        6        7        7        7        3
        4        5        5        6        4        8        4       12       10       14       10        6        9       17       14       11        8       14       16       16
       15        8       20       21       13       24       30       20       21       38       25       31       50       29       38       56       41       41       46       54
       55       58       62       76       77       86       79       71      106       80       82       87       76       85       83       92       75       64       52       51
       66       63       55       54       41       44       35       29       35       28       26       34       27       22       22       13       16       16       15       10
       10       16       16       14       13       15        6        6        8        7        2        8       11        9        5        1       10        4        4        9
        1        4       10        3        7        5       10       10       12        4       17        7        6       16       14       11       13       13       18       16
       11       18       19       14       18       24       24       30       27       26       40       48       42       49       46       35       53       57       67       50
       70       66       69       93      101       84       91       82      100      120       93       86      100       87       82      109       90       65       66       60
       61       48       55       52       39       31       38       27       29       38       37       24       28       20       28       19       20       23       14       21
       17       13       17        9        8       12       10       12        9       10        6        3        7       14        8        3        8        7        6        5
        8        4        5        2        4        4        4       10        8        8       11        9       10       10        8       17       13       19       10       12
       23       26       21       15       15       25       24       33       36       33       37       29       34       43       55       56       46       72       61       73
       84       94       90       78      112       91      101       92      117      114      115       96      100       91       99       95       95       83       74       84
       67       57       64       46       51       45       45       31       32       24       26       29       31       17       16       27       28       13       12       13
       20       14       12       11       13        9        6       11       11       13        6        6        8        3        5       14        5        5        4        3
        2       10        3        5        7        9        9        9       10        9        8        8       10        7       16       17       16       11       23        7
       22       11       14       19       19       23       32       24       34       23       32       33       40       47       51       40       63       60       76       75
       79       76       93       96       88      133      141      131      135      153      163      150      131      112      125      105      105       98       65       67
       70       69       64       55       49       48       70       41       34       36       30       31       23       25       36       30       16       22       16       16
       15       24        8       13       14       15        9       13       10        9        8        9       10        6        5        7        9        4        3        7
        6        6        6        6        7        5       12        7        6        9       15        8        9        3       14       10       11       17       13       11
       20        9       19       18       22       28       24       25       33       38       31       45       56       41       42       47       65       53       69       80
       76       87      101      127      113      129      138      166      139      158      166      155      147      141      116      122      105      122       82      107
       80       80       64       70       61       41       44       47       37       22       26       31       35       22       37       29       25       27       10       15
        7       18       14       15        9       10       15        9        6       11       13       10        9        5        4        7        6        3        7        5
        8        7        4        4        8        5        9        6        4        8        6       13        7       13        6        8       16       13       14       17
       16       14       17       19       18       29       32       31       32       27       36       33       36       53       57       58       53       69       60       73
      101       89       93      108      146      152      139      153      147      155      210      182      145      148      145      142      105      114      104       96
       94       87       67       66       61       59       54       37       56       36       40       36       33       42       28       30       26       23       15       21
       28       16       17       19       16        9        5       14        6       13       11       12        3        9       10        5        5        9        5        6
        4        5        6        5        6        9        8        5        8        3        8        8        9       10        9       18       14       13       11       15
       20       17       21       18       20       21       38       39       40       41       35       32       40       42       68       50       64       62       80       86
      120      100      135      128      176      148      181      174      162      217      221      213      202      186      170      170      136      123       99      103
       91       74       82       55       72       52       56       52       47       49       46       35       27       30       25       27       26       21       12       18
       29       17       14        9       13       11       13       10        9       10        8       11        8        7        8       10        6        7        4        3
        4        3        8        4        6        3        5       10        4        9       10        7       15       13        4        9       11        9       19       15
       23       16       22       26       14       19       23       23       35       44       34       40       39       41       53       72       58       83       86       82
      117      100      154      176      172      170      214      202      254      261      274      229      242      226      168      164      149      125      107      104
      102       73       69       72       56       78       59       37       43       37       34       35       41       27       31       25       17       24       26       17
       14       25       18       12       11       13       13       14       11       12       16        8       13        4        6        2        5        3        6        8
        4        4        1        9       12        7        8        6        6        7        8       17       11        9       13       15       10       13       14       10
       20       20       19       23       27       26       22       36       30       38       41       38       45       49       60       60       79       80       82      107
       94      131      165      158      193      230      217      293      284      311      318      275      258      243      237      163      185      154      126      104
       91       91       88       58       55       64       45       53       48       39       48       33       25       39       30       26       15       23       25       25
       28       21       11        7       13       16       13       12       11       14        9        9        6        8        2        7        7        1        6        2
        5        3        8        5       13       10        9        6        6        6       10       11        6       19       13       16       16        9       19       20
       24       20       28       18       33       20       35       32       43       30       45       55       44       50       47       67       53       81       89      110
      119      122      157      150      209      269      303      294      349      414      367      369      300      294      240      224      196      154      130      125
      106      107       70       54       59       48       52       49       34       32       48       39       34       35       32       31       14       23       22       21
       15       19       19       18       11        8       15        8       12        9        7       13       11        6        5        4        8        5        8        4
        4        6       11       10       11        5        9        8       10       11       11       15        5       10       17       12        9       11        6       15
       16       18       19       23       29       24       43       36       23       50       42       47       43       50       48       64       77       69       90      108
      117      142      176      213      215      245      334      408      454      506      474      438      381      319      273      257      196      215      157      118
       95       93      101       68       80       72       47       48       39       32       57       35       26       37       26       24       23       20       18       20
       16       18       19       24       11       14       15       10        8       14        7        9       12        9        5        8       10        5        6        6
        6        9        5        8        5        7       14        8        7       10        5       11       12       11       14       14       16       15       11       23
       21       22       13       23       31       30       22       23       32       36       28       52       63       58       57       72       91       99      107      101
      117      139      161      195      270      330      365      471      618      674      651      601      468      359      306      262      226      178      158      135
      112       98      100       82       67       64       40       64       45       44       44       27       27       26       36       27       26       28       32       20
       25       20       22       16        5       15       16        9        5        7        4       10        9        7        4        7        8        9        5        6
        7        4       10        5        9        3        4        6       12       10        9       13       16        9        6       17       19       11       17       21
       17       21       17       32       22       28       33       30       33       34       42       45       53       48       67       73       74       81       76      132
      134      148      173      233      277      330      442      589      734     1031      981      677      499      418      311      298      231      155      160      109
      142       85       87       71       62       67       57       59       42       57       51       40       31       33       15       22       20       25       27       17
       29        9       20       16       12       10       13       13       10        6        8        5       10       12        7        7        8        4        6        5
        1        9       10        3       15        9        8        7        8       13        8       10       13       11       20       11       15       14       10       13
       21       25       21       12       19       31       32       39       44       38       40       41       46       44       53       70       75       93       84      120
      139      156      179      233      252      303      417      602      812     1408     1466      765      536      408      305      259      209      205      152      151
      100      125       93       71       62       67       56       57       37       42       40       35       35       24       21       24       26       27       23       17
       11       19       18       17       18        9        8       17       11       11        9       15        9        4        9        4        7        6        9        4
        5        7        7       10        8        2       10        5        9       15        9        8        7       13       11       13       13       13       14       18
       18       21       20       24       30       27       28       38       28       39       40       36       44       63       62       75       77       98       98      100
      123      136      161      209      269      333      442      538      692      978     1010      696      513      366      339      281      231      171      134      147
      129      104       78       68       58       60       63       48       34       48       43       29       27       24       32       37       26       26       27       26
       16       18       15       15       15       12       17        9        6        9        7        7        5        8        6        2        6        4        8        9
       13        8        8        3        3        5        8        3        6        9       21        6        5       13       18       10       16       12       11       11
       21       24       22       17       31       15       25       36       30       30       35       57       50       54       77       79       69       81       89      121
      133      152      195      174      252      325      405      475      575      633      655      538      461      411      361      257      236      167      132      152
      131       99       95       91       91       74       51       44       45       44       53       38       31       30       28       24       24       21       11       22
       20       18       19       16       13        7       14       10       16       10        7        1       10        5        5        8       11        5        3        7
        5       10        1        7       11        8        6        5       11        5        6       13        4       12       12       13       21       19       19       16
       12       16       18       13       25       37       28       30       31       35       48       38       58       62       62       66       92       90      101      101
      156      148      160      172      231      240      300      379      431      483      468      433      386      361      267      262      183      160      141      121
      115       79       85       83       55       67       51       56       50       35       54       36       39       27       39       24       26       20       21       21
       18       12       17       17       19       13       12       10        7        7       12       15        6        9        5        8        8        4        7        3
        5        5        5        6        3        7        5        8        8       15        9        4        4       14       18       12       10       11       22       17
       19       23       15       22       26       20       31       30       31       31       44       49       58       55       65       73       74       87       93      123
      121      138      158      160      199      234      300      294      364      417      352      383      307      284      249      224      184      184      122      123
      106      113       80       82       72       59       42       51       44       41       46       37       37       19       27       32       38       24       17       15
       16       16       15       17       11       13        7       13       17       12        9        6        6       13       10        9        5        4        5        4
        1        5        4        5        7        7        9        4       10        9        6       11        7        7       15       11        9       21       19       13
       17       22       26       16       30       24       22       33       35       40       35       40       49       44       63       68       63       89      100       98
      103      120      160      159      194      198      205      262      256      288      301      308      296      255      223      197      173      149      142      109
      113       82       72       75       81       53       63       45       42       41       40       37       30       36       35       11       36       24       22       12
       22       13       15       15       10        8       12       14       14       15       11        8        4        5       10        5        3        7        8        4
        4        9        5        6        8        3        3       14        5       13        9        7       12        9       13       13        9       13       12       10
       22       22       18       19       28       25       26       36       36       43       40       42       57       48       72       70       60       81       80       91
       79       96      123      143      169      174      183      219      238      238      273      248      253      224      198      181      167      134      138       94
       93       90      103       54       63       48       47       50       43       32       29       35       27       30       24       17       20       18       14       23
       12       19       21       17       10        9        7        8       10        6       13        7        5       10       10        7        5        2        5        7
        5        2        5        7        5        5        9        5       13        6       11        7       10       11       10        9       11       12       16       21
       12       18       21       25       25       34       22       32       37       30       37       41       48       56       63       56       61       79       73       88
       94      100      113      128      155      165      178      176      182      213      198      189      185      182      193      171      124      103      103       94
       80       75       69       58       51       62       38       55       41       35       28       29       38       21       23       19       24       17       17       23
       13       10       12       10       22        9       12       13        8        8       12       10        7       15        2       14        9        4        8        8
        4       10        4        6        5       11        7        5        9       13        7        2       14       13       16       14       16       16       28       19
       26       19       14       26       23       25       18       37       30       45       40       37       61       53       47       53       68       69       66       84
       88      100      120      105      115      153      135      183      175      183      189      201      182      154      177      157      140      125      100      103
       88       99       62       62       56       61       45       51       46       45       30       27       25       30       26       24       20       22       16       12
       13       29       16       16       10       15       11       15        9       12       12        8       15        7        7        6        3        9        2        5
        4        6       12        7        7        9        7        2        7       14        9       13       11        9       12        9       15       14       14       21
       17       14       19       23       20       26       35       42       32       29       33       34       44       52       48       62       64       79       74       84
       90       88       75      115      135      114      146      143      163      143      141      136      143      136      151      132      139      121       91       77
       72       89       63       56       55       43       51       52       33       32       28       29       20       27       23       30       26       24       22       20
       18       11       10       13       18       11        8        6       11        6       12        9       12        5        9        9        7        7        2        7
        5        4        5       14        2        8        7        7       11        5        7        5       18       12        8       12        9       18        9       23
       17       15       14       26       29       21       23       41       39       15       32       38       37       43       36       46       55       63       75       68
       67       80       84       97       98      100       94      128      119      129      153      135      127      130      117      120      109       90       87       68
       61       82       59       54       59       63       39       32       37       32       37       25       30       35       15       25       23       20       16       22
       22        8       21       15       14        5        9        8       13       15        5       12        4        7        3        7        1        8        3        5
       11        8        2        9        9        5        5       14       10       12        8       10        9        7       10       11       10       15       17       15
       22       17       15       12       27       28       21       17       26       39       29       33       27       43       42       40       53       82       62       64
       72       79      103       89       97      100       90      120       99      125      102      141      124      114       89      120       93      104       71       72
       59       83       62       42       52       42       41       42       44       43       25       27       16       17       18       21       30       24       20       12
       17       14       10       13       12       13        5       13        7        4        9        5        6        9        6        4        4        5        0        2
        6        3        9        3        6        3        7        5        2        2        7       10        7        8       11        7       13       18       13       14
       12       17       19       22       24       16       22       24       36       31       28       40       49       45       46       49       48       52       52       58
       58       68       76       83       96       86       96      100      101      120       97      106      102      102      107       78       88       70       64       73
       63       52       57       58       58       47       47       27       44       35       18       27       22       25       26       21       22       14       17       10
       14       15       16       11       11       13        8       11        8        6        5       10        6        6        9        6        3        7        2        3
        3        5        6        6        5       10        2        9        6       11       10        5        6        9        8       12       11       13       10       18
       21       18       17       19       13       21       14       21       25       32       34       33       43       47       41       44       57       51       45       54
       64       61       50       70       91       74       79       95       83       72      103       78       87       90       83       68       81       67       58       68
       53       50       50       48       55       37       31       40       29       31       26       28       29       25       21       21       18       15       23       18
       13       15       21       12       10        5        3        3        6       10       13        5        9        6        6        5        2        3        7        3
        6        6       10        4        9        1        8        5       12        5        7       11       12       15       14       11        6        6        6       16
       25        5       17       20       15       28       16       22       23       26       20       32       36       35       41       45       42       51       51       53
       39       54       62       77       68       74       76       87       91       75       76       89       74       84       79       76       58       70       43       72
       57       53       37       64       50       32       41       43       27       31       24       21       22       22       14       20        8       16       15       15
       16        5       13       15       16       12        4       15        7        9        9        7        8        9        9        9        6        9        5       10
        3        4        3       11        8        7        5       10       10        6       10        9       10        8       14       15        9       11       12       21
       17       15       15       19       24       27       23       27       18       25       25       22       19       39       25       34       32       39       58       55
       63       59       49       64       68       58       71       71       84       85       74       74       90       75       75       59       82       56       76       46
       61       48       46       39       46       31       26       44       23       23       22       17       20       23       22       20       18       13       22       16
       12       18        7       12       11       16       15        4       10       14       11        8        7        7        4        6        8       11        4        1
       11        9        2        3        8        8        2        6       12       12        6       12        9        7       18        2       13       11       12       11
       11       15       14        7       26       14       21       25       28       30       34       30       27       23       33       40       46       33       34       38
       53       40       63       56       59       67       61       55       62       69       62       63       62       56       61       64       63       51       49       49
       49       44       35       41       26       35       34       28       27       30       34       28       19       18       25       22       16       14       18       19
       20       10        9       17       10        5        8        5        8       12        7        7        7        7        5       10        6        4        4        5
        5        4        5        7        4        6       10        9        8        8       12       11        6        8        8       13       14       12       12       10
       12       14       17       19       16       27       18       19       20       24       30       22       30       30       34       31       40       34       41       28
       45       53       46       43       58       50       61       59       71       58       61       53       57       51       50       57       46       46       59       49
       44       34       37       33       29       31       26       22       33       30       29       22       17       15       16       20       27       10       13       20
       20       13       14        9       12       12        9        7       11       10        8        4        7        3        8        6        7        3        4        6
        5        3        3        4        4        5        6        3       11        5        8        5       11        7       13       13        8       13        4       24
       10       11       21       11       18       21       28       18       15       25       24       25       30       33       27       37       30       35       43       36
       40       53       38       52       45       52       53       69       53       37       68       67       54       48       58       43       42       51       48       38
       45       48       28       37       33       37       29       32       30       26       28       19       20       21       12       19       11       18       22       15
       12       14       12        8        2        9        8        9       10        6        9        4        8        6       13        2        6        3        5        8
        6        3        8        8        8        3        9        5        4        9        8        2        6        9       13        8       10        9        8        9
       10       12        8       17       14       21       15       16       21       29       23       21       25       30       32       45       30       28       19       26
       45       45       31       47       51       50       47       49       40       46       68       56       48       49       50       54       47       51       39       36
       31       38       33       41       24       30       22       26       33       23       13       25       23       15       15       13       16       15       13       11
       12       13       10       10       13       11        4       14       11        3        8        5        5        9        5        9        3        3        4        3
        7        5        1        3        1        6        4        4        5        6        3        9        7       11        8        7        5        8        9        8
        6        7       14       15       18       14       17       19       13       17       28       17       28       30       29       26       36       30       29       43
       33       23       38       38       39       41       51       46       41       43       51       40       50       38       35       37       45       29       38       28
       38       31       37       32       27       27       23       20       29       26       15       25       17       19       23       13       15        7       17       12
        7       13       11        5       12        7       12       12        6        8        8        6        5        5        9        8        7        5        6        9
        2        1        3        3        7        8        5        8        5        8        2       10        3       10        8       12        6        6       13       17
        7       14       14       20       14        8       16       16       26       12       15       23       26       25       29       30       34       37       39       35
       34       28       42       33       30       35       47       37       37       34       31       35       40       52       38       42       41       35       32       32
       38       25       24       42       26       27       27       23       31       15       15       13       15       16       18       14       12        9       12       15
        9        7        7       16        7        9        3        8       11        3       10        5        8        8        5        1        5        5        9        5
        3        4        9        2        5        9        9        5        3        5        6        4        5       11        5       10       10        5       13       12
       14       16       15       18       11       14       12       17       27       17       12       17       18       25       22       19       27       23       27       33
       27       38       38       32       32       31       34       38       36       32       37       29       21       29       34       33       29       31       31       39
       29       32       30       28       25       30       29       25       15       12       15       24       18       20       10       17       19        8       13       14
        8       11       10       10        6       11        4        7        8        7        5        7        6        4        4        5        4        7        9        5
        3        3        2       10        6        5        4        8        8        7        7        8        9        9       11        8       15       15       13        6
        6       13       14       15       17       15       15       17       14       17       15       20       26       24       23       21       27       22       31       24
       27       30       32       26       42       45       23       44       35       39       38       31       22       22       33       27       18       27       40       27
       29       19       15       29       33       15       15       13       24       14       20       12       16        8       14       12       11        9       12       16
       13       12       11        9        5        8       11        7        6        8        6        5        9        6        1        2        3        9        2        2
        2        4        3        6        6        4        9        4        4        7        5        8        5        6       11        8       14        7        8        9
        4        7       11       14       11       17       13       17       15       20       20       23       17       23       23       16       24       17       27       30
       22       23       31       25       35       42       48       21       37       38       24       27       33       29       34       26       31       25       32       20
       18       23       35       19       21       17       14       16       23       19       14       12       18       18       25       13       10       10       13       16
        8       10       10       12        8        8       11        5        6        3        8        5        7        6        5        2        6        2        6        3
        3        4        4        4        0        7        6        5        3        4        7        3        6       12        6       12        5        6        8       13
       14       11       13       24       10       14       10       21       18       11       21       25       20       22       12       27       21       25       28       22
       29       24       34       24       22       27       35       24       23       25       36       24       27       29       29       34       25       29       23       19
       15       11       28       25       18       27       23       18       20       20       25       14        9       15       10        9       17       11       11       13
       12       13        8       11        7        7        3        5        5        7        9        5        8        7        8        3        5        8        0        4
        7        6        4        1        3        7        7        3        2        4        7        8        5        8        7       11        8        6        8       11
       17        9       10       10       16       13       13       15       14       21       14       14       14       24       17       15       18       22       25       27
       18       19       28       23       23       15       32       27       37       27       34       20       33       36       27       23       43       25       22       28
       26       21       15       20       20       18       19       17        8       20       16        9       17       15       13       10       10       12        3        8
       13       18        8        8        7        8        6        4        8        5        3        6        1        3        3        5        5        7        8       12
        6        2        4        5        5        2        7        5        4        7       10        4       12        5        5       10        9        7       14       10
       10        8        8       13        7        9        8       10       15       11       18       18       22       25       16       18       18       15       32       27
       17       18       27       23       17       30       22       23       10       34       18       27       22       17       13       30       25       24       23       28
       24       19       18       23        9       12       12       14       16       17       15       22       17       10       13       10       16        3       10        9
        6        8        8        9       12       11        4       11        4        5        4        4        3        8        6        4        6        7        2        3
        3        5        5        3        7        1        5        9       11        4        4       15        6        5       14       11        6        5       13        9
        9       11        9       12       11       16       19       12       18       24       13       27       24       13       15       17       25       21       23       18
       19       24       19       16       23       22       33       22       19       36       23       25       26       22       16       17       25       21       21       18
       23       26       22       14       29       19       19       19       18       18        9       12       12       17       11       12       15        8       14        9
        6        9        8       10        7        5        4       10        4        8        3        2        9        1        4        5        5        4        3        8
        4        5        4        2        5        6        6        6        4        5        9        2        4        3       17        9        3        8        9        7
       14       10        8       12        9       12       13       11       15       10        9       12       14       13       13       13       18       14       16       23
       29       19       22       18       13       25       27       20       19       19       25       19       34       23       23       22       16       13       19       19
       20       17       14       17       17       17       12       11       12        8       17       11        9        9        8       11        9       12       10       15
       10        3        7        5        9        6        6        4        4        8        3        3        3       10        4        7        5        6        5        4
        2        4        2        0        6        6        5        5        8       10        9        4        9       11        7        8        4        6        5        6
       12        7       15        9       11        9       11       10       15       12       16       15       20       17       13       17       19       19       20       18
       12       17       21       19       25       34       36       20       25       21       15       26       26       20       27       20       16       26       13        9
       14       23       13       17       10       14       18       22       11       15       11       12       10        7       11       10        8        6        9        8
        8        7        7        6        7        9       10        4        2        3        5        6        6        5        5        6        3        4        3        3
        6        5        4        7        3        7        7        3        7       13        3        5        5        5        8        8        6       16        7       10
       14        6        7       10        5       10        9       12       12       12       16       11        5       10       17       21       25       10       14       11
       16       19       20       26       12       22       21       29       23       19       20       18       14       26       17       14       16       17       17       11
       19       17       15       10       15       10       17       15       15       15       12        8       13       12       13        6       10       11        9       11
        9        5       15        7        7        6        5        5        4        7        7        9        1        5        6        5        3        4        3        2
        1        1        6        6        8        4        7        8        3        9        6        2        2        9        6        5        4        2        3        9
       11       17        6       14       11        7        9        9       10        7       12       19       18       20       21       15        9       10       18       16
        8       19        9        8       18       14       20       21       18       17       21       27       26       21       23        8       13       14       20        7
       14       11       10       20       13       16        9       13       18       12       17        4        9        6       11       12        6       10        6        8
        6        7        5       10        2       11       12        3        4        8        7        4        0        9        2        4        5        4        5        4
        2        4        2        9        4        6        5        5        9       11        4        5        6        6        3       10        7        8        8       13
        5        8        8       15        5       10        9        7       11       10       12       12       14       11       12       16       14       18       16       22
       18       13       15       12       20       15       16       17       15       14       15       27       21       18       12       16       10       12       15        9
       11       17       16       17       15       19        9       11        6        8        4        2        7       13       14       11       10       14        6        5
        9        8        3        7        3        2       10        3        6        6        7        7       10        1        8        4        9        5        2        2
        3        2        3        5        2        8        1        3        4       10        2        6       10        4        7        5        7        7        3        3
       13        8        8        5        8        8        6       13        7        7        7        8        9        8       15       10       14       13        9       10
       17       13       16       16       20       12        8       16       11       13       16       11       14       15       20       11       16       12       11       12
       12       13       12       18       15        9       14        8       12        8        5       10        8       10        6       11        6        8        7        8
        8       11        7        7        7        4        4        8        2        6        9        5        5        3        9        6        7        7        5        3
        7        7        4        5        5        1        6        4        8       12        7       10        7        3        4        6       12        7        5       11
        7        3        8        9       13        8        8        8       13        8       11       11        2       10       12       12       11       11        7       12
       15       22       17       15       14       15       18       10       20       23       13       23       10       12       15       13       13       10       12       11
       12       13       16       11       17        7        9        7       11        7        5        4        9       11       15        5        9       12        8        7
        8        5        2        9        7        3        5        3        7        3        7        3        6        3        3        7        5        4        3        6
        1        3        3        2        3        3        5        5        4        5        1        4        6        7        7        7        6        4       10        8
        6       10        2       10        6        8       10        5        5        4        8       12       18        9        8       14       13       16       18       12
       10       12        8       11       18       14       14       15        6       15       16       15       14       11       13       15       17        7        9       10
       11        9        8       11        5        9       16        8       16       11       10        2       12        7       13        6        4        6       10        8
        7        5       12        3        9        9        7        6        2        5        6        4        3        4        5        1        3        2        4        2
        1        2        2        3        3        8        1        6        3        8        3        7        4        4        4        7        9        4        7       10
        5        5        3       10       12        9        9       11        9        7        4        6       11        9       10       11        7        6       11       15
        7       11       14       16       13       10       19       14       10       15       11       10       12       10       12       18       11        9       13       10
        8       12       13        8       10        9        7       12       18        6       11        3        7       10       12        8        6       11       10        7
        6        7        2        5        3        6        6        5        4        5        3        3        5        4       10        5        2        4        2        1
        4        6        3        3        5        2        4        9       10        4        3        4        2        7        8        4        6        7        6        8
        6        9        9       11        9        5       12        8        8        5        4       10        8       18       14        8        8       15        8       17
       12        9        9        8       22       11       13       12        8       11       11        9       14       17       13        9       12        7        6        9
        6        7       12       10        9        9       10       12        6       11        5       11        7        8        9       10       12        5        4       12
        6        4        3        3        7        1        7       10        4        1        5        2        0        1        2        5        5        2        0        1
        1        4        1        3        9        4        5        1        7        4        4        1        2        2        3        5        8        2        6        6
        8        4        8        5        8       10        7        9        8        9        8       16        7        8       10       10        9        7        9       10
       10       11        9        8        9        8       13       12       15       12       11        7       17       16       15       13       13        9        9       11
       10        7        7       10       10        9        4       13       11        8        7        8       10        9       10        6       10       10       13        7
        8        9        6        5        5        6        7        7        6        7        3        2        1        4        6        5        3        5        5        3
        2        3        2        2        2        4        5        7        7        6        6        3        3        6        4        9        4        5        5        5
        8       13        8        4        4        4       13        9       15        7        8       10        6       12       12       10        8       11       11        3
        6        5        6       12       16       14        8        9       11       16       15        5       12       11       11       10       16       10        7        7
        6       11       15        2        7        3       12       13        4       10        8        5        6        3       14        7        7       11        5        3
        9        7        0        8        1        1        8        3        8        4        8        2        3        5        5        8        1        5        6        4
        4        2        3        3        3        3        4        9        4        2        3        8        3        3        3        4        6       10        6        2
        5        6        8        5        3       12        6        3       15        8       15        7        8       10        9       16        9       13        8       11
        9        7        6        5        7       10        9        8        4       15       14       12        8       12       15       13       13        9        9        6
       11       15       11       10        9       10       11       12        4        8        5        7        6        6        8        6        7        5       12        6
        7        5        5        3        4        3        2        6        2        5        2        4        5        2        3        7        3        2        4        1
        4        4        5        3        3        1        7        3        7        3        4        5        2        4        3        4        3        6        7        4
        5       10        4        7        7        8        6       10       11        5        4        9       12        6        9       12       12       14       12        5
        6        6        8       10       13       14       10        7        9        8       11       12        8       17        6        9       16        6        9       10
        7        4       10       11       10        8        9       10        9       10        9        8        5        9        8        6        9        5        9        1
        4        3        6        7        1        0        2        3        4        9        7        2        1        2        8        5        4        5        2        1
        6        3        3        3        1        4        1        4        3        3        4        1        5        3        5        5        4        5        4        8
        7        3        6        6        9        5        5        5        3        8        7       15        9        6       10       11        7        5        9        7
        9       11       14        9        3       14        6        8        7        8        9       13       13        9       13        8        8       13       12        8
        8       11        8        7        9        8       11       14        7        4        6        7        5        6        7        4        7        6        4        9
        1        6        7        4        0        5        8        5        4        1        5        3        2        4        5        4        5        3        3        5
        4        1        2        1        3        0        2        4        5        7        1        1        5        8        2        1        7        6        5        7
        7        8        5        3        6        8        6        6        1        7        8        9        8       14        4        2        3        6        7        6
        8        9        8        5        7        7       11        8       10        5       10        9        8       14       15       12        9        8        9       10
       10       10        5        5       13       10        5        8        7        7        7        5        1        3        5        9        1        8        8        3
        3        3        5        2        7        5        5        7        8        2        9        1        6        4        0        1        1        6        3        5
        2        1        0        2        4        4        1        3        4        2        4        1        2        6        4        6        3        2        5        6
        7        2       11        6        6        5        2        9        5        8        4        6        9        8        8        4        9        5        6        9
        9       11        7        8        9        8       10       14       10       11        8        9        7       14        7        8        8        5        9        4
        6       14        7        7        6        5        2       11        7        5        7        8        3        9        3       13        8        0        3        4
        3        4       11        3        5        5        4        2        4        3        2        6        4        3        5        1        4        4        3        2
        1        2        8        5        1        2        4        1        5        2        5        6        1        1        8        6        4        5        4        5
        6        1        7        5        7        6        6        6        6        5        8        8       10        3        3        9        5        5       13        4
        9       12       11        7        7       10       11        8       11        8        8        6        6        6        8        6        7        6        6        6
       12        6        4        4        3        9        7        9       10        5        5        6        4        5        8        4        2        3        6        7
        0        6        4        5        2        2        1        2        6        3        5        4        1        4        4        1        2        4        0        8
        1        3        2        0        1        2        2        4        4        5        3        3        5        3        4        2        5        2        4        8
        6        8        6        1        6        4        7        2        4        5       12        5        5        8        5        4        7        9        3        7
       10        8        4        4        7        6        9       12        9        3        7        3        4        1        8        2        9        6        9        6
       11       12        5        6        6        7        4        5        6        3        8        5        3        7        3       11        2        8        6        3
        2        4        1        4        8        5        1        4        6        2        3        3        5        4        5        9        3        2        6        3
        3        2        2        6        5        2        3        3        3        4        1        4        3        1        6        5        6        4        7        7
        8        3        5        8        3        3        7        3        6        5        4        1        6        7        7        3        1        8        8        4
       10        7        5       13        6       10        9        3        8        9        6        5        5        7        6        8        9       10        7        5
        5        5        7        5        1        7        7        3        5        4        9        4        6        3        6        9        5        4        7        6
        7        5        5        4        3        4        7        5        3        3        1        2        1        4        6        2        6        2        2        2
        1        2        2        2        3        1        1        5        4        4        0        4        5        4        4        3        5        3        2       10
        5        1        0        0        7        7        6        5        4        5        4        8        5        7        5        3        2        6        3       10
        6        4        7        2        8        6       12        4        6        6        8        6        7        7        5        9        3        7        6        9
        6        5        7        7       12        4        6        3        8        6        4        2        0        2        4        2        5        8        2        2
        2        5        3        1        5        1        2        3        5        3        2        0        3        2        2        2        1        2        2        3
        3        2        1        3        1        2        5        3        1        1        1        3        4        4        7        1        2        6        3        1
        4        6        3        4        3        3        8        7        5        9        6        7        3        6        7        9        5        3       13        6
        7        4        7        7        6        3        8        4        6        7        8        6        6        8        5        5       14       11        5        6
        7        8        2        4        4        5        7       10        3        6        3        5        3        4        7        4        4        0        2        2
        2        4        1        5        4        5        1        3        2        4        5        2        4        0        4        5        4        3        1        5
