        0        5        3        6        1        2        4        5        2        2        6        4        1        4        2        2        2        3        2        2
        5        4        7        1        3        4        3        4        4        1       10        4        5        2        7        9        3        6        3        8
        7        6        5        2        9        5        3        5        6        6        3        3        6        7        5        4        1        7        3        7
        8        9        6        6        6        1        7        5        9        2        6        4        4       10        4        5        5        3        6        3
        1        5        1        6        7        6        2        0        1        2        1        4        4        3        3        4        7        1        3        2
        2        3        4        3        2        1        5        5        3        5        5        1        6        1        2        2        2        8        7        4
        4        4        7        5        6        8        1        5       10        5        7        4        7        7        5        4        5        2        5        6
        4        9        2        4        6       11        3        6        5        5        8        8        8        9        5        6        6        7        8        4
        6       13        9        4        8        7        6        5        5        3        5        2        2        4        6        3        4        2        1        3
        7        2        5        4        5        3        3        6        1        1        3        5        4        1        2        2        5        1        2        4
        3        4        4        4        2        2        2        2        2        5        1        7        0        5        5        6        5        4        1        5
        4        2        6        4        4        5        5       10        5        6        4        6        7       10        4        9        3        4        7        6
        7        8        6        6        6        2       10        6        4        4        3        4        6        5        7        9       10        8        7        4
        2        8        6        5        4        4        4        5       11       10       12        7        8        7        5        5        7        3        7        3
        2        5        2        2        2        4        4        9        4        2        1        1        4        1        5        1        2        2        2        4
        4        3        1        3        4        3        4        4        5        1        3        3        3        5        4        4        4        2        5        1
        0        2        5        6        8        3        5        8        5        7        4        7        8        7        1        6       10       11        3        8
        8        6        8        4        9       13        6       10        5        9        9       10        2        4        2       10        6        5        6        9
        6        9        4        9        2        9        5        8        8        3        4        7        7        5        6        7        6        4        7        5
        3        4       10        2        4        3        3        8        3        3        1        2        3        3        2        2        1        2        4        2
        0        4        4        2        4        3        3        0        1        3        5        3        6        2        2        3        1        8        1        5
        3        2        6        3        1        3        8        6        5        4        6        4        5        4        7       11        3        5        7        4
        6        6        8        6        5        5        9        8        8        9        4        3       13        5       10        5        6       12        6       12
       11        9       10        5        6        7       13        7        9        5        6        6        3        7        5        5        4        3        6        7
        6        7        6        2        2        4        5        3        4        4        2        8        2        2        2        2        5        0        3        2
        4        4        2        2        2        0        0        3        2        7        6        5        6        0        3        2        7        4        1        7
        4        2        2        6        7       10        5        2        5        6        6        7        7       10        8        2        7        3        7        7
        2        4        8        5        8        4        6        6       10        8       12        9        6        9        7        5        2       11        7        5
        7        7        8       13        8        4        8        8        4        6        5        4        5        8        4        7        5        9        8        9
        5        3        5        2        3        7        5        6        5        2        2        1        2        4        2        2        1        4        1        4
        4        2        2        2        3        3        5        3        5        3        6       10        5        7        1        3        5        1        1        3
        5        7        3        5       10        9        9        8        4        6        7        9        5        5       11       10        6        6        8        6
       10        5        9       12        4        8        9        3        5        8        6        6        8       13       11        8       15       10        9        3
        5        5        1        8        6        7        8        4        5        4        8        3        5        3       11        4       11        1        7        1
        0        5        2        8        4        7        3        5        1        4        3        6        2        2        1        2        2        4        5        1
        1        5        3        4        2        4        7        5        4        6        4        5        4       11        3       13        0        7        6        2
        4        7        1        7        4        4       10        6        1        9        2        6        6        6        9        5        7       11        5       12
        9       12        5        6        9       11       13        7        4       14        6        9        4        5        5        7        7        7        7        8
       10        8       10        5       12        6        6       13        5        5        2        5        4        8        4        7        1        9        4        7
        3        5        5        6        2        2        3        2        5        3        0        3        4        4        3        2        2        1        2        6
        3        1        3        4        2        5        4        0        4        2        2        2        3        4        1        8        2        9        5        5
        2        5        8       10        9        6        5        4        8        8        5        4       10       11        7        6        9        5        5       11
       12       10        8        8        8        8       10       10        9       13        4        3        9       10       11        7       13       16        6        9
       11        6        7       11        7        3        9        4        9        4        3        7        6        6        5        4        8        4       13        5
        7        1        6        4        5        6        5        5        2        1        6        5        4        3        2        1        3        1        1        7
        3        1        4        2        2        5        2        8        3        9        4        3        5        2        8        3        6        4        7        5
       10        9        3        5        7        7        7        4        3        7        9        6       11        9       11       11        6       12        8       11
       13       13       10       10        8       11        6       10        4        7        7       12        8       10        8        6       13       11       10        6
       11        6        6        8       10        6       10       10        6        9       17        3        6        9        6        7        6       11        6        5
        9        4        2        7        5        9        3        3        7        8       10        2        5        1        0        2        2        2        2        5
        4        2        6        4        4        5        2        5        6        4        5        3        6        6        3        4        4        5        3        8
        5       10        4       10        9        7       10        7        8        7        4       13       10        9       12        9        8        6        7       10
       11       11       12       13       14        8       11        9       13        6       14        8       12        7       12       11       15        6        8        6
       18        9        4        8        8       10        6        4        7       13        7        8        5        5        9        5        5        7       10        8
        8        7        4        5        5       10        2        4        2        4        6        4        1        0        2        7        6        5        5        2
        4        4        3        3        2        4        4        0        5        6        5        7        3        3        4        6        9        5        7        4
        4        8        9        6        2        5        6       14       10        6        6       10       14       14       10       10       13       12       15       13
       13       11       12       16       14       12        7        5        6       16       15        9       15       12       11       10       13       10       13       14
        3        9        7       11       13       13        8       10        6        9        7        4        9        6        6        5        8        7        6        8
        8        8        4        6        3        4        2        3        6        3        9        6        7        3        3        4        4        2        2        3
        1        2        3        5        3        2        5        2        2        2        5        6        6        8        7        3        5        2        2        5
        8        9        8       10        7       11        6        3        5       10       14       13        8        9        8        9       11        9       16       16
       17       16       10        8        9        9       10       18       16       14       17       12       11       14       17        5        8       15        7        6
       11        9        8        8       11       13       11        6        8       11       11        7       10        9        4        6        2        4        3       10
        4        4        1        7        7        2        3        2        4        2        2        5        7        3        1        6        4        2        4        2
        3        8        1        7        3        5        6        5        1        4        7        9        5        8        7        5        8        3       10        5
       11        6        3        9        6        8       14       12        3        8        8        5       12        6        8        8       11       10        6        9
        6       11       14       12       13       11       15       15       11       14       16        7       13       13       12       16        9       14       15       21
       13       13       14        7       16        6        6       13        9       10       11        9        5       16        8       11        8        5        9        4
        6        5        6        6        6        4        2        8        6        7        4        3        2        5        4        4        4        6        6        4
        6        3        0        4        4        5        3        1        5        4        3        5        2        2        3        5        5        6        6        8
        2        7        9        6        7        8        6        9        9        9        8       10        9       13       19        8       12       10       10       17
       10       14       11       11        7       17        5       16       19       20       14       20        6       15        6       10       11        9       11       13
       13       17        4       10        6       10        7        9       12        9        9        8        9        8        6       10        8        7       10        7
        8        6        5        6        5        6        4        9        4        9        5        1        4        7        5        1        4        2        6        5
        5        0        3        2        3        3        8        4        7        6        3        2        8        5        5        7        2        5        8        4
        5        5        5        6        7        9        7        8       10        8       12       13       14       19       15       10        5       11       14       14
       12       15       12       18       10       16       23       17        8       15       15       10        8       16        6       18       10       13       12       11
       18        9       17       15       13       11       12        9        8        9        9       20        7       12        9        5        9        3        4        6
        4        9       10        5        6        5        5        4        1        5        8        5        3        4        3        3        4        4        8        1
        2        3        6        4        3        1        3        4        3        3        7        5        5        7        2        9        5        8        7        5
        6        8        9        8        7       14       11       11        9       12        9       12       11       13       10       11       10       10       16       12
       12        9       13        9        5       20       15       20       14       20       14        9       18       21       15       18       13        8       23       12
       12       20       15        8       11       19       10       11        9        6        9       11        6       13       11        4        5        9       12        5
        3        9        3        8        6        4        4        4        5        3        5        3        5        4        5        5        4        4        5        6
        8        7        3        1        5        4        6        8        3        4        9        6        2        4        1        6        7        8        7        6
        5       11        9        6        3        7        9        9        9       10       11       17       11       12       15        6       18       16       21       15
       16       17        6       14       18       27       12       18       14       16        8       15       18        6        8       10       15       14       16       21
       16       15       13       14       18       11       14       20        8        3       10        5        9       10       15       10        6        9        6        4
        7        4        8        9        5        4        5        7        9        9        1        4        3        5        2        3        7        1        7        4
        3        4        0        4        8        3        2        2        4        4        6        8        8        7        7       10        3        6        7       12
        8        9       16        7       11        9       17       12       17       16        8        5       10        9        8       13       20       14       16       16
       12       15       20       15       12       17       18       15       26       23       19       16       16       21       15       14       16       20       13       16
       26       13       16        6       15       15       10       17       24       13       11       16       12       11       11       13       14        8        7        9
       16        3        5        5        9       10        7        5        8        9        4        7        9        4        6        2        4        2        4        6
        3        2        9        6        5        1        4        6        2        8        4        4        5       10        4        8        7        6        7        7
        6        5       12       11        7       14       15       13        7        5        9       10       15       16       15        9       14       12       21       11
       23       14       13       14       21       19       18       28       14       31       17       14       20       19       14       16       18       13       17       22
       15       14       16        6       14       14       18        9        6        9       10       12       10        9       12       12        7        5        3        8
        7        8        6        7        4        8       13        5        6       10        5        9        3        4        5        7        3        4        6        2
        3        1        5        7        2        5        4        4        5        5        5        9        5        9        6        4        3       11        5        6
        2        6       10       14       10        9       10       14        9       11        5       11       13       10       14       14       17       18       25       19
       13       23       19       25       22       16       10       13       30       24       21       18       20       20       20       22       24       22       13       13
       18       19       26       16       12       15       12       11       16       16       19       13       14       12       11        9       12        7       10        8
        9        7        5        6        4       10        6        9        5        3        8        8        4        7        8        4        4        6        3        4
        3        3        2        8        6        3        4        4        6        2        6        9        5        8       10        2       12        7       12       14
        8        7        6        6        8        5       10       19       14       10        9       11       12       17       18       17       16       17       14       12
       25       19       27       13       21       25       20       22       27       31       16       19       20       17       28       21       17        9       17       21
       22       26       17       24       20       15       11        7       11       17       19       14       10       18        9       10        6        7        8       10
       14        9        6       11        2       12        9       11        6        8        5        4        3        6        3        7        2        6        3        4
        3        2        5        5        7        5        5        6        3        5        6        2        8        7        3       13        5       10        5       12
        7       11        6       16       10        7       15        8        6        5       15       16       12       14       22       20        8       15       14       21
       15       22       35       19       34       20       13       16       18       16       26       26       31       25       17       25       15       20       27       24
       22       20       13       19       17       15       19       13       20       13       10        9       15       15        8       12       11       10       15        8
       10        8        3        9        5       13        5        7        7        7        7        6        6        1        5        6        5        5        5        5
        3        3        6        2        3        6        2        8        9        7        5        9        5        4       10       10       13       15        7       10
       14       12        9       12        7       12       14       14       15       12       21       22       16       18       21       18       29       27       23       20
       19       32       22       27       36       17       22       25       25       25       22       24       22       26       25       23       20       27       22       14
       18       25       13       19       15       16       16       17       15       15       13       15       12       16        8        9       10       18        8       22
       13        9       10        5       10        6        6       12        8        4        9        5        8        8        5        7        8        5        5        3
        7        1        6        5        4        5        4        2        6        2        3        3        9        7       11        3        6        7       11       21
       11       10       12       13       12       13        8       14        9       12       14       15        8       15       13       15       24       31       27       17
       23       19       29       26       31       17       32       38       25       24       25       30       25       24       26       23       24       20       23       29
       25       17       22       26       16       16       22       19       17       23       13       13       13       19       20       17        9        7       10       10
       11        7       17       12        9       12        9        6        7        2        5        5        4        6        8        3        4        4        5        8
        9        5        8        4        5        3        4        4        5        6        2       12        5        9       13       13       13        7        9       11
        7       20       11        7       12       12       15       10       13       14       17       16       12       21       14       21       22       27       23       24
       27       30       24       26       19       27       20       27       32       23       31       32       29       21       35       27       21       27       29       38
       28       19       22       22       18       22       20       17       14       22       16       16       17       14       13       19        9       12       13       11
       11        7       13        8       11        9        9       14       10        6       10        5        5        3        5       16        2        8       11       12
        5        6        0        3        7        2        8        5        9        6        1        5       10        9        6        5        9        7       10       13
       12       10       15       14        9       10       11       19       18       12       15       16       21       26       19       17       22       23       24       19
       28       26       43       27       31       36       21       25       22       19       31       25       35       23       30       24       27       35       18       22
       25       21       18       25       15       25       15       17       22       35       15       17       17       21       16       13       12       11       10        8
       16       11       15       13       12       13        9       10        6       10        1       10        7        3        6        4        5        3        7        8
        4        7        6        9        4        3        8       10        5        3        7       13       11        8        6        8       11        8       16       18
       11       13       10       19       13       12       14       14       13       29       25       10       21       27       19       32       19       18       26       26
       33       24       28       35       28       25       31       28       40       38       29       35       29       34       30       29       26       30       32       21
       24       32       20       28       21       30       28       20       18       16       19       15       18       19       12       16       19       12        9        8
       13       10       10        6       12       15        9        5        7       10        8        3       11        5        5        9        3        6       10        3
        6        5        9        2        5        6        8        9       10        4        9        7        6        8        5       10       10        7       10        8
       12        7       19       15       16       11       10       25       14       18       25       20       25       24       18       31       33       38       38       29
       18       28       38       46       41       29       39       34       29       42       40       39       37       55       55       41       32       33       29       32
       31       31       32       14       28       16       24       20       25       16       25       14       20       14       15       22       24       14       13       14
       12       15        9        9       10        9        4       14       10       10        7        1        8        3        5        8        7        4        4       12
        2        7        3        4        6        2        4        3       10        8        5        7        7        7        3        9        9        7       15        9
        6        9       16       13       15       18       12       21       27       11       21       19       20       25       31       20       31       30       25       36
       36       44       38       40       39       45       40       45       41       53       41       37       42       44       44       32       34       25       26       33
       37       30       27       24       24       23       28       21       18       15       16       24       20       10       20       11       11       12       13       10
       21        7        4        4        8        8        7       11       14        8        5        6        4        9        5        5        9        2        4        6
        3        5        5        4        9        7        7        6        3        3        8       13       10       10       10       10        7        6        7       12
        9       19       10       14       16       20       16       13       23       17       17       26       22       29       19       43       29       22       29       42
       35       42       46       42       53       44       43       47       40       46       38       42       46       38       41       36       49       41       42       40
       33       41       30       37       33       28       17       19       28       20       20       17       22       22       15       12       14       16       10       18
        8       10        6        9       15        5        8       13        9        8        7        4        6        8        8        3        8        5        3        6
        8        5        6        5        9        4        7        4        4       12       14       15        7       12        7       14        7       10       15       13
        9       19       18       16       15       20       22       18       17       28       23       20       26       28       39       30       23       23       47       39
       51       45       43       52       37       48       56       44       46       44       42       53       36       54       47       44       44       45       44       31
       19       29       31       24       24       24       33       28       23       15       23       24       20       21       22       18       12       13       15       14
       12       14       13        6       10        9       13        7        9        3       10        5       12       10        7        6        4        5        4        3
        3        4        3        1        3        4       14        9       11        5        6        7       10        9        7        9       11       16       18       16
       13       15       16       11       16       18       19       22       17       21       22       19       37       33       30       35       37       29       33       44
       34       45       43       40       46       58       50       57       55       45       46       51       58       51       39       51       53       40       51       42
       54       38       30       39       34       28       33       24       28       33       18       27       21       18       17       18       16       14       14       13
       12       15       12        8        9        6       11        6        9        8        4        4       14        4       11        8        2        4        8        8
        4        9        5        6        5        8        6       11        8        8        6       11        5        5        6       13       10       11       11       13
        8       14       14       21       20       17        8       18       17       20       32       30       25       34       25       24       31       60       36       39
       47       46       43       62       40       56       49       71       62       52       47       48       40       57       63       47       47       44       56       62
       38       38       44       27       31       41       24       24       33       34       25       17       17       15       28       15       19       19       21       14
       15       15        9       14       16       15       11        4        4        5        2       14       10       10        4        6        2        6        3        4
        4        7        5        7        5        6        4        7        7        3       10       11       11        9       12       13       20       15       10       15
       10       13       16       17       18       26       16       27       21       14       29       38       17       32       32       28       27       41       41       55
       52       64       61       54       67       70       63       69       71       56       64       71       70       75       61       57       42       54       59       49
       42       35       44       46       26       37       37       42       23       20       20       17       13       20       15       20       22       18       13       12
       18       11       11       10       17       14        5        4       10        7        4        8        6        7        9        5        1        2        2       11
        4        5        7        2        3        6        3       15        9        8        5        5        6        8       13        8       14       14        8        7
       22       11       19       12       17       18       24       28       26       21       34       22       26       34       36       35       48       40       43       41
       61       71       60       64       61       64       71       84       79       73       71       90       67       76       76       74       44       66       60       55
       48       44       50       30       40       36       33       30       23       34       29       25       11       29       18       15       20       11       17       19
       17       17       11       20        9       14        7        5       10        9        8        4        6        3        5        4       10        7        0        6
        5        4        7       10        7        8       13        6        8       11        6       13       12       10       11        9       11       14       23       16
       22       19       17       16       17       19       28       28       31       24       30       23       36       32       38       32       43       44       63       74
       44       52       73       60       73       76       70       80       75       81       71       74       69       77       69       80       80       58       76       57
       58       46       44       44       33       41       33       29       35       27       39       23       19       23       30       22       19       12       10       15
       17       14       10       12       11       14        3        9       10       10        8        4        9        8       12        4        5        3        4        3
        6        5        8        4        6        8        7       13        7        3       10        6        7        6        9       14       17       10       15       16
       12       12       22       19       25       25       28       30       20       32       38       33       37       26       38       40       46       55       44       59
       65       75       82       83       70       71       99       93       98       84       82       85      104       67       97       74       90       63       60       64
       59       41       51       58       59       43       39       27       30       29       24       24       14       23       17       20       21       22       10       15
       18       17        9        8        7        9       11        7        6        7        8       10        3        7        7        2        8        6        9        5
        2        9        6        6        6        4        4        8        5        6        7        7        9       12       10        6        7       19       11       11
       11       20       15       15       29       17       18       34       35       28       44       33       28       41       41       44       37       49       59       66
       69       62       95      101       97       96       91       83      118      108       95      106       95      111       85       59       82       85       72       61
       70       53       51       54       44       44       32       31       33       25       28       28       31       27       19       13       19       16       26       23
       12       10       11       11       14       13       12        3        7       13        5       11        3       11        6        5        4        4        3        7
        7        6        3        8        6        9        7        5        2       10        9        5        6        8       15        8       11       10       20       19
       11       10       21       21       21       20       26       37       29       39       34       41       29       39       52       63       55       68       61       64
       64       74       73      105       93      101      128      107      124      113      125      107      120      118      106      112      101       88       91       91
       69       56       66       47       42       48       41       39       26       34       30       27       21       23       23       23       19       18       10       17
       19       17       11       13        5       18       14       10        8       12        7        6        6        5       11        5        7        4        6        6
        2        6        1       10        6        6       11        3       11       16        6        7       14        9        9       15       16       15       19       10
       17       15       16        9       17       32       31       26       34       38       27       49       45       50       62       42       51       55       69       67
       78       75       84      110      104      117      129      143      120      148      138      112      124      115       84       90      105      108       94       71
       77       73       55       47       42       40       38       43       38       39       25       32       31       20       28       25       27       16       17       22
        8       10       13       17        7       11       14       14       10        7        3        7       10       14        7        2        6        3        3        3
        3        7        4        5        8        3        3        8        9        9       10        6       10        7       12        4       11       11       16       14
       16       20       18       23       24       22       25       21       29       31       33       43       47       47       63       63       51       78       74       59
       57      116       91      110      114      142      140      176      145      133      153      150      156      153      146      122      124      107       96       82
       66       66       66       63       53       42       43       39       28       31       45       36       28       28       23       19       25       13       23       20
       16       13       12       15       13       16       12       10        6        9       14        9        5        5        5        6        4        9       10        4
        4        5        7        5        6        6        7        4        7       12        9       10       12        9       13        7       11       10       21       11
        9       23       20       22       35       27       18       28       34       30       33       40       52       46       59       52       63       60       90       74
       89      107      120      127      147      140      170      155      171      177      186      195      169      151      164      133      141      155       98       91
      100       81       59       65       55       48       36       39       37       22       17       29       37       37       20       24       21       21       14       15
       17       11       18       14       15       18       13        8       10       12        6       10        5        7        6        5        6        4        2        7
        5        5       11        7        6        8       10        4       10        9        6       10        9       14       14       15       12       13       20       20
       20       25       15       16       22       21       32       34       36       29       38       42       42       41       52       55       68       59       68       96
      122      118      128      130      156      162      196      225      245      227      271      238      166      167      158      146      146      111      137      101
       88       68       69       60       65       64       46       59       27       37       35       36       47       26       22       25       13       18       16       20
       22       17       19       15       10       16       10        8        2        7        3       10        5        2       13        6        6        1       10       10
        3        1        6        9       11        7        5        7        8        8       12       12       12       14       11       14       12       10       19       19
       21       20       24       14       24       22       31       28       48       37       39       37       59       66       57       56       62       68       77       90
      108      126      130      148      171      168      233      239      251      280      278      256      220      201      209      175      156      120      130      110
       94       83       78       70       60       50       53       40       43       41       30       34       25       24       40       19       20       19       18       14
       20        9       20       10       10       19        6       12        9        8        3        3        8        6        7       11        7        4        4        7
        7        3        8        7        4       11        8       14       12        7       10       13        8        9       10       11       14       11        9       18
       28       18       24       16       20       28       30       32       36       37       40       43       56       48       55       62       82       90       87      111
      104      144      138      162      183      202      260      271      296      311      309      374      293      249      270      169      171      156      111      111
      100       97       90       75       49       57       65       65       41       37       33       46       29       30       21       21       26       21       25       14
       10       15       15       20       20        6       15        8        9        7       12       10        9        7       16        7        5        5        9        6
        2       11       13        4        5        6        5       16       13        5       14        9       14       13        9       14       14       17       13        8
       14       20       22       22       36       31       33       29       34       39       41       46       46       49       54       78       71       74       97       94
      115      139      145      143      196      232      302      372      361      482      432      436      336      333      240      190      185      137      147      122
       91       93       87       75       65       37       55       51       46       42       34       32       32       30       21       32       20       18       18       17
       14       14        9       10        8       12       14       10        3        8       13       12        6       10        8        4        7        6        4       11
        2        9        7        3        9        6        6        5        5        3        9       13        8        9       10       13       13       16       12       13
       22       18       20       26       21       21       30       30       39       39       44       42       45       72       60       62       89       74       98       93
      124      146      151      188      202      258      299      425      516      639      635      597      413      367      314      229      189      153      142      103
      119      106       89       79       72       59       47       55       36       25       40       23       33       27       21       17       23       15       22       16
       20       25        8       11       10       13       12       20        9       10        8        6        9       12        6        3       12        4        7        9
        4        3        4        7        5        3        9       11       13       13        9        9       15       10        8       13       19       16       19       20
       20       18       32       19       23       35       25       35       32       29       36       47       37       42       59       47       74       80       99      110
      111      145      160      198      246      280      364      498      691      890      926      738      492      385      345      260      210      173      141      123
      128      104       87       83       68       57       44       44       58       44       34       24       36       24       24       16       19       23       23       19
       16       10       20        9       15       14       10       11       17        4       10        4       11       14        4        2       10        0       14       10
        5        5        8        4       12        5        3        9       17       11       11        9        9       13       16       15       11       13       16       23
       27       19       29       29       25       32       26       33       35       30       42       49       43       58       64       57       66      102       93       93
      110      135      175      199      245      311      363      552      707     1249     1288      705      507      365      272      306      237      177      156      152
      121      106       89       75       59       65       63       32       37       37       45       31       25       35       29       25       23       24       15       15
       15       14        9       13        9        7       13       15        8        8       16        6        6        8        7        6        6        6       11        7
        7        9        5        2        3        9        6       13        5       11        6        6        8       13       19       12       10       18       13       11
       14       14       18       18       27       30       32       33       37       46       38       44       31       51       56       65       83       83       89       83
      119      134      164      177      231      310      387      452      664      831      862      710      487      392      292      258      220      171      146      125
      116       94       87       72       70       55       48       44       32       39       42       37       26       23       23       21       20       20       19       12
       17       21        9       11       19       12       11       13       11        7        7        7        8        7        2        5        7        7        6        1
        3        4        4        9        9        8       18        5        9       10       16        9       14        4       19       17       13       14       14       19
       22       24       18       23       22       26       23       33       41       41       42       45       49       56       62       72       73       92       84       95
      130      126      175      193      214      254      350      369      495      682      650      529      427      381      297      257      199      148      153      112
      131       99       76      111       61       59       51       42       45       36       42       29       31       34       30       31       25       23       26       23
       17       13       15       12       10       11       19       11        6        5        4       11        5        8        7        7        4        6        8        5
        7        8        6        8        8       12        4        5       10        8        8       12        9        7       10       11       16       16       17       17
       13       21       15       17       24       24       28       28       31       42       44       47       48       68       55       64       53       74       71      107
      110      149      145      165      240      267      264      328      418      417      475      438      318      312      277      227      173      200      111      116
       98      105       80       79       65       54       50       34       54       36       38       35       28       21       25       31       25       17       18       17
       21       14       26       11       20       11        8        8       13        8       11        9       10        8        6        1        2       10        6        3
        1        3        4        4        9        2        6       11       10        7        8       10       19        6       12       25       20        8       14       14
       15       16       18       15       20       34       24       34       29       35       36       37       46       39       46       62       55       97       70      102
      104      136      153      158      197      238      271      274      282      323      356      363      274      232      237      174      183      144      115      107
      100       88       81       68       66       61       45       34       50       37       52       30       39       34       32       19       31       21       17       14
       14       18       17       16       23       11        8       13       14        5        5        9        9        7       11        9        2        4        6        8
        4        9        3        4        8        6        8        7        4        6        7       13        9        7       10       16       16       10       15       10
       22       21       21       28       17       19       26       30       28       27       39       42       51       44       54       53       66       67       77       94
      108      109      141      137      177      180      234      246      256      311      293      281      268      214      192      153      148      116      140       88
       69       77       81       79       58       60       58       53       48       36       34       37       23       24       23       18       26       22       15       14
       16       19       14        8       13       11       19       16       13        9       11       11       13        7        4       11        5        4        3        2
        9        5        6       12        8        5        8        7        6        7        6       12       10        8       14        9       14       14        9       11
       22       23       20       23       25       26       18       34       25       27       38       45       49       54       65       71       63       60       81       99
      100       95      123      144      148      192      188      187      207      209      231      216      253      177      179      163      131      111      121       96
       83       96       60       59       58       46       68       46       37       34       17       32       30       22       27       21       24       19       21       17
       17       12       11       10       12       14       12       10       11        7       15        7       13        9        8       10        8        4        7        5
        2       10        6        6        4        4        8        5        6       10       10       14        6       12        9       18        9       17       17       17
       18       11       22       18       24       25       33       25       30       38       39       40       44       45       66       53       72       67       78       92
      100      111      109      126      144      145      189      172      205      216      188      207      181      167      175      141      126      101      103       97
       81       66       65       74       65       39       32       44       48       38       37       39       29       21       39       15       23       19       19       15
       18       17       11       16       15       11       19        7        7        9        5       10        7       14        5       10       11        4       10        4
        7        5        7       11        7        5       11       10        4        9       13        9        9       15        9        8       17       15       17       14
        9       17       19       24       25       28       26       24       36       35       41       34       41       56       61       59       64       67       86       77
       75       90      107      120      114       99      138      159      176      157      189      168      147      144      140      139       98      122       95       91
       84       73       58       66       52       56       39       33       29       39       33       32       34       26       24       22       16       14       19       12
       16       16       10       16       15       13       14        7        9       14       15       10        7        6        5        6        3        5       10        9
        3        5        7        6        7       11        5        6        5        9        8       10        9       15       10       18       14       15       10       15
       15       17       18       20       27       17       31       27       25       29       32       50       54       47       51       42       52       42       57       61
       73       79       85       85       86      103      135      143      136      140      153      125      155      122      118      103       99       97       86      100
       73       63       70       52       42       45       48       51       32       27       26       44       21       22       29       16       24       18       16        6
       15       17        7       13        7       13       10        9        7       12        8        6       11        4       11        9        5        3        7        7
        5        5        5        4        5        8        8        9        8       10        8        7       11       11       11       13        8       17       14       20
       10       17       22       28       17       21       26       29       24       32       38       40       29       47       50       38       65       44       54       54
       61       92       85      101      108      104       83      107      123      118      115      111      118      105      128      113      106       79       80       54
       63       62       49       40       53       44       48       43       37       31       38       22       19       20       23       24       15       16       22       17
       16       13       18        4       11        8        9       10        9        4        3        9        8        2        6        7        5        9        6        6
        7        5        3        7        7       15       12       16       12        9       13       12       17        8        7       12       13       13       19       14
       15       18       12       15       20       26       23       27       37       37       41       35       43       49       40       48       48       58       51       67
       63       82       57       84       93       82      102      107      116      115      121      102       96      102       80      100       73       79       79       78
       64       70       51       41       40       37       48       38       32       28       32       23       20       22       23       19       21       14       18       11
       11       15       11       16        7       11        6        7        8        9        8        4        3        6       10        8        5        9        8        3
        5        7        5       11        7       10       10       16        8        5        5       10       14       17        8        4       16       13       15       15
       14       20       21       19       17       18       15       24       31       31       29       27       46       42       33       56       58       51       50       63
       61       69       54       87       81       79      109       84       89       90      105       76       98       82       78       81       68       67       55       72
       66       60       55       42       37       45       42       36       27       27       26       32       27       27       19       22       19       16       21       14
       17       16       10       15       15       12       11        7       11       10       11       11        7       10        1        4        4        8        8        2
        2        3       10        5        9        6        5       10       10        9        6       11       14        8        4        8       14        6        8       17
       12       11       16       14       24       30       20       17       29       32       32       36       29       28       41       50       47       60       55       45
       55       64       65       57       83       86       83       76       61       84       96       79       74       79       77       64       51       73       63       65
       47       56       44       63       46       44       27       42       31       23       32       23       28       20       13       20       17       12       15       11
       17        9        8       16       11       11       13       12       10       18       11        5        7        4       15        8        9        5        2        3
        4        8       16        3       14        7       11       13        6        5        3        9        9       12        9        6       10       14       14       10
       14       17       14       20       14       20       23       26       28       25       23       24       50       41       33       38       47       46       53       41
       47       63       45       50       70       66       73       75       66       65       58       71       68       84       65       67       47       59       52       38
       49       50       51       41       38       40       37       44       31       24       32       31       34       11       18       15       18       20       14       12
       15       15       10       15        9       14       10       13        8        2        8        7       10        4        3        5        4        6        5        6
        6        4        9        3        7        5        5        6        7        9        8        7        5        9       15       14       13       11        8       15
       21       17       16       28       10       13       19       26       20       15       29       32       44       39       49       26       32       31       45       39
       53       37       41       57       67       60       63       84       56       55       57       67       64       82       59       51       56       61       70       49
       50       42       52       38       38       30       29       24       21       33       30       25       32       14       17       15       20       21       14       16
       11        8       14       17        6       12       12        9        6        5        9        5        7        6       10        8        2       11        3        6
        9        2        5        8        9        8        5        5        9        7        6        6        6       11       12       12        7       20        6       11
       21       18       15       14       18       20       25       22       20       32       24       30       22       32       23       41       38       27       27       39
       36       45       48       65       60       60       64       60       71       62       51       60       47       64       57       51       47       41       35       34
       42       36       52       45       29       37       31       21       32       23       24       18       19       18       18       15       18       14       12        9
       20       13       10       10        7       12       13        9        8        3        4        7        6        7        7        6        3        6        5        9
        3        7        1        8        3        6        3       11        7       10        5        5       12        5        8        8       16        4       10       12
       13       16        9       14       10       18       19       17       19       21       32       35       22       38       26       34       39       29       32       48
       40       38       45       53       52       64       56       47       47       49       43       56       55       50       48       50       43       52       51       55
       34       35       46       33       29       32       37       26       20       29       25       20       16       17       19       20       19       13       12        6
       15        8       11       11       12        4        5        4       13        7        7        9        7        4        4        9        3        4        5        4
        3        3        4        7        6        3        4        6        3        6        9        9        5       15        7       12       16       10       13       10
       11       19       11       15       12       17       22       12       24       22       21       29       19       30       29       24       34       33       40       37
       46       53       37       44       38       58       62       53       46       51       49       49       44       41       40       51       56       35       40       31
       34       36       25       33       29       26       17       22       26       23       18       22       19       21       12       12       11       11       16       15
       24       11       15       10       11       10        8       10        6        7        8        8        5        7        8        6        3        4        5        8
        5        7        4        3        2        8        1        5        3        5       11       10       10       10        8        7        9        9        6       12
        5       11       16       15       14       21       19       18       10       30       29       17       27       26       29       28       32       29       24       31
       35       41       33       51       37       37       41       30       48       44       33       37       50       34       43       36       36       31       31       35
       43       38       23       25       29       31       27       23       21       27       28       14       21       18       16       19       20       18       14       15
       20        9        5       14        6        8        4        7        8        7       10        4        4        9        9        6        5        4        3        4
        3        5        3        3        7        5        7        8        6        6        5        8       10        8       12       13       14       13       18        9
       17       15       13       12       12       20       17       19       16       19       16       19       20       32       20       15       31       29       31       27
       31       31       44       44       42       42       35       30       42       33       28       32       42       40       31       36       32       36       35       33
       33       31       18       33       23       31       32       23       16       21       22       20       19       16       15       16       14       13       17       11
       14        7       18        8       11        7       10        5        5        4        6        9       10        1        9        4        1        4        6        6
        5        1        1        7        8        5        4        9        6        9        6        5        8        6        9       13       10       14        9       12
       12       11        7       24       15        8       13       14       13       25       23       24       17       21       21       26       35       34       20       19
       27       29       34       30       32       43       36       50       33       40       34       39       39       41       40       36       30       28       26       29
       28       29       35       29       25       19       26       24       30       17       26       31       18       19       13       15       13       10       10       14
       19       12        9        7       17        9        9        7        3        3        4        5        7        4        2        4        9        7        6        5
        4        5        7        7        4        7        9        3        6        6        8        8        4        8       14       10        9        8       14       13
       11       12       12       12       13       11       17       11       20       24       18       14       21       23       22       31       22       26       35       29
       26       31       25       26       31       31       26       34       30       44       36       30       30       40       33       29       34       34       26       35
       24       28       32       20       17       24       17       20       15       19       20       16       19       24       15       10       11       16       12       11
        9       11        6        7        7       11        6       10        7        3        7        9        7       10        5        5        2        4        9        1
        4       11        5        3        4        7        4        7       11        5        4        4        4       13        4        7        7       11       10        4
       12       14       17       18        9       16       12       11       17       13       16       28       16       16       19       17       20       24       30       28
       36       31       31       34       25       30       32       29       17       30       34       33       29       21       36       24       29       51       30       30
       38       29       30       22       15       31       22       23       16       19       19       14       12       13       12       13       15       14       14       12
       10        7       10        5       10        4        9       10       10        9        8        5        4        3        6        7        1        5        4        4
        3        7        9        5        4        5        4        9        6        8        5        5        6        8       12        8       11        7        4       13
        5        6        9       16        8       15       13       11       17       14       15       22       22       20       18       31       14       22       24       26
       36       22       31       19       25       22       34       35       30       27       32       40       45       42       26       28       32       30       27       28
       21       18       33       30       25       23       27       20       20       16       14       17       15        9       14       13       14       12       17       19
        8       12       10       10        6        9        5       10       10        6        6        5        4        6        2        2        6        2        4        4
        4        6        1        6        7        7        4        2        9        6        6        7        7        8        5       15        7       12       10       12
       16        9       15        7       11       12       17       19       19       21       14       18       25       29       16       23       19       20       27       29
       18       18       23       24       21       30       22       29       21       32       26       27       26       35       20       21       32       32       37       24
       30       17       26       33       35       21       35       18       14       24       20       18       14       17       15       15       10       13       12       11
        9       10        8       13        3        8        3        3        7        6       12        9        8        2        3        9        7        8        7        3
        4        5        2        4        6        4        4        4        9        9       12        6        8       16        7       12       15        6       11       10
       16        5       13       12        9       11       13       13       13       16       19       24       16       21       32       27       15       14       20       20
       15       24       24       21       17       28       25       27       25       25       31       24       29       29       25       14       22       26       28       33
       13       16       32       22       18       13       20       25       18       18       14       13       10       15       11        9        8       14       15       14
        5        8        7        9        8       12        6        3        4        7        4        9        2        2        7        4        4        7        3        4
        1        6        6        2        4        4        5        8        3        5        6        7        6        7        5        9        9        9        8       19
       14        6        7        9        4       18       13       10       14       13       12       21       19        7       20       20       19       23       14       21
       13       19       17       22       24       32       16       24       31       26       26       22       26       31       23       27       30       15       18       22
       23       16       19       16       16       23       18       18       14       15       22       17       10       12       13       13        8        9       11        8
       11        9       13       12        9        5        9        6        6        5       11        5        3       11        9        2        3        4        1        7
        6        5        4        1        7        6        4        4        4        3       10        8        6        6       12        7        4       10       13        7
       13       10        8        7        9       10        5       12       23       13       11       12       19       19       22       17       14       21       18       23
       19       22       19       12       25       18       22       21       12       26       19       21       15       24       12       32       17       22       27       19
       24       15       17       20       26       17        9       19       10       16       18       13       18       11       14       13        9       10       10       11
       14        5        7       12       10        3        7        5        6        7        6        6        4        6        4        6        5        4        4        5
        3        4        5        1        8        5        3        5        5        4        7        2        4        9        4        8        5        9        5        7
       10       17       22       13       17       12       14       11       15       11       14       14       12       14       21        9        9       23       23       21
       17       17       13       31       20       24       21       23       13       28       23       16       26       18       22       24       22       17       23       14
       22       21       19        9       19       16       18       12       14       10       12       14       10       10       11       14       10        8       11        4
       10       12        5        7        6        8        2        3        9        7        5        8        7        4        8        4        5        5        2        4
        3        1        6        3        3        4        9        4        4        9       10        1       14        6        6        7        8        7        9       13
        6       11        8       10       14       12        9        9        7       13       13       13        9       13       19       21       10       16       17       19
       20       21       19       22       12       18       17       15       12       17       25       19       21       16       17       16       23       17       15       18
       16       19       16       14       12       18        5        7       15        9        9       16       17       13        8        8       11        6       13        6
        5        5        9       11        9        6        6        2        4        8        3        4        5        6        5        4        7        3        8        4
        2        4        8        5        7        2        2        7        4        3        7        0        8        6        7       10        9        6        7        6
        8       11       12       13       13       10       15        8       12       16       11        9       15       18       15       22       17       17       15       14
       21       15       10       27       17       17       14       19        9       12       13       18       17       20        9       18       20       13       19       16
       16       13       12       19       19        8       17       14       13       14       12       10       13        6        8       12        7        6        7        3
        8        8        5       11        7        4        6        5        6        2        5        4        8        5        7        4        4        2        3        2
        2        2        4        3        3        6        1        8        4        4        5        2        6        4        5        6        7        5        7        1
       10        9        4        7       12       15       14       14        9       18       19        7       11       13       15       10       11       14       10       18
       17       15       19       15       19       23       16       12       18       20       17       19       12       22       17       15       15       19        9       15
       14       17       10       13       17       14       16       12       13       19       14       11       17       10       13       10        8       12        7        1
       13       12        8        9        8        3        7       10        6       10        6        6        3        2        1        4        3        4        3        0
        7        4        3        7        7        3        3        0        4        5        6        5        8        7        7        6        8        9        5        6
       13        4       12       14        5        8        8       16        7        4       12        8       10       12        7       12        7       11       12       14
        8       21       18       10       17       17       20       15       20       16       14       14        9       17       12       16       11       11       16       19
       17       16        9       11       14       13       14       21       11       12        7       14        9       10        7        7       13       10        6        5
        7        7        3        5        4       11        9        4        9        2        4        4        4        8        3        6        4        6        4        1
        3        1        2        0        3        2        3        7        4        4        3        3        5        5        5        1        4        6       12        7
        6       17        8        8        6       10       10       21        7        9       13        8        7       14       13       13        8       14       11       14
       14       14       17       12       16       24       13       16       11       15       16       12       20       22       13       17       17       12       13        9
       13       19        9       20       10       14        8       19       11        8       16        6        9       13        7        4        8        7        5        6
        3        8        4        5        2        4        9        2        7        6        4        4        5        4        3        8        3        2        7        1
        1        2        5        1        2        3        6        6        3        4        9        5        6        9        5        7        5        7       11        8
        7        7        6       11        8        7        8       11        4        8        8       11       14       14       10       13       14       16        9        8
       11       11       10       14       11       13        9       10       17       21       13       15       12       14       11       16       21       10       12       10
       13        7       10       15        7       14        8        8        9       13       16       11       10       14        5        6        5        8       10        6
        7        8       14        8        4        8        2        4        2        6        3        4        8        3        2        5        2        4        2        5
        3        2        2        3        3        1        3        6        7        3        6        4        4        7       12        3        7        6       13       10
        4        5        5        3        7        8        5        8        6        7        5       13        8        7       10        9       10       13       11       10
       11       12       18       12       13        9       14        9        9       13       13        6       15       10       10       10       13       16       10       12
        8       15       15       13       14        5       13       10        7        7        7        6       13        4        7        3       11        5        4       11
        4        8       10        6        8        4        5        6        3        8        9        3        4        3        3        2        6        3        3        2
        5        2        2        4        5        5        3        7        3        3        5       10        3        3        7        3        6        5        4        1
        5        7        7        6        6        4       17       11       11        8        7       11        8        3       18       11        8        9       12        7
       15        8       16       11       12       14       13       13       14       10       12       11       12       12       17        8        8        5       15        7
       18        9        9        9       11        3       13        8       14        5       12        4        9       12       10        9        5        7        8        6
        3        7       10       10        8        5        8        8        2        4        2        5        3        3        2        4        6        7        1        1
        4        5        5        3        3        5        9        3        3        3        9       10        7        6        6        3       10        3        5       12
        6        4        7        8        5        5        7        9       16        7       12        6       14       12       11       10       11        2       10       10
       10        7        9       15        9       18       13       11        8       18       14        8       13        7       10        7       13        7       15        4
       13        5       14       12        2        4        6        9        2        7        6        6        7       10       12        6        9        7        8        8
        8        5        4       10        1        6        4        4        7        1        4        6        2        7        1        1        3        3        0        3
        5        3        5        0        2        4        3        0        6        5        6        6        6        3        3        4        6        9        6        8
       12       10        5        5        7        7        4       13        2       12        6        6        7       11       12       14        7        8        9        6
       10        9       13        7       10        7       11        6       11       10        8       10       13       13       10       13        9        8       16        5
        8        7       12        6       11       11        7        6        6        6        8        8        9        9        5        3        6        4        4        9
        7        3        1        5        5        1       10        5        5        6        5        1        5        8        2        5        5        2        3        1
        1        5        3        1        3        2        3        4        1        2        1        8        4        6       10        4        2       10        9        7
        8        9        5        8       11        4        9        5        8        8        7        6       10        7       11        5       10       11       10        9
        7        9       10        5       12       13       14        7       11        5        9       14       11        6       14       13        5        9       11        9
       10        4        7        3        6        9        3        6       11       10        8       10        5        7        6        4        6        6       10        6
        4        4        8        4        8        4        3        2        7        3        3        5        7        3        5        5        6        2        1        0
        5        1        5        5        2        2        4        6        5        2        8        6        2       11        5        7        6        8        6        4
        1       12        7        5        1        7        8        8        5        5        9        5        9        7        8        5       12        3        7        5
        8        8        8       13        5        9        9        4        5        3       13        8        8       12       11        8        6        8        8        6
       10       11        2       11       10        8        8        4        4       10       14        9        7        8        3        5        4        2        5        7
        5        4        4        4        1        5        4        4        3        6        2        2        8        5        4        1        2        5        0        0
        4        2        4        2        3        2        3        4        8        3        3        3        7        8        5        3        8        3        4        3
        4        2        7        3        7        5        7        7        6       10        5        3       12        4        6       11        8        7        8        4
       10       11        8       17       11       10       10        6        7        5        8        9        8       14       10        7        5        8       13        7
        6        8       12        5        8       10        6        7        4        8        5        8        4        8        5        5        5        7        3        4
        2        7        6        6        5        1        5       10        8        4        2        5        0        3        3        3        3        3        2        2
        3        2        0        1        2        2        5        2        2        7        2        5        4        1        3        5        3        6        0        6
        5        5        3        7        6        7        6        5        2        7        8        6        7        5       10        5        7        5        7        3
        8        8       10       11        4        7        8        7        6       11        7       10        9       11        4       13        6       10        6        8
        6        4       10        9        5        4        6        8       12        6        6        7        4        8        1        1        6        8        7        3
        3        1        1        6        6        2        4        2        6        5        2        1        7        0        2        0        4        3        5        2
        6        6        4        2        2        7        1        3        3        3        6        7        5        1        5        1        7        5        3        5
        3        5        6        3        3        5        6        9        7        5        1        6        9        3        8        6        9        4       12        8
        3        8        5       10        5       12        4        3       12       11        8       17        6       11        5       12        7       13        6        4
        5        7        9        8        4        8        5        5        7        4        5        3        3        2       12        7        6        2        7        6
        6        2        2        4        5        3        2        0        3        1        1        1        6        1        4        4        4        4        3        3
        2        2        1        2        0        4        3        3        4        4        2        4        2        1        1        3        7        7        3        3
        7        2        3        2        5        8        4        3        7        8        1        5       12        9        7        7        8        4        6        5
        9        4        6        5        3        4       11       13        8        0        8        7       10        5        7        4        5        4        8        9
        6        4        9        6        6        2       13        1        8        7        4        4        7        5        4        5        4        6        6        8
        4        3        7        3        5        0        5        4        2        4        4        1        2        4        1        1        5        4        0        1
        5        3        1        3        3        5        1        0        3        2        6        6        6        4        1        4        5        7        3        2
        9        7        5        5        3        5        7        6        8        4        7        1       12        5        8        6        7        2        8        9
        8        7        8       12        7        4        7        9        9        7       10        3        5        8        5       14       10        8        7        3
       11       12       10        3        6        9        6       10        5        5        2        8        8        6       16        3        4        6        8       10
        4        3        2        1        3        4        0        6        3        4        2        3        5        3        4        1        2        4        1        2
        6        3        8        2        1        2        1        4        1        2        1        3        5        3        3        5        0        3        6        6
        1        5        7        9       11        4        5        4        6        5        4        7        9        3        7       13        5        6        6        5
       10        5        8       10        5        6        4        5        6        4        6        7        8       11        2        6       11        6       11        9
       13        9        5        2        5        6        6       11        6        6        5        3        9        4        8       11        1        8        5        6
        4        5        3        2        5        1        2        3        4        2        2        2        2        5        0        2        3        4        0        0
        5        5        1        1        1        1        1        6        2        5        5        4        2        3        2        4        3        3        4        6
        3        3        6        1        3        3        2        3        7        8        2        0        4        2        5        8        4        8        9        4
        6        8        9        9        4        8        5       11        6        5        8        9        9        4        9       13       11        7        9        3
        7        4        7        6        7        3        9        5        5        6        1        8        8        3        4       10        9        6        3       10
        5        2        7        0        7        5        5        1        6        3        2        4        1        3        4        2        6        1        6        2
        4        3        2        3        2        2        1        6        2        6        2        3        2        2        3        4        5        2        2        6
        6        4        3        5        1        7        4        2        5        3        5        1       11       10        8        6        8        6        5        2
        9        9        4        5        3        6        8        8        3        8        7        4        8        3       11        8        5        3        2        5
        4        6        7        4        5        8       10        4        7        3        4        9        5        1        2       10        2        9        8        2
        3       10        7        1        5        3        3        7        1        4        3        4        2        2        3        3        2        5        1        4
        0        2        4        2        1        2        2        4        5        4        2        4        5        3        5        4        4        8        4        4
        5        3        5        1        7        6        7        3        8        5        1        5        8        7        7        3        3        6        5        6
        8        4        4        6        3        9        7        9        4        8        4        2        7        7        7        5        5        4        4       13
        3        5        4        6        6        8        4        6        3        6        4        7        6        7        7        4        8        8        8        4
        2        2        7        2        4        3        2        1        3        0        2        6        3        3        2        1        0        4        3        2
