        2        0        5        2        3        1        4        7        3        2        3        0        4        1        3        2        2        0        1        3
        5        4        0        3        6        1        7        2        2        7        3        7        5        3        5        3        8        5        3        4
        5        5        7       10        7        9        5        4        5        6        6        5        8        5        5        4        4        3        2        4
        6        6       10        4        6        9        5        5        2        6       11        3        2        3        9        4        3        7        6        1
        2        2        1        4        1        6        4        2        3        2        2        3        1        1        2        3        3        2        3        5
        2        1        3        2        1        2        0        2        5        3        3        5        4        2        0        6        2        5        5        6
        5        7        3        1        5        4        7        5        7        6        9        6        4        8        8        4        8        6        6        9
        6        2        3        9        5        5        5        8       10       12        9        0        3        8        4        8        5       10        7        7
        4        3        7        6       14        7        8        8       12        7        4        0        5        3        5        1        3        8        7        5
        5        2        1        5        8        2        2        0        3        7        2        2        1        4        4        3        3        3        3        0
        3        0        3        2        1        2        4        4        2        2        3        2        1        1        3        2        4        7        0        1
        4        2        4        6        3        9        5        3        6       10        7        7        4        7        8        3        7        4        4       12
        8        8       10        7        8        9        9        7       10        2        2        6        9        5        7        4        6        5        2        7
        6        4        5        4        2        4        2        5        5        4        2        8       10        6        8        2        3        4        2        1
        2        4        4        3        2        1        4        5        5        4        4        2        4        2        2        5        6        4        2        3
        1        4        5        2        4        6        1        3        2        4        2        4        1        3        1        8        7        5        4        4
        8        3        1        3        3        4        3        6        6        5        6        7        5        9        4        4        5        8        4       11
        6        8        6        4        7       16        6        6        7        8        5        5        4        5        5        4       10        5        4        4
        8        6        8        6        4        4       13        2        4        2        4       12        2       11        3        4        6        6        3        0
        3        4        8        7        2        5        3        4        1        4        2        1        3        3        3        2        2        3        6        2
        1        2        6        1        1        3        4        3        2        6        2        7        7        1        4        2        5        6        3        7
        6        5       10        2        8        4        7        9        5       10       11        5        5       12        4        2        3        4        8       17
        9        8        3        7        7        6        2       11       12        5       10        6        2       10        4        3       14        5        6        8
        4        8        3        6        3        9        5        5        7        8       13        4        4        7        4       10        6        4        2        6
        5        3        1        5        5        2        1        2        6        4        4        2        1        1        3        7        0        1        4        2
        0        0        1        1        3        2        4        3        5        4        5        5        4        3        4        2        3        3        3        4
        3        9        3        5        5        3        7        5        7        4        7        7       13        8        4        7        2        8        5       12
        7       10       12       13        3        6        7       14        6        3        6       12        9        4       10        6        2       10        9        3
        8        4        3        7        4        5        5        6        4        4        8        6        2        8       13        5        1        5        3        8
        4        8        3        6        4        1        2        5        6        3        6        3        2        3        3        5        2        4        2        6
        0        1        2        2        5        1        2        5        7        3        2        6        9        6        3        3        1        9        4        5
        9        3        6        5        6        7        5        9       10        4        3        4       10        6       10        8        4        7        9        6
        6        8        4        8       13        8        6        7        8        8       16        9        8        7        3        6        9        7        5        8
       10        6       11       10       10        7       10        7        9        6        5       12        6        6        6        7        5       12        5        5
        3        4        5        4        3        8        3        4        6        3        3        2        5        1        1        2        2        1        4        2
        1        2        0        1        5        2        8        7        4        3        5        4        2        2        9        3        8        4        8        2
        4        5        9        3        3        5        7        6        8        4        2        5       11        9        4        6        5        9       10        6
        5        8        6       13        4       11        6       11       10       12        5        7        5        6        7       11       10        4       11       10
        8        5        7        6        7        6        8        4        8        9        5        4        6        3        5       13        4        8        9        3
        1        2        3        5        2        6        6        6        5        7        2        2        4        4        2        4        3        3        1        1
        4        2        3        3        0        3        2        7        4        6        1        4        5        5        8        4        5        4        6        8
        5        4        5        3        3        7        4        9        7        2       10        6        3        6       11       10        5        7        4        8
        1       12       10       10       10        7       11       12        7        8       10        8       11        9        9        9        5       12       10        7
        9       11       12        7       14       10        9        6        5       13        4        5        5        7        6       10        5       10        2        1
        5        3        6        6        6        4        2        5        7        6        5        6        4        1        3        0        5        4        4        5
        1        3        1        3        8        4        3        4        4        4        5        1        5        8        6        5        4        4        7        6
        6        1        1        8        5        9        7       10       10        4        5        8        8       10        6        8       11        9        8        6
        3       12        3        8        8        5        6       12       10       11        9       11        3        6        6        9        3       15       14        8
       11        9        2       12        3        5        8        5        6        5        7        3        7       10        4        4        2        6        6        3
        3        9        7        6        3        7        4        3        1        3        1        3        4        7        5        2        0        6        5        3
        1        4        5        3        2        4        3        4        2        3        3        2        3        5        3        2        4       10        6        4
        9        5        9        3        8        9        5        4        8       13        3        5        7        4        6        8       12        9       10       14
        7       21        9       12       11       15       13        5       11        8        9       14       10       14       10        9       11       13        8        8
       15        8        9        7        9        5       12       11       13       11        7        8        7       11        8        8        7        4        9        8
        4        8        4        4        1        7        7        3        6        3        6        1        4        5        5        3        0        5        1        4
        6        2        3        1        3        2        1        4        2        4        2        5        3       14       13        3        9        6        8        7
        7        9        8        6        6        5        6        3        7        6       10        4        8        9        5        8        7       11       12       13
        4        5       14        5        9       10        9        7       11       13       10       16        9       10       14       12       13        9       11       10
        6       12        9        9       11       11        7        6       11        9        5        9        5        8        5        5        6        5        5        3
       10        6        4        4        3        4        5        6        3        1        3        3        4        6        5        4        2        3        4        8
        1        4        1        4        2        2        2        6        8        5        3        3        2        4        8        5        8        5        6        3
        5        6        3       11        5        5        5        4        8        9       18        5       13       11        7        7       12       10       15        6
       12       10       12       11       17       11       19       18        9       11       17       14       11        9       18        7       16        8        7        6
       10       10        8        6        9       10        7        4        6        6        6        7       13        3        6        3        7        5        8        7
        6        6        3        6        4        4        4        7        9        5        6        4        5        3        6        0        3        3        3        2
        2        3        0        3        5        9        6        7        4        3        4       10        1        3        6        9        7        4        8        3
        3        4        6        7        6        6       12       10       10        6        7        6        2        6        4        8        9       14       20       16
       12       11       10       15       12        7       10       17       12       12       16        7        8        8       16       15       12       10       21        9
        7        8        7       22        9        9        9       11       13       14       11        5       11       17        6       14       11        3        7        2
       10        6        6        3        6        3        5        6        2        0        5        4        6        2        6        3        2        3        4        3
        2        4        9        1        1        3        4        7        3        3        6        9        8       12        7        6        7        5       12        7
        4        5        4        7        2        4        5       11        7        5       14        9       12       13        8       11       15       10       11       12
        9        8       21       13       12       13       19       14       10       18       17       11       17       13       13       24        9       13       14        7
       10       11        9       12        5        7        4       12       13       23       12        5        4        9        5       10        2       11       10        7
        7        5        7        6        9        6       10        2        4        8        3        3        4        6        4        7        1        2        5        0
        2        4        2        2        1        4        5        4        8        2        2        4        4        8        3        4        7        9        4        4
        6       10        6        8        5        8        5        7        9        9        5       12        9       12        9        4       16       10       19       13
       12       13       12       13       18       12        8       15       19       16        9       11       13       17       18       14       14       13       10        7
       22       14       12       13       13       15       16        8       14        5       10       11       10        8        9       13        9        8        8       11
        9        3        7        5        5        5        7        2        2        4        6        7        9        3        2        1        4        2        3        1
        4        7        6        1        6        3        3        1        6        3        4        4        7        4        8        3        5        5       13        3
        6       10       11       15        6        7        8       10        9       12       12       10       14       18       20       14       12       13       12       14
       18       12       14       15       16       18       20       16       15       20       16       14       10       11       22       14       24       17       15       15
       16       19       11       11       11        6       17       20       18       10       11        8        6        7       14        9        8        9       10        9
        5        6        7        9        9        8        6        3        1        8        6        0        4        7        6        5        2        5        6        4
        0        4        1        5        4        4        3        5        5        4        8        4        1        3        5        4        6       11        9        4
        7        8        7        9        3        8       10        8       16       11        7       12       14       15       11       16       11       13       11       16
       18       12       10       18       22       14       18       16       15       14       17       16       19       15       10       10       18       22       15        9
       12       10       13       12        7        8       17       16       10        7       10        8       15        8        5        7        9       15       11        5
        8        4       12        5        8        5        7        6        6        6        2        9        6        6        7        4        2        2        6        1
        3        3        4        1        3        8        8        8        4        8        7        2        7        4        8        2        2        5        9       13
        7        9        9       14       15        9        5        7       11       10        9       12        7       15       13        9       16       14       18       13
       10       12       17        6       14       19       20       27       12       11       20       20       11       23       11       14       24       18       22       23
       16       21       10       18       12       19       14       13       15        5       14       18       13        7        8       12       12       10        6        8
        4        9        3        5        8        8        5        4        3        7       11        4        5        0        5        5        2        5        5        6
        2        1        3        2        2        7        3        7        3        4        6        6        8        8       13        4        0       10        4        6
       11       13        9       12        8        2       12       11       12       14       11       10       15       10        6       15       14       12       16       14
       25       11       19       21       18       20       25       23       19       20       25       11       21       17       25       26       17       24        8       18
       13       18       19       19       20       17        9       13       21        8       10       16       11       16        9       11        8        7        5       15
        5       10        6        5       14        3        6        7        5        7        3        4        6        2        2        5        5        2        2        1
        6        2        5        4        3        4        5        6        3        6        7        4        7        6        9        5        7        4        6        8
       10        8        7        8        6        8       16       12       13       15       14       16       18       16       21       13       23       21       15       11
       16       20       17       17       20       23       18       21       24       27       21       16       12       26       15       19       13       16       16       16
       14       16       15       17       13       11       13       13        8       15       12       11       13       11        9        7       11       13        8        6
       16       10        4        9        6        6        7        8        7        3        5        5        3        9        5        2        3        3        2        6
        2        2        7        7        3        5        3        6       10        6        8        7        7        2        8        6        7        8        8        5
       10       10        9       13       12        8       11        7       15       15       14       13       11       13       20       18        7       12       19       21
       25       16       18       17       23       22       22       24       17       22       22       20       11       12       17       26       17       10       20       13
       17       33       12       16        9       21       14       14       11        9       19       15       14       12        6       14        9        9        8        9
       16        9       10        4        8        8        4        6       13        5        5        6       11        6        6        3        2        2        2        7
        7        4        5        3        1        3        4        1        4        4        8        5        5        2        7       11        8        2       12       11
        8       12        8        8       15       12        9       21       13       11       10       20       15        8       14       21       20       17       21       23
       17       27       18       22       21       17       26       21       20       32       28       22       10       18       35       17       27       23       25       27
       14       21       12       11       14       14       20       15       13       11       14       15       12        6       12       16       10       13        7        8
       11       12        6        3        4       10        6        6        6        5        5        5        5        3        5       10        6        3        5        5
        5        5        4        1        3        3        7        9        3        7        6       10        8       11        6       12        9        1        4        5
       12       15       11       14       13       22       14       15       13       11        9       18       31       17       14       19       11       19       20       24
       20       23       12       25       16       23       20       30       24       22       24       25       14       22       22       21       21       20       18       23
       19       15       12       27       21       14       17       17       11       14       14        8       12        9       13       11       10        4       14       12
        9       13       10        7       12        8        9        6        5        8        3        8        7        4        5        5        6        6        7        2
        5        3       10        6        6        3        7        7        4        6        7        6        9        8        2       10       12       12        9       13
        8       11       10        9       17        8        5       17       15       10       10       13       15       19       17       20       21       25       16       30
       21       24       27       16       21       31       30       22       27       23       28       23       21       39       21       37       19       29       25       27
       22       22       22       18       14       14       14       15       27       17       21       14       14       10       20       10       17        8       10       11
       10       13        6       10        7        8       12        5        5        7        5        5        5        6        8        4        7        2        4        4
        5        4        1        7       11        1        6        3        3        5        7        7        7        8        7       11       10       12        5        7
        7       15        7        7       20        8       16       19       14       14       15       18       13       19       22       19       20       17       21       30
       20       23       25       25       15       18       29       33       23       24       26       30       29       24       25       32       23       29       29       20
       20       26       20       24       17       21       16       17       13       16       16        8       13       15       15       13       16        4        9        8
        6        9        6        6       11       12        1        2        8       10        8        6        6        2        4        4        1        3        6        3
        3        7        7        5        8        1       10        8        6        4        9       12       12        4        4        6        8       10        8        7
       11        5        9       16       16       13       11       19       17       14       19       24       19       20       26       26       20       29       24       27
       29       32       31       25       21       27       29       25       38       40       39       27       28       27       27       28       37       34       28       18
       20       20       18       25       23       17       17       19       20       21       15       18       13       21       21        9       13        8       19       15
        8       16        8        9        8        9        2       10        8        8        7        5        6       11        8        4        1        5        4        3
        6        1        5        4        5        9        6        8        8       12        4        7        8        6       12        7       10        7       11        9
       11       10       14       16       16       18       20       16       16       14       18       27       26       21       22       32       28       21       25       25
       23       28       32       35       29       45       26       28       32       37       33       51       41       39       42       23       29       31       24       25
       27       19       13       18       19       16       23       17       14       22       27       14       21       20       29        9        9       15       13        6
        6        8        8        6        9        5       10        6        4        6        7        7        7        8       11        6        5        6        6        5
        6        6       11        6        5        5        6        3        8        9        1        8        9        5        6        6        5        7       15       15
       11       17       13       25       14       12       25       16       11       17       13       20       20       27       22       26       24       31       44       32
       31       28       35       43       38       40       34       35       36       29       38       41       32       41       38       42       39       30       24       21
       42       28       22       20       28       23       24       22       19       23       21       16       18       18       18       26       16       11        9       14
        7        9       18       10        7        2        9        6        6        4        6        6        9        9        3        6        6        6        2        5
        6        6        1        7        4        5        7        5        8        5        5        9       13        9        9        5        4       10       15       15
       11       21       12       13       16       15       16       17        9       18       14       24       19       31       27       22       31       33       24       31
       36       36       42       34       40       41       38       35       37       50       49       44       59       36       37       27       43       43       19       29
       34       22       29       30       23       23       21       23       19       20       26       23       17       14       21       12       12        9       12       11
        9        8       11        8       17       10       12        4        3        8        5        6        9        7        6       14        4        7        5        2
        4        3        6        6        4        5        3        4        4        6        5        4       15        6        9        7       10        4       18       11
       10        9       13       13       11       17       12       12       19       16       23       21       30       29       21       27       29       38       43       39
       26       30       36       49       46       50       44       45       37       48       41       55       51       40       58       46       43       43       29       47
       30       34       35       30       26       19       33       19       19       18       18       16       22       10       19       15        7       12       12       13
        9       12        7        9       11       11        5        6       10        5        7        4        9        7        5        5        5       10        8        8
        1        6        7        5        4        4        5        8        6        8       11        8       10        9        8       10        8        6       17       16
       26       12       15       16       10       11       18       24       25       22       26       23       39       24       29       36       34       29       39       46
       34       36       36       34       46       38       42       47       37       49       56       64       52       46       47       49       37       50       39       37
       40       38       17       46       37       29       25       23       16       23       18       17       22       21       19       16        8       13       16        6
        5       13        5       18        8       16        5        6        4        4        8        4        4       10        7       16        2       11        3        9
        2       14        3        7        3        3        7        3        9       11        7        8        4       10       11       10       12       11       11        9
        9       11       17       16       19       20       24       19       29       25       29       21       29       21       29       33       36       35       49       46
       41       61       56       49       55       44       48       49       39       62       67       53       51       48       55       51       42       58       43       30
       37       31       32       23       30       31       41       34       24       27       18       15       15       12       20       22       16       13        8       13
       17       10       16       11        9        6       12       12        5       15        5        4        5        2        4        6       10        5        4        5
        4        7        3        1        7        4        6       10        5        7        6        8        5        6        8        9       11       17       12       15
       16       20       10       20       20       14       15       24       25       26       34       34       31       26       27       33       45       40       38       45
       43       39       52       47       61       70       57       57       55       55       67       64       59       69       65       57       49       59       51       55
       58       38       30       35       32       27       41       29       34       28       25       27       16       24       22       18       16       13        9       13
       14        7       10       10       12       14        2       10        4        6        5        6        5       12        8        7        9        8        6        5
        3        7       11        6        9        6        7        7        5        8        6       12        7       12       14        6       11        9        6        9
       13       13       14       17       12       19       21       21       26       27       23       25       42       32       34       39       47       51       52       42
       62       58       61       48       70       57       73       65       76       69       75       62       64       78       65       65       53       58       62       53
       59       36       38       37       28       31       30       39       29       29       27       28       22       12       20       18       13       18       12       12
       16       11       10       12       13       12        9       15       11        9        8       12        8        1        5       12        8        6        5        4
        4        3        4        8        5        5        4        3        6        6        8       13       12       11        8       13       12        7       17       10
       21       12       14       17       20       22       21       23       34       23       35       30       31       36       34       35       33       53       50       35
       53       71       55       56       51       70       72       65       72       69       72       59       86       90       78       61       58       50       64       63
       54       34       43       28       31       37       39       37       32       21       23       17       25       15       17       16       24       19       14       18
       15       17       15       12       10        9       13       11        8        5        5        8        5        5        9        6        9        2        5        3
        5        4        6        5        2        5        5        7        5        9        7        5        8        6       15        9       15       12       11       17
       12       12       11       20       21       19       23       13       27       33       33       35       32       39       38       39       35       48       52       46
       54       51       67       70       73       85       75       87      102       96       97       84       87       94       94       88       71       71       74       66
       51       42       54       41       36       27       31       33       27       32       27       25       24       32       18       26       27       14       12       10
       11       13        9       11        9       13        5        9        8       10        7        3        9        5        4        8       11        8        6        2
        2        7        5        6        4        9        6        6        8        5        6        3        9       10       11       15        7       12       13       20
       14       18       16       15       18       31       24       26       30       28       33       31       35       29       44       38       40       53       60       46
       52       70       82       82       73       69       80       90       97       95      109       96       94       75       96       82       71       75       64       45
       49       52       76       49       51       50       42       48       30       31       26       30       26       29       26       24       21        9       12       14
       15       16       10       11       13       11        7        8        4        4        7        7        9        2        6        9        4        2        8        6
        5        4        4        8        1        6        8        4        8        4        7       14       11        8       15        8        7       12       16       13
       16       14       11       14       21       17       22       28       18       31       34       31       29       42       46       54       51       48       54       69
       68       71       91       88       95       76      100      113      103      106      111      100       96      111       92       88       84       70       69       65
       65       56       54       43       56       51       37       35       37       28       29       29       32       17       20       28       21       14       12       15
       13       10       14        8       12        4        6        7       13        8        7        9        3        3        5        8        7        6        4        2
        4        4        5        8        6        7        6        8        7        6       12        9        6       11       10       14       23        8       11       11
       12       12       20       25       22       28       17       21       25       33       40       36       40       34       45       36       55       60       63       73
       78       77       82       82      106      121      125      134      138      139      122      118      120      103      119      107      103       85       81       91
       66       66       54       71       53       63       44       42       47       22       37       28       24       31       24       18       21       18       13       16
       11       12       14       11        9       20        9       11        9        6        8       10        7        5       11        8       14        6        4       10
        7        4        8        7        8        7        9        5        4       10        7        8        8        5       10        9       12       13       12       16
       17       19       21       21       27       28       35       25       28       29       35       38       39       45       43       52       48       59       72       79
      107       70      101      112      113      134      142      162      139      144      122      155      145      145      125      119       94       81       90       70
       64       72       51       57       46       56       39       35       40       34       31       32       22        9       18       24       19       22       20       16
       12       10       18       10       12        6       10        3        5       10       15       15        5       12        6       10        7        7        4        2
       12        9        3        5        3        3       12        7        5       11       12        9        4       12       11       17       14       13       15       19
       11       17       17       19       23       27       31       34       24       27       39       34       38       39       69       68       58       59       67       84
       84       85      125      107      149      128      148      159      160      134      153      202      176      175      155      145      129       95       94       96
       58       75       75       44       45       40       46       42       38       27       31       24       32       33       24       18       13       17       11       13
       18       10        9       16       10       10        4        9       15        7        9       11        4        5        6        4        8       11        4        4
        6        8        6        9        5        1        4        8        6        5        9        9        9        8       11        9       18       15       18       16
       18       10       28       21       28       20       27       25       26       30       32       48       34       42       55       59       54       63       78       76
       95      100      131      148      143      164      157      183      184      192      182      192      170      172      151      145      140      118      102       93
       83       79       71       61       54       68       64       35       34       21       44       28       23       25       22       20       24       16       16       21
        8       17       11       22       13       12       19       14        7        9        8        7        8        5       11       10        5       11       11        6
        4        6        3        6        8        7        8        5        7        8       17        8        8        8       13       11       14        6       19       14
       14       27       14       18       27       22       22       32       24       33       33       46       32       52       53       56       56       71       75       81
      100      118      124      162      190      211      197      223      234      292      215      222      203      221      175      163      124      136      106      118
       84       70       64       76       58       48       48       45       54       29       42       39       22       21       25       31       16       13       16       14
       13       17       14       14        6        9       10        8       12        9        6       11        9       12        8        4        6        6        6        4
        7        8        5        5       12        1       11       10       13        8       10       11        7        9       13       14       13       15       21       13
       18       12       22       26       16       21       20       31       25       35       42       40       34       50       58       77       66       60      103      105
      118      100      141      162      187      171      202      259      257      284      289      280      238      219      195      167      150      149      110      100
       79       81       78       72       66       51       53       50       27       37       33       38       21       21       28       23       21       20       16       18
       15       19       22       14       19       15        8       11        7        4       13        2        1        7        6       11        7        8        8        6
        4        5        9       11        8        4        8        7       10        6        7        8       16       12       12       12       19       15       13       13
       15       20       32       23       12       24       21       27       36       37       38       49       41       55       69       74       69       73       89      105
      122      124      160      171      203      233      264      289      370      350      384      364      291      300      232      183      151      160      137      127
       96       80       86       58       60       52       39       48       38       43       31       25       22       31       18       20       26       24       20       10
       18       19        9       21        7        7        8       16       10        9       10        3        6        4        8        8       10        5        6        4
        0       11       11        8        4        9       12       10        8       11       15        7       16        7        9       13       12       16       16       21
       20       18       22       27       30       21       27       34       37       42       33       44       44       74       77       60       83       79       85       90
      133      134      181      178      215      256      318      365      424      470      503      396      379      317      281      208      174      139      156      103
       99      107       80       79       55       55       51       51       49       33       33       39       34       20       19       19       18       29       14       19
       20       17       13       10        8        7        6       10        8       11        5        5        6        7        7        6        2        8        4        8
        7        5       12       13        8       11        4        7        8       12        8        7        7        9        2       10       13       16       25       18
       13       19       23       20       18       20       20       34       33       41       44       50       53       52       46       61      109       91       96       99
      120      154      167      193      213      263      386      439      602      642      708      541      455      339      270      213      175      147      151      117
      101       77       73       75       67       54       65       49       48       27       34       34       32       28       27       25       24       21       17       14
       19       23        6       11       13       12        9       11        7        7        6        9        8        7        6        7        7        4        5       14
        6        5        9        4        5        4        7        6       12        4       11       13        6       12        5        5       18        7       19       14
       22       21       24       24       29       22       24       30       42       41       37       45       46       51       73       69       72       98       87       98
      114      157      202      206      237      311      415      571      791     1250     1183      697      570      369      321      232      186      158      138      102
      118      101       84       61       73       43       51       50       41       44       39       35       32       24       25       16       27       25       14       22
       18        7       19       13       14        9       20       16        8       10        9        7        2        6        6        5        8        6        2        5
        6        5        6        2        4        7        8       11        7        8       11        7        8       18       11       12       19       10       12       18
       16       21       15       18       27       27       22       30       30       34       44       47       43       64       69       86       64       65      118      115
      132      152      191      220      305      359      476      537      920     1704     1684      878      590      395      299      259      189      170      149      102
      114       85       62       69       61       59       72       57       41       38       41       49       34       36       24       17       21       16       18       22
       21       21       19       16       15       14        6        7        7       11       15        4        6        9        7        3        6        5        2        4
        6        5       11        5       11        7       10        5        8       13       12       14        7       15       13       14        7       15       18       14
       20       19       23       16       20       27       26       30       32       35       42       53       46       69       56       62       81       95       84      113
      110      171      171      210      264      329      409      588      787     1092     1115      845      535      370      311      254      187      181      155      104
      111       94       82       73       75       53       59       62       44       33       40       38       33       30       24       25       20       26       17       19
       14       19       10       12       21        7       10       11        6       10        8       12       12       10       14        7        7        4        4        8
        7        6        6        4        7        6        4        8       10        6        4        4        9       18       20       11       25       16       18       18
       33       18       19       21       17       20       28       30       32       45       47       50       43       71       57       65       83       78       85      102
      103      148      182      229      260      307      401      484      570      646      709      550      417      323      314      255      192      158      131      136
       97      104       81       76       64       62       50       39       44       33       42       30       32       34       24       28       18       19       12       10
        9       19       18       19       20       10        8        8       10        9        6       15        7        5        3        4        5        6        4       12
        4        3        6        7        4        7        9        6       10        9       11       13       10       16       21       16        8       14       13       17
       23       13       16       24       15       20       32       25       33       36       41       49       44       52       63       52       97       91       95      128
      134      146      159      186      212      272      309      394      438      498      459      443      353      320      289      213      205      149      123      134
      107       79       86       73       72       70       64       55       57       37       45       32       32       33       22       21       24       10       21       18
       19       18       18       15       13       11       10       10       14        7        6        7        5        9        4        6        7        6        8        3
        3        4        7        9       11        5        9        8        7        6        8        7       10        6       11       14       10       11       16       21
       15       15       22       24       19       27       18       34       30       23       48       42       35       53       68       57       71       70       92       99
      140      150      147      187      181      243      218      309      336      358      343      378      311      241      235      206      172      162      135      115
       91       94       60       75       62       60       59       59       43       40       39       34       28       26       24       29       22       14       21       22
        9       19       13       15       15        7        9       14        7        9        9        9        5        4        2        8        1        6        6        5
        6        4        1        9        4        9        6        9        7        9       10       10        8       12       18       11       17       22       13        9
       14       14       19       17       20       17       28       30       31       33       28       33       44       40       58       72       72       68      101       85
      135      127      118      156      201      219      244      250      280      260      232      249      248      238      213      183      180      110      124      117
       98       95       69       74       66       59       35       54       37       37       37       32       32       24       19       16       14       20       15       18
       14       17       17        8        4        6       12       15        8        6       10        5        9       12        6        5        6        5        8        6
        6        3        4        7        7        6        4       12        6       12        8       17        7       10       12       14       16       13       13       19
       15       18       15       17       26       25       30       24       17       39       36       51       30       51       66       59       52       82       95      105
       97      104      117      161      176      174      210      225      243      222      248      224      225      159      209      176      154      138      118      100
       82       67       75       75       77       58       50       37       37       40       42       37       16       24       28       29       21       20       15       11
       14       15       14       13       17       10       12        8        8       13       13        6        9        9        3        6        6        7        7        7
        3        4        7        5        5        8       10       11       10       12        8        5        9       11        6       10       17        8       16        9
       16       13       13       15       25       26       30       36       31       38       42       40       34       39       60       68       70       70       66       87
      100      112      108      119      162      137      175      192      189      182      203      168      182      192      149      138      145       99      121       86
       74       75       73       67       49       64       46       32       40       33       35       36       28       25       22       10       12       18       27       22
       18       17       17       14       10       12        9        5       12       11        7        4       10        3        7        7        7        4        4        6
        5        2        2        9        5        4        6        5        6       12        5       13       12        6        6        9       11       12       14       19
       18       22       18       16       32       28       31       24       34       37       39       37       42       42       47       65       80       54       77       86
       97       97      116      103      112      121      142      171      169      171      181      185      124      154      147      138      101      108       84       59
      102       71       63       52       48       41       56       35       36       39       33       36       25       21       20       23       32       16       26       15
       17       18       10        8       15       10        9       10        9        9        3        9       11        5        6        7        7        8        5       11
        2        3        7       10        1        5       10        7        6        5        7        7       13        8       11       11       16        7       17        8
       17       19       25       14       25       20       22       32       35       29       34       52       47       48       37       56       66       61       66       71
       74       82       97      102      118      114      112      145      144      161      146      151      144      124      152      112      101       85       81       84
       66       59       45       58       43       54       46       38       38       35       29       27       32       24       30       22       17       29       12       15
       14       10       16       13       13       13       11        9        8        8        9        4        2        6        4        9        3        6        4        5
        4        3        4        2        6        3        7        8        8        3       10        3       13       10       17        7       14       12       12       12
       13       17       10       16       18       21       25       28       37       21       34       30       29       52       45       40       57       65       67       73
       64       74       94       98      109       91      105      119      129      114      141      121      111      124       90       93      100      111       92       61
       48       50       52       56       52       55       37       34       39       36       35       41       32       28       18       17       11       28       16       18
       22        9       15       12       14        7        7        9        9        9       11        9        5        9       12        5        5        3        5        5
        3        5        9        3       10        1        7        5        9       15       10        6       10        7       13        8       12       16       17       17
       19       10       16       17       19       20       15       25       27       28       37       31       39       32       44       59       47       43       70       58
       79       73       68      101      102       88      114       92       99      119      110      112       96       88      109       98       65       79       87       63
       64       60       42       46       43       43       36       29       32       42       43       29       42       20       22       19       25       18        5       13
       12       14       13        6       19       11       12        7       10        6        6        4       11        5        7        6        2        4        8        6
        5        0        5        7        4        4        4        2        4        4       10       13       14        8        8        9       11       10       11       10
       16       17       17       27       18       17       22       19       28       28       25       36       27       42       39       35       36       63       47       50
       60       65       77       90       70       82       95       97       93       81       94      100      105      102       93       69       74       71       76       70
       61       50       63       35       46       40       38       40       32       44       25       18       22       26       19       15       19       23       15       19
       22       13       12       13       19       10        9        5        4        7        5        6        5        8        7        5       11        3        7        6
        6        1        2        8        6        2        6        3        6        4        7        9       12        5       12        7       15       15       11        3
       16       16       14       17       17       16       27       24       21       25       30       32       44       45       45       37       47       35       53       44
       55       74       61       60       83       68       89       83       75       87       89       70       94       64       79       70       72       76       77       57
       54       44       46       43       27       38       40       30       36       20       23       22       27       22       21       20       18       10       23       12
       12       14        7       13        8        4        8       11        7       10        7        6       10       10        6       10        7        7        1        2
        2        4        5        5        4        7        7       10        7       13       10       14        9        9       11        8        8       15       14       11
       11       15       12       17       19       14       22       25       22       24       33       36       20       43       35       41       40       52       51       53
       45       52       66       64       60       55       66       88       71       60       66       56       71       70       72       74       56       54       64       47
       38       46       46       39       38       49       34       32       26       29       26       23       21       16       16       17       19       18       14       10
       16        9       13       14        6       10        4        7        8        8        4        6        8        6        5        7        2        5        3        5
        5        5        8        4        8        6        9        7        5        6       11        4       12       10       14       11       17        7       15        7
       11       14        7       19       16       21       23       25       15       20       33       23       28       32       36       29       52       41       67       51
       48       46       42       66       44       57       65       49       76       64       58       59       63       69       76       52       58       55       45       51
       55       39       43       28       36       42       48       34       31       22       23       32       19       12       15       18       22       18       15       10
       11       16        9       14        9        7       10        8       12        7        7        3        6        8        3        3        7        6        8        5
        3        4        5        5        7        6        9        7        3        5        7       15        7        7       12       15        5       18        5       11
       15       14       15       13       19       10       17       19       26       23       23       19       33       31       38       40       30       54       45       41
       44       57       59       50       46       47       61       55       66       47       57       54       62       47       65       72       56       36       37       27
       52       30       35       32       33       38       36       31       24       24       28       28       14       24       15       19       18       18       13       12
       11        7       12       12       10       10        8        7       15        9        5        6        4       13        3        7        7        2        1        5
        4        4        4        5        7        6        6        9       10        6        6        4       11        8        9        7        3        9       13       12
       14        9       17       18       30       21       14       22       32       18       20       26       36       34       39       28       36       28       48       45
       41       39       39       53       47       47       53       44       52       67       61       59       56       51       38       57       61       44       41       47
       43       39       40       31       32       21       24       25       23       23       24       25       21       16       19       14       23       15       15       11
       18        7       10        3        6        5       10        6        7       12        9        6        4        8       11        9        7        3        8        3
        6        7        6        3        8        2        8        6        5       10        7       12       12       14        8       12       12        9       10       12
       11       19       21       19       17       11        9       23       24       18       21       24       30       32       21       38       43       33       40       31
       33       48       32       39       49       42       46       40       37       49       38       56       53       46       44       40       53       51       44       31
       30       40       25       33       31       34       26       24       26       26       23       21       13       20       16       23        5       16        4       15
       10        6       10       12        4       10        8        7       11       13        3        1        7        7        5        9        1        5        5        3
        3        8        4        6        1        7       10        1        5        4        8       10       11        8       10       12       10       11       11       12
       14       14       12       17       23       20       16       13       19       25       21       18       23       31       33       25       28       37       38       38
       42       40       36       26       52       47       46       44       54       38       47       38       34       33       35       46       38       30       32       34
       31       38       36       30       25       20       26       19       17       19       21       18       19       22       14       15       23        6        8       12
       12       11        8        7       16        6        7        6        5        3        8        7        7        7       14        6        4        7        6        1
        7        4        3        8        3        5        8       12       11        9        5        5        8       12        7       13       11        8        6       17
       10       10       14       15       14       23       17       13       19       15       26       27       23       29       25       33       21       26       21       41
       26       30       36       32       47       37       41       30       43       41       38       44       36       29       57       27       40       37       37       29
       30       35       35       41       33       33       28       17       21       27       25       26       23       10       14       14       19       11       14        5
       17        8        8       16       11        3        8        3        9        6       10        9        9        4        4       10        4        2        6        4
        3        6        7        6        2        6        4       11        2        6        8        6        9        6        6        9        9       10        9        5
        9       11       11       15       10       15        8       19       20       22       15       24       37       21       22       30       32       29       23       31
       28       33       40       33       44       21       39       27       44       32       47       43       35       32       29       33       42       49       33       38
       26       29       25       23       21       30       23       21       16       23       17       23       13       23       20       16       17       15        8       10
       15        7        7       14        7        9        9        6        8       11        4        4        6        6        8        8        5        4        6        2
        5        2        9        8        7        1        2        5        5        7        6        8        7        9        8       12        8       10       14       19
        9       13        8       10       13       15       19       15       16       18       12       20       24       18       29       25       23       21       27       24
       15       27       42       30       25       37       33       32       49       41       49       38       32       39       24       34       23       19       34       42
       29       19       24       31       19       15       19       24       24       18       19       13       20       12        9       19       11        8       11        7
       14        7       10       11        9        9       14       10        3        9        8        7        3        9        4        8        7        2        5        2
        1        1        8        5       10        6        9        6        5        5        3        5       11        3       12        5       12        9        9        9
       10       15        9       13       12       15       13       14       21       17       19       20       26       22       14       20       12       23       27       30
       20       40       23       30       32       27       33       23       28       29       31       25       31       25       32       27       25       34       22       29
       29       28       16       19       23       22       24       17       15       18       15       15       11       21       16       16       13       15       14       11
       10        6       10       11       11       10        4        7        8        7       12        8        7        4        4        6        2        4        8        2
        6        3        3        3        6        8        3        4        5       11       11        7        4       14        9        6        7       10       11       13
        7       13       11       14       12       15       14        8       15       19       15       16       21       21       26       25       23       22       29       23
       22       29       19       31       26       29       34       28       28       36       28       22       35       29       36       32       27       19       32       29
       22       25       21       28       20       15       22        9       18       14       14       19       14       11       17       10       11       12       11        5
        5       10        5       11        9        9       15        5        4        9        5        2        9        6        4        4        4        3        8        3
        7        5        4        6        4        5        7        2        4        8        1        4        5        3        5        8        6        6       17       17
       12        5       15       13        9       12       16        8       13       15       16       14       20       25       16       20       16       29       17       40
       26       27       25       19       24       31       25       31       31       36       28       39       32       30       26       34       19       20       24       15
       21       27       21       23       24       15       14       14       11       20       14       10       16       21       21        9        6       10       13       12
       13        8        9        8        8        6       10        6        4        6        7        4        3        3        2        7        7        3        4        2
        5        9        3        6        1       10        1        2        6        8        6        8       12        5        5        8       11       12       11       17
       10       12        9       14        5       16       14        4       16       14       20       17       13       15       19       23       19       21       31       18
       28       19       27       18       19       23       23       19       23       37       27       34       37       18       21       31       20       23       20       23
       25       21       21       18       19       17       24       12       11       26       12       18       10       14       16       17       18       14       12       12
       16       10       14       10       12        8        7        4       10        5        5        5        8        6        6        4        7        2        6        2
        3        3        0        5        7        5        8        5       11       20        4        2        9        3        3        8       12       12        6       12
       11       14        8        7       12       12       13       17       13       12       14       13       17       21       17       21       16       23       18       26
       17       23       16       22       16       30       21       26       16       34       27       19       32       22       18       18       17       27       14       24
       16       29       18       16       18       16       13       16       18       15       14       15        9       15       21       11        8        8        9       10
        5        4       12        7        6        9        6        6        6        4        4        3        6        5        4        4        2        7        4        2
        4        1        6        5        3       11        3        1        7        9        8        9        6        2        3        5       12        8       11       10
        7        7       11       15        7        8       15        9       13       12       16       13       15       12       11       19       13       20       28       24
       23       25       20       23       11       30       13       19       19       31       22       18       24       20       28       20       21       18       24       12
       22       12       16       16       21       12       16       15       12       19       15        6        6        7       12        8       10        8       11        4
        7        7       11        3        6        5        4       11       10        5        7        7        1        4        5        3        4        8        1        3
        3        5        8        3        5        2       10        7        4        5        6        4        9       11        6       10        7        6        8        9
        9       12       15        6       12       12        6        9        9        6        7       15       11       16       11       18       19       24       13       18
       17       18       16       32       21       20       16       19       19       16       26       25       25       30       16       22       24       18       14       19
       17       17       17       12       21       12       27        7       18       12       17       13       12        8        8       22       17       10       12       14
        5        7       14        9        6        2        9        6       11        6        7        4        4        4        4        1        4        2        3        4
        5        5        8        6        3        5        0        5        6        4        6        6        8        7        8        5        1        8        8        9
        7        8        7        7       13       15        4       12       13       10       11       13       18       11       18       11       20       18       12       22
       12       13       19       22       24       19       21       22       19       23       19       16       21       27       21       18       15       21       26       15
       19       16       19       11       11       13       19       13       13       15        9        8       14       15       11       13        7       11       10       10
       11        5       11        9        6        8        6        7        3        5        5        4       12        5        7        6        7        8        5        4
        3        4        5        2        9        4        5        8        1        8        8        5        3        8        7       11        5        4        5        9
       13        7        4        3       12       13        7        6       10       16       16        7       11       17       23       20       15       19       12       17
       16       24       24       18       19       15       17       21       21       19       15       20       23       18       17       14       22       13       25       14
       12       11       16        9       12       10       15       18       14       18       11       10       17       16        8       14        9        4       10       11
       15       10       13        6        7       10        8        5        6        8        3        6        6        2        6        7        6        9        1        3
        1        4        1        6        7        6        0        4        7        1        4        4        6        8        3        3       12        4        9        4
        5        7       11       21        8       14        5        6        8       15       14       11        9       16       12       11        7       14       24        9
       11       24       19       19       10       13       16       16       13        9       13       16       13       18       18       16       13       14       10       17
       16        8       11       10       13       12       15       11        7       15       11       16       16        7        7        8        9       10        9        8
        7        6        5        1        8        6        5        1        3        4        5        5        2        5        2        8        1        8        3        4
        2        5        3        3        3        5        3        5        3        4        6        3        2        9        4       10        7        5        5        6
        9        9        4        7        8        7       19       18        6        9        6        9       13       19       16       11       11        9       16       11
       16       10       19       13       10       17       17       19       20       17       15       12       16        9       28       22       22       17        9       19
       14       16       23       20       13       11        9       11       14       17       24       13       10       12        9        8        4       15        7        7
       12        6        4        4       10        5        6        7        4        5        8        2        1        6        7        3        2        1        4        4
        2        4        6        8        3        3        5        4        4        5        8       10        2        5        5        4        5        6        4        8
        8       11        9        9        9        5        3       12        9        8       16       13       12       11        8       13       13       18       13       15
        9       14        9        6       11        6       22       15       17       12       15       12       16       11       12       14       13        7        9        6
       11        8       12        8       10       20       11       16       15       15        9       12        9       13        7        9       12        8        7        4
        7        4        5        7        4        7       11        4        2        5        5        6        4        5        7        2        1        4        3        4
        3        6        3        5        1        3        3        4        4        4        5        3        7        5        8        7       10        7        8        4
        5        3        6        8        7       10        7       14       14       11        2       11        7       16        8       10       14       15       18       12
       14       12       14        8       16       16       11       18       16       23       11        9       26        8       15       11       14        6       11        9
       12       10       17       15       11        9       16        9       10       13        9       11        5       14        8       10       12       11       12        8
        4        8        1        6        5        8        7        3        5        5        5        8        1        3        4        2        2        8        6        5
        2        1        4        4        3        2        3        4        4        6        4        4        4        3        5        6        6        6        1        4
       11        5        5        6        8       15       10        9        6        3        5       12        7        7        7       12       13        7       12       19
       13       14       20        4       11       11       13       11       16       13        8        8       13       10       20        9       10       12        9       15
       14       15        8        8       14        5       13       10        5       13       14        9       11       15       14        6       10       10        9        5
        8        5        8       10        4        8        3        5        5        4        6        3        6        5        6        2        4        6        6        4
        4        4        3        1        4        4        3        2        0        2        3        2        2        7        6        4        7        7        7        9
       10        8        5        8        7        6       13        5        4        8        7       12       12       10        8       12       13       13       10        8
        5       13       14        5       13       24        7       13        9       10       12       14       17       18       14        9       11       14       14       14
       11       16       10       16        8       12       13       10        8       10       15        9        5       11       13       10        4        9       13        7
        4        9       10        5        6        2        4        2        5        4        4        3        5        9        4        3        2        2        2        4
        2        1        5        0        6        7        5        3        6        4        4        3        5        1        3        6        2        1        6        3
        5       11        7        8        8        7        5        7        8       11        8       12        7        8        9       11        7       10        9        7
        9       10       11       14       10        8       12       17       10       13        5       17        8        8        9        8       10       11        9       11
       14       16       11        9       14        4       10        8        6        8        2        7        6        9       15       11        4        6        2        3
        5        6        4        7       11        5        5        5        4        4        2        2        6        1        5        3        8        1        5        0
        0        2        3        4        3        3        3        5        4        5        3       10        4        4        4        6        5        6        5        7
        5        7       15        8        7        8       10        7       12       13        6       10        8        7        6        7        4        8        9        7
        7       12        9        5        9       10       11        9       11        9       10       13       17       11       13        8       14        7        6       13
        8        9       17        4       10       15        9        5       14        6        9        8        3       13        8        5       12        6        8        7
        6        6        6        6        6        4        3        2        4        8        2        1        5        2        5        7        6        3        3        2
        3        3        3        3        4        4        3        3        3        4        8        6        7        5        3        8        7        5        6        7
        1        9        6        7        3        9        4       10        6        8        7        6       10        9       15        7        9        9       13        8
       17        8        7       11       11       14       10       13       14       12       15        8       15        7       10        8       14        9        7       14
        3       10        9       11       10       10        7       11        1        9        8        6        6       11        9        4       13        8        5        2
        3        4        9        4        7        4        3        4        4        4        4        3        2        6        2        2        4        4        2        4
        2        5        2        0        2        3        4        6        1        5        2        9        3        4        4        1        7        5        3        4
        4        3        3        7        9        8        5        9        5        6        4       12        7       11        4        7        7       11       10        9
       11        6       12       13        9       11       10       12       12        8       10       14       10        6       13        9        7       11       11        8
        9       12        4        5       11        7       13        7        6        5        6       11        2        9        5        7       10        6        4        4
       11        5        3        0        7        5        2        4        1        5        4        4        4        4        2        2        2        2        8        3
        2        5        3        2        1        3        2        3        5        8        3        6        8        5        1        7        5        5        4        9
        3        5        4        6        4       11        7        7        6        2        5        6       11        4       19        8       11       10        4        6
       14        8       16       11        9       11       11        8       10        6        9        8        7        9        7       15        8       12       10       11
        4        7        9        6        2        3        5       11        5        8        6        8        5        6        6       10        9        5        1        6
        3        3        3        5        3        6        4        2        7        1        1        4        1        1        2        1        1        7        5        1
        0        3        5        5        3        2        1        4        5        4        3        5        6        2        4        6       11        5        0        8
       10        4        5        3        5        5        7       10        5        3        5        2        3        3        3        8        8        4        8        8
        3       11       10        6        6        7        9       11        7       10       13       13       10        8       12       10       11        3        8        9
       10        8        9        8        9        4        5        4        6        7        6        5        9        7        6       10        5        7       10        7
        6        4        0        5        8        4        5        6        5        7        4        3        1        2        7        5        9       10        3        2
        5        4        2        2        5        1        1        6        2        2        0        2        3        2        4        1        5        6        4        5
        5        8        4        7       13        9        4        7        5        6        5       10        8        7        8        9       13        3        6        7
        4        8        8        9       19       12        5        7       10       11       10        7        7        7        9       11        7       12        6        7
        4        5        9        9        6        3        8        4        5        6       10        4        7        8        1        4        8        4        8        8
        7        6        4        2        5        5        1        3        4        4        5        5        3        1        9        5        2        4        3        1
        2        4        0        4        1        0        2        3        3        4        3        4        3        1        3        6        5        3        7        4
        5        5        2       12        8        8        3        8        1        6        5        4        4        6       10        8        7        7        8       10
       16        6       15       14        8        5        8        6       10        6       10        6       12       15        8        9        3        6        4        9
       11       11       10       11        4        4        1        8        9        5        3        4        9        3       11        6        4        4        3        5
        4       10        5        3        6        4        6        4       10        3        5        6        1        2        2        3        3        1        2        3
        5        3        2        6        2        1        3        5        1        3        5        3        2        1        4        3        7        3        2        5
        6        2       10        7        7        8        2       11        7        1        9        9        6        4        6        6        6       13        8        9
        7        8        4        8        9       13        3        5       15       12        6        7        5        4        5       10        4        7        7        4
        7        8        7        8        3        5        4        3        5        7        7       11       11        4        5        2        2        6        6        4
        6        1        1        1        8        5        5        2        2        5        2        3        3        2        2        0        1        4        2        2
        3        2        3        4        1        2        4        4        3        2        3        3        2        7        2        3        3        5        1        3
        9        4        4        4        4        3        4        5        5        5        3        4        5        6        7        5        7        9        6        6
        7       10        7        4        5        3       10        4        9       11       14        7       11        9        5        7        8        4        4        2
        4        4        4        7        6        6       11        7        7       10       12       10       10        2       10        4        2        3        9        3
        2        6        2        2        3        5        4        3        5        4        3        4        4        2        4        1        5        2        3        2
        1        4        0        4        3        2        3        3        1        3        2        2        0        4        8        4        5        2        5        5
        5        5        2        3        4        8        6        7       11        9        1        1        3        5        5        6        5       11        8        7
        5       10        3        9        8        5       11        4        6        6        6        6        7        8        1        5        4        3        0        8
       11        4        5        5        3        8       10        2        1        6        8        7        1        5        6        3        4        4        5        3
        3        1        1        3        2        4        6        5        3        5        4        4        1        5        1        2        4        3        3        6
        3        5        2        4        2        5        4        3        4        4        1        2        1        0        5        5        3        4        9        1
        2        6        4        6        5        6       10        6        6        5        4        6        4       10        3        3        8        4        9        3
        8        4        7        3        9        4        9        4        2        4        9        8        3        8        3        6        9        7        9        2
        4        2        3        5        8        9        3        5        5        6        5        2        9        4        3        5        7        2        3        3
        4        4        4        4        1        5       12        3        5        6        7        3        1        1        1        4        3        2        2        3
        0        4        1        0        3        3        2        1        3        1        0        1        3        4        3        3        0        6        5        5
        2        1        4        5        4        4        4        4        5        4        2        3        5        7        5        5        5        6        5        4
        7        6        5        2        5       10        4        7        8        3        6        7       10        7        8        9        5        6        5        4
        5        6        6       13        5        6        6        6        8        4        3       12        7        2        3        5        7        9        2        2
        7        1        3        6        3        0        4        6        4        4        1        2        3        2        2        3        1        2        3        3
