        5        2        5        2        3        3        2        6        2        1        3        3        5        4        6        6        3        8        1        5
        5        5        5        2        7        8        4        5        6        3        8        8        7        9        6        6        8        5        3       11
       10        4        7        7        8        8       11        7       12        4        9        5        5        2       10        5        7        5        9        4
        4       12        5        8        1        8        7        6        8        8        5        8        4        2        4        4        5        5        6        2
        1        4        4        5        4        3        2        6        4        3        2        3        3        6        2        7        2        3        3        2
        1        4        5        5        2        2        3        4        2        9        4        1        5        5        6        2        3        3        3        1
        9        6        4        5        3        7        7        8        4        4        3        1        5        5        5        4        5       12        8        7
        6        8       11        6       11        9        8        6        8       11        8       10        7        9        6        8        6        5        7        5
        7        7        5        3        7        6        9        6        6        9        4        8        6        5       12        3        3        1        2        3
        2        5        5        6        4        5        4        6        1        1        3        4        4        4        4        5        4        4        7        6
        3        2        1        3        3        1        8        4        7        3        6        5        3        4        4        3        7        4        3        8
       10        4        7        6       10        8        9        6        3        4       12        6        6        3        9        5        7        7        7        3
       10       12       10       10        9        7       12        5       13        6        6        8        2        3        4        7        6        5        6       13
       11        8        7        7        5        7       10        8        5        3        5        4        2        4        5        3        4        2        5        2
        5        4        6        4        4        6        8        4        3        1        4        7        3        4        4        1        5        2        1        4
        2        1        3        5        4        4        2        4        1        4        9        6        3        3        2        6        2        3        0        5
        4       12        2        2        6        6        4        6        9        5        6        8        6        6       10        8        7        6        8       10
       11       10        9        9        5        6        7        4       12        9       12       10        8        7        9        9        3        5        8       14
        5        6        7        5        9        4        6        3        6       10        4        5       12        6        5       10        4        5       11        5
        2        8        0        1        7        5        3        3        7        6        2        2        2        3        2        4        2        1        1        1
        3        2        4        5        1        7        2        2        6        7        3        4        5        3        4        5        5        1        4        6
        6        1       10        3        5        7       14       11        5        6        6        5        6        9        9        6        6        6        7        8
        9        3        6        8       19        9       13        7       10        8        5        8        8       13        4        6       10        9        3        4
        5        6        7        9        7        5        4        5        5        8        5       11        7        7        3        6        9        7        2        3
        5        6        9        3        5        2        9        4        5        2        3        2        4        5        5        7        1        2        5        4
        3        5        6        6        5        5        5        3        7        5        6        3        4        6        4        6        8        2        5        6
        6        4       12        8        7        4        7        8       13        7        8       10        6       11       12        7        8       10       11        5
       12        7        8        7        8       16        7        8       17       13       13        7       15       10       10        9       10       10        4        5
        9       10        7       12        9        7        6        7        9        5       11       11        9        8        9        8        4        4        3        4
        7        1        3        6        8        8        2        4        7        2        2        8        6        3        5        0        4        2        2        2
        4        3        3        1        2        2        8        5        4        2        7        2        6        4        7        4        5        4        2        4
        4        9        5       10        5       12        4        8        8        9        7       12        4       11       11        9       11       11       18       14
        9        6        3       11        9        8        8        8       12        8        9        7        8       13       12        8        8        8        6       10
        8        8       10        6        9       18        9        9       10        6        8        7        6        7        3        6        6        4        7        2
        4        4        4        5        3        3        5        1        2        0        3        5        6        2        4        4        6        3        4        1
        3        3        2        1        4        1        4        2        1        4        3        3        1        5        6        5        3        8        5        5
        5        2        7        8        4       10        7       13       15        5        9        6       10       12       14        8        9        9        7       14
       11       12        8        5       11       13       13       10       14        7        7       10       14        5        9        6       13        9        9        9
       12       11       14        7       11        3        6        5        7        3        7        7        6        4       10       10        5        9       10        3
        9       10        7        7        7        2        3        8        3        6        9        0        4        4        2        3        3        3        5        7
        7        1        5        2        3        6        4        2        5        1        4        3        6        5        7       11        5        5        7        4
        5        6        7        5        6        9        7        4       11        8        2        6       13       10       10        7        9        8       16       13
        7        6       13       10       12        9       12        5       10        6        8       10       12        6        6        9        9       12       10        7
        7        8       14        7       11        7        8        5       10        6        6        7        7        5        8        7        7        9        4        8
        2        4        4        6        9        7        2        3        4        2        6        6        9        1        1        3        2        3        2        2
        5        1        7        4        5        2        5        0        4        3        6        4        5        9        4        4        9        3        4        3
        4        6        2        8        8       11        9        9        7       12       11        5       11       10        6        7        8        6        9       13
       17       11       17       22       13       12       12        8        9       11        8       20        8        9       12        7       19       10       16       10
       14        7        9       15        7        7       10        5        5        7       10       16        3       12        9        6        7        6        5        9
        9        4        4        7        7        3        3        7        6        6        5        6        4        2        6        1        3        3        3        3
        4        4        2        4        4        4        2        4        1        6        6        6        3        5        4        7        7        5        8        8
        6       10        8        6        5       10        8        7        7        5        5       10        7        7        7        6       11        8       10       14
       17       11       11       11       12        9       11       18       11       16       15       18       13       10       19       18       17       17        9       14
        7       12        7       14       13       12        8       14        5        7        6       11        8        9        9       10        6        6        5        6
        6        3        9        4        7        9        5        1        3        6        3        7        4        1        4        5        7        7        3        3
        6        5        2        4        3        4        3        5        5        5        3        2        4        8        6        5        6       14        7        9
        9        8        5        2        7       13       15        8        9        6        7        9       10       12       10        5        4        7       13       15
        6        8       14       12       11        7        7       16       14       17       12       13       12       14       12       10       11       20       17        6
       12       11        8       17        8        9       17       13        8       13       14        9        7        8        9        7        5        9       10        6
       10        8        6        7        5        3        6       10        4        6        5        5        0        1        6        2        1        9        4        2
        6        7        8        7        4        8        4        6        2        4        3        2        4        4        2        6        5        7       15        2
        7       13        9       10       10       15        7       14        4       10        9       11       12       17        6       10        7       15        8       13
       11       12       10       15        9       16       15        9       14       16       17       12       11       13       10       18       11       15        7       12
        9       10       10       25       11       13       12       11        6       10       11        8       10        9       12        9        8        8        5        9
       19        8        3        8        2        3        2        6        6        2        5       11        4        0        4        4        7        3        6        5
        1        3        3        6        6        3        3        4        3        6        9        5        2        5        8        9        7        8        9        7
        8        4        5        9        9        2        9       10       12        9        9       16        8       16        9       14       17       13       13       20
       13        9       13       10        7       11       18       16       13       23        8       16       16       27       13        8       13       15       15       16
       12       13       13       13       18        9       15       10       10        8        6        7       14        9       15        6        9        9        7       11
        7        9        9        9       10        6        8        7        5        8        3        2        8        4        4        5        7        5        3        3
        6        3        1        2        8        4        2        5        3        3        6        9        5        5        5        8        8       13        5        8
       11        5        7       11        9        6       12       12       10       12        9       16       11       12       10        9       14        9        8        7
       11       10       12       12       15       18       15       10       13       19       15       10       11       17       12       10       14       15       11       16
        9       13       15       20       22        9       13       12       13       12       10       13       10       10       14       11       10        6        7        8
        6       13        7        9        9       11        7        3        4        7        0        3        3       10        7        1        3        3        2        2
        3        3        1        5        1        3        3        6        2        1        5        4       11        6        1        7        5        3       10       10
       10        4       10       13       11        9        7       10       11       10       14       19       12       10        9       14        7        8       16       10
       19       13       13       16       13       11       17       11       21       13       22       17       17       19       12       16       14       18        7       16
       11       12       15        9       12       12        7       11       14       10        4        8       11        7       10        7       12       11        7        7
        6        8        4        9        6        5        5        7        2       11        5        5        5        6        5        3        2        3        3        3
        4        5        4        4        6        2        5        6        5        5        7        7        1        3        8        3        5       17        7       10
        6        8        9       11       13        6       10       14       10       10       18       15       17       14       12        7       13       15       19       15
       24       17       13       13       22       16       18       25       18       12       23       21       26       10       12       21       23       18       13       17
       17       16       12       14       27        8       19       11        8       12       16        8        8        9       12        5       14        6       13        5
        9        6        2        3        2        5        8        7        4        5        3        3        7        5        8        2        3        6        0        8
        0        6        3        6        5        1        4        6        3        8        3        7        8        1        5        7        8        6        8        7
       11       10       11       14       16       16        9       13       11       17       10       10       22       13       17       10       14       21       21       17
       21       17       25       12       19       14       14       16       18       14       11       19       20       16       20       17       18       17       20       21
       15       22       18       14       14       13       17       17       15       16        9        9        5       14       12        8       11        7        7       14
        9        7        5       12       11        6        8        6        5        7        3        7        7        6        2        2        4        6        1        2
        3       11        3        5        4        0        5        6        8        9       10        8        7        5        7        7        9        6       12        5
       12       11        8        9       13        7        8       13       12       12       13       15       18       22       14       18       18       15       23       18
       17       16       14       18       10       31       16       17       20       19       21       24       23       18       22       19        9       15       21       21
       13       22       28       20       12       15       17       18        8       12       10        7       13       14        6        7       11        6       16       17
        8        7        5       11        8       11       14        8        6        6        8        5        8        8        4        6        3        3        4        3
        3        2        3        5        6        1        3        7        8       11        5        4        6        6        7        8       13       17        9       10
        8       12        8       14       15        7       10       16       17       23       15       13       15       15       15       20       21       24       17       17
       17       23       21       25       19       23       19       21       27       31       23       16       21       13       28       18       12       23       16       25
       17       26        8       17       13       16       17       18       16        6       16       14        8       13       11       10       10       12       11       15
        8        5        4        6        5       10       13        6        2        6        5       11        4        3        6        3        7        6        8        3
        2        8        6        4        8        4        6        3        8        5        7        7        7        5        4        7        7        9        7       11
       10       11        8       10       10       10       12       10       16       13       11       16       14       17       19       13       21       22       17       20
       31       19       16       20       19       23       21       21       22       28       25       18       18       28       29       22       33       19       30       24
       24       25       14       21       19       18       11       17       16       13       17       24       19       13        7       12       11        8       10        7
        6        7        6        8        6       11       10        7        2        8        8        5        2        3        5        8        2        4        8        6
        7        2        3        8        4        4        7        5        7        1        7        7       16        9        9       13        9       12       11       11
        6       12        8       17       13       15       13       13       11       17       18       14       14       19       17       19       18       22       20       35
       18       19       21       31       19       27       23       27       24       30       24       16       24       24       24       26       22       30       30       30
       18       20       20       23       16       28       14       17       19       19       12        9       12       10       16        6       14       14        8        5
       12       11       10        8        7        4       10        4        7       15        6        7        6        7        5        5        5        3        6        4
        1        5        7        5        5        5        1        5        5        3        7       12       17       10       11        9       16        7       11        5
        9        9       18       12       14       19       10       10       12       12       21       18       20       22       18       19       36       16       20       18
       20       26       18       27       23       24       18       22       29       31       23       27       15       22       21       29       27       18       20       17
       34       23       20       22       19       27       21       17       11       10       13       17       16       18       14       17        8       13       12        6
       14        7        6        7       11        8       11        4       10        4        8        6        4        8        7        3        4        5        4        3
        8        2        7       10        6        6        9        8        1        6       10        6        4        8        5        9        3        6        8       16
       10       10       10       11       12       13       13       12       16       16       24       18       11       20       23       20       29       20       12       21
       22       30       30       33       27       24       37       32       32       30       27       35       22       35       26       34       30       27       27       20
       20       19       29       15       32       24       19       23       16       22       18       17       18       14       21       15       10       12       21        6
        7        8        7        8        7        5        7        5        7       10        4        5        2        6        3       10        3        4        9        6
        4        3        7        4        8        7        5       10        3        9        2       10       13        8        9        9        8        8       13       12
        9       13       15       18       13       15        9       18       12       15       17       21       23       16       27       21       28       20       27       20
       26       15       25       24       26       28       35       38       30       33       36       25       22       29       26       28       22       24       26       19
       24       29       19       20       28       18       16       19       16       20       16       18        8       17       23       15       20       12       10       11
       14       12       12       14       10       13        8        7        6        6        1        1        2       12        4        0        6        7        6        4
        8        4        3        6        8       12        5        1        6       10       11        7       11       11        7       11        7       13        8       10
        8       13        9       10       13       14       12       10       11       14       20       20       18       20       20       24       19       25       24       24
       31       38       31       34       32       23       33       28       40       40       30       45       22       28       26       31       29       37       39       37
       26       25       26       16       28       22       26       21       14       23       18       17       21        8       17       15       12       15       15       17
       12       13        7       13       14       11       11       12        8       11       11        6        8        2        4        7       10        4        6        5
        4       11        9        6        5       10       10        3       11        9        4        8        8        7       17       11        7       12        6        7
       11        5       14       14       13       15       16       17       14       29       24       18       21       14       27       24       24       21       36       28
       26       36       50       32       33       35       35       31       27       41       35       36       35       34       27       35       30       27       36       31
       29       30       14       25       32       31       23       28       30       31       21       14       17       23       18       23       13       12       26       16
       14       11       13        3        8       11        9        7        5       10        6        7        7        4       11        4        7        5        4        8
        1        2        4        7        4        4        5        8        8        7        8       14        9        6        7        9       13        5       11        9
       12       16       14       13       14       15       13       20       16       18       19       22       18       27       23       27       29       16       38       28
       24       31       47       34       40       40       45       35       27       42       46       42       36       35       32       31       38       46       37       30
       43       37       31       18       21       28       31       18       31       24       22       21       18       23       17       11       23       25       14       14
       15       14       14        7       15       11        8       12       13       14        7        6        8        6        6        3       10        4        4        5
        4        3        4        6        5       11        3       11       12        8        6        8       12        4       12        7       11       16       12       13
        8       19       10       15       20       14       22       19       18       30       25       32       28       25       23       30       48       35       38       47
       27       32       29       46       53       46       47       37       42       54       48       39       35       42       43       39       42       43       40       50
       40       39       40       25       30       39       28       23       32       28       28       22       24       20       24       21       23       18       21       12
       11        5       10        9        9        8       15       13        5       10       12        8        5        9        7        7       12        7        8        2
        2        1        6        7        7        5        3        8        7       11        9       10        6       13       11       14       11        8       16       13
       21       24       20       12       16       23       22       19       30       20       24       29       26       33       27       34       43       39       30       39
       38       38       43       50       60       53       41       53       51       47       51       52       48       41       47       38       33       43       24       49
       34       30       31       27       28       33       30       25       28       24       23       19       20       16       19       23       19       17        8       12
       11       18       16       13       13       13        6       10       12        6        7        6        9        5        8        6        2        9        4        7
        8        4        6        3        3        7        6        8       12        8        7        6        6       11       17        9       10        8       10       12
       21       15       14       11       17       17       21       30       21       25       17       19       32       28       33       32       37       31       54       29
       53       41       44       57       52       49       41       52       53       50       54       46       49       52       54       50       43       36       40       39
       34       46       33       26       22       36       31       37       22       18       22       24       18       13       26       23       11       12       16       14
       17       19       14       18       12       14        8        8        8        9        9        5        6        9        4        3       11        1       12        8
        2        6        5        8        3        7        4        8        8       11        7       10       15       13       16       13       12       11        7        8
       15       19       12       19       23       11       18       21       23       27       20       35       22       19       40       39       27       34       43       40
       46       49       47       56       32       53       53       60       79       50       63       53       62       56       50       55       57       50       42       43
       43       31       44       40       31       39       27       31       19       12       17       21       23       21       18       12       23       18       14       15
       11       17       13       15       16        7       11        6       11        7        4        4        5       10        6        3       10        5       11        4
        4        4        6        7        9        7        7        9        6        5        7       10        8       11       19        8       14       20       15       17
       23       14       16       17       15       20       24       16       19       25       32       38       37       31       43       31       33       36       49       44
       35       40       46       60       58       65       55       72       66       71       79       66       56       69       61       59       52       64       39       54
       48       43       42       34       40       28       28       33       28       26       26       36       27       19       23       27       15       16       18       19
       20       12       16       15       14       13       10        9        8        8        8       10        6        9        9        3       13        2        5        6
        5        5        6        8        8        5        8        8       11        9       14        7        9       14       14       15       11       16       12       11
       16       16       16       17       16       17       14       14       25       16       28       36       36       23       35       38       47       48       42       57
       52       52       54       49       68       55       79       66       77       58       89       76       83       72       57       66       53       51       56       49
       40       54       58       36       41       32       35       34       27       32       30       23       28       24       10       19       20       14       17       20
       16       17       11       12       12       10        7        9        3       10       12        9       10        6        9        7        7        6        9        5
        6        3        6        2        4        4        4       12        6        4        6       13       11        9       12       12        8       11       10       19
       13       14       20       21       17       18       30       22       24       29       23       25       35       44       38       51       39       43       46       49
       49       63       70       66       70       77       75       82       64       82       73       68       92       77       67       67       70       74       66       56
       54       58       46       48       45       33       35       44       38       34       33       29       20       28       21       26       11       12       16       16
       19       14       19       17        9       10        8       17        4       10       13       11        4        7        6       10        8        4        3        3
        9        3        8        1        6        6        4        8        7        8       17        6        7       12       14       13       16       12       16       14
       18       14       12       18       25       21       23       30       30       18       32       39       36       42       46       39       52       50       51       68
       64       73       75       79       71       73       89       79       73       76      105       69       96       86       67       85       51       72       72       68
       69       49       50       34       50       40       48       47       47       38       23       27       21       24       20       14       21       12       13       14
       21       12       13       10       12       11       12        5       12       11        6        7       13        4       12        9        3        4        4        9
        8       12        4        5        5        5        9       10        6        5        7       12        9        7       16       11       17       19       15       13
       15       21       19       20       26       20       27       27       29       33       33       25       35       43       55       38       46       42       73       64
       73       71       65       89       96      121      120      120      111       88      107      110       85       94      102       93       97       85       77       73
       52       70       46       32       51       33       34       50       36       37       34       20       34       16       28       24       23       15       22       18
       22       22        9       16        8       13       11       16       10        3        6       11        8        8        3        5        6        1        4        6
        6        4       10        4        6        6        8        7        8        7        7       10       11        9       12       15       18       17       22       14
       16       18       19       35       28       28       17       31       31       25       35       45       43       52       42       48       44       46       60       68
       72       70       79      113       89      104       87      101      111      147      122      136      102      106       92      101       88       93       67       78
       58       61       39       47       50       42       45       39       41       32       29       28       30       24       20       22       21       17       18       25
       15        9       14       16       13       12       10       13       12        6       16       18        6        7       12        2        7        6        6        3
        7        7        9        8        5        7       10        5       10        7       13       14       11       18       16       12       14       16       18       12
       16       25       18       20       24       32       25       22       36       39       35       45       42       55       49       52       65       50       69       85
       84       76       80       97       98      104      118      167      156      124      125      130      133      127      110       86      112      121       93       79
       86       81       62       55       67       38       42       41       38       25       37       33       35       30       31       18       22       20       21       18
       24       18       10       12       11       11       15       11       15        9       10        9        5        5        4       15       11        5        5        3
        4        4        8        7       10        8       13        8        9        9        8       13       16        9       13       11       10       24       14       13
       12       40       28       30       32       41       33       30       36       33       33       40       42       59       53       55       50       63       67       56
       80      104      125      108      126      121      114      130      141      156      134      148      157      150      120      118      104      101       92       78
       84       77       78       64       59       48       48       34       40       33       32       35       35       23       28       22       18       20       18       25
       11        8       29       14       13       18       14        8        9        6        9       10       12        4        3       10        5        4        5        6
        5        5        8        3       10        8        5        6        5       12       12        9       10       10       14       18       16       15       20       16
       21       19       23       30       23       27       32       27       29       51       39       54       46       51       46       56       57       76       85       80
      101       97      109      126      130      143      146      157      158      171      169      182      177      158      124      108      116      125      122      106
       81       59       64       62       47       60       57       56       46       34       32       33       25       21       21       26       25       23       22       15
       11       13       15       12       10       11       14        6        9        4        5        7       13        3        6        5       10        6        7        7
        4        3        8       12        7       10       14       15        8       13        9        9        7       15       19       15        4       13       12       21
       17       22       21       23       29       22       21       29       44       36       46       47       46       47       56       76       72       78       79       78
      107      104      134      128      151      144      194      173      171      209      203      205      158      182      146      159      134      142      112      102
       94       81       87       82       58       47       47       43       44       38       32       38       26       34       20       30       18       21       19       15
       11       11       15       13       13       19       14       14        8        8       10        5        8        8       10        9       10        5        4        5
        8        4        8       11       11        9        7        7        9       14        8       11       10       16        6       13       20       16       16       19
       12       17       17       30       36       20       22       28       25       33       43       41       52       55       69       69       69       86       88      107
      119      131      134      140      173      189      189      233      222      233      217      232      185      199      194      182      161      145      142       99
       79       75       73       72       52       40       54       60       45       43       42       35       31       37       31       28       33       20       21       12
       18       22       13       12       22       12       19       13       13        8        8        5        7        9        9        3        8        6        4        4
        8        7        9        7        6       10        9        6       14       12       10       16       12       11       19        6       10       11       15       17
       16       24       21       18       28       24       28       30       35       45       40       48       55       67       52       66       66       82       97      114
      123      132      163      160      195      209      263      232      292      257      284      254      233      222      214      201      180      163      118      114
      115      102       69       97       65       53       65       46       36       45       42       43       27       32       31       32       34       27       19       15
       14       20       19       13       11       10       12       14       19       10        7        8        7       10        5       11        5        5        5        8
        5        7        8        9        6        4        7       11       11       10        8       15       10       11       14       20        9       19       14       13
       23       20       26       28       29       27       34       28       35       53       55       49       65       58       72       58       85       80       86      126
      127      160      162      178      253      250      274      315      320      344      371      337      283      273      249      213      187      177      153      128
      102       90       80       72       59       77       48       62       43       41       36       32       28       28       21       26       20       18       22       13
       14       13        8       19       16       18       12       13        7       11        9        8        9       10       10        7        6        7        6        2
        5       10        5       10       10        8        7       12        7        8       14       10        9        9       13       17       19       20       14       27
       38       27       21       21       21       17       39       39       52       43       53       55       66       75       69       80       70      105      141      149
      132      140      173      213      242      277      323      354      400      420      442      449      324      323      269      203      221      172      169      143
      121       99       91       72       81       59       38       47       60       41       43       37       30       39       27       28       13       19       17       24
       17       21       26       16       14       18       11       12        7       13        8        6       12        7       10        6       11        7        6        4
        4        7        6        8        7        9        6       10        7       14        7        8        6        8       20       20       13       14       21       22
       22       19       23       35       21       26       41       39       30       39       45       75       63       73       71       73       73       96       99      109
      139      164      188      206      259      327      346      423      457      571      559      504      457      380      281      233      204      188      150      126
      118      106       81       82       73       55       59       45       48       44       42       44       34       34       29       22       30       24       19       18
       23       19       15       10       21       11       13       10        8       16       16        5       11        8        7        7        7       11        8        8
        7        6       11        3        6       10        2        9        8       14       11       10       16       15       19       12       23       21       23       13
       18       16       26       20       31       27       34       42       32       58       48       48       63       59       74       80       72       98      115      139
      156      163      194      239      264      365      392      559      719      761      773      679      560      396      338      286      245      183      172      150
       98      120      104       82       65       73       61       75       63       36       40       36       37       27       32       21       16       23       18       22
       29       18       14        9       18       17       12       19       10       13        6        8       11        7        8        6        9        8        8        2
        5        9       12        4        8        8       14        6       15        7        5       12       14       10       14       19       16       11       25       15
       28       24       16       25       21       27       33       44       51       41       48       38       42       53       69       73      102       88      102      112
      156      159      200      234      262      357      457      667      899     1333     1333      870      637      476      360      306      231      210      164      160
      139      135       87       81       76       80       66       50       49       44       42       25       30       33       20       21       21       22       19       26
       18       11       15       21       18       16       10       17       17       14        9       11       10        8        9        6        5        8       11        9
       16        5        9        5        9       11       13        8       10        6        9       13        6       12       14        6       13       24       19       15
       26       14       13       24       31       27       47       37       38       42       51       49       61       59       66       84       84       87       93      139
      168      170      232      244      272      378      458      620     1044     2071     2502     1088      694      468      370      296      245      223      159      182
      106      101      101       90       77       68       54       49       59       54       56       24       51       36       40       32       36       22       24       12
       19       18       18       11       17       10       12       16        9       13       14        6       11        9        4        7        8        7        9        3
        6        5        2        8       10        6       10        4        6        9        8        7        6        6       11       17       22       18       17       22
       22       25       26       27       28       23       30       40       34       43       39       49       69       56       78       87       90       89       95      143
      156      164      203      219      282      307      441      569      967     1276     1286      851      595      423      324      304      234      193      167      142
      118      105      107      101       68       60       54       58       43       50       46       45       51       40       36       31       32       20       26       20
       17       22       17       18       12       14        9        7       10       10        8        7        9        9        6        5        3       10        6        4
        8        6        9       10       13        7        7        7        9       17       11       13       14        5       17       13       10       14       24       27
       23       20       23       17       39       44       28       39       33       36       43       52       66       47       62       72       77       85      119      126
      126      176      196      222      232      357      415      512      610      762      780      637      496      426      313      294      257      209      171      108
      121      113       97       79       88       49       52       67       56       41       51       46       40       34       24       28       27       16       18       24
       16        9       16       16        6       10        4       11       12       12        6        9       15        6       11       13        5        9        6        6
        2        4        3        7        5        9        5       11        9       16       11       10        7       10       29       11       13       11       10       26
       20       26       19       30       35       33       33       31       38       47       45       45       60       65       67       77       83       98       91      111
      146      140      189      223      251      316      356      446      529      556      573      473      417      428      323      252      229      212      147      136
      122      108       97       66       68       62       66       57       47       48       37       38       42       25       26       32       19       31       20       19
       18       19       19       13       15       12       12       20        7       10       13        7        8        8        8        6        7       10       13        5
        6        8        7        3        8        4        3       14        6       13        9       13       12       17       15       11       23       11       17       25
       19       14       17       31       32       32       26       30       42       40       46       44       57       53       59       90       79       72       99      117
      119      166      145      209      225      285      258      352      409      414      455      410      369      357      268      235      194      175      153      127
      111      113       89       71       74       72       62       79       44       39       38       42       46       29       37       18       30       20       19       15
       14       16       20       18       13       21       12       13       13       10       13       12       10       12        7        7        8        7        2        3
       11       13        5       11       10        9        9        5        9        8       11       16       14       17       12       15       16       17       14       21
       30       16       25       23       29       31       31       36       35       40       38       36       45       65       49       74       88       69       89      108
      107      149      155      176      203      247      252      274      327      384      339      315      325      279      248      250      202      152      131      119
      106      100       70       91       61       65       72       50       52       44       40       39       39       38       33       33       20       26       34       20
       12       23       19       10       20       14       11       21        7       16        6       12        6       11        9        7        9        9        7        9
        3        6        5        8        6        8       11       10       10        9       10        6       18       11       13       19       26       10       22       18
       20       15       14       24       22       32       32       40       44       37       43       56       55       67       64       68       72       78       99      103
      102      142      163      164      204      227      236      272      253      303      286      270      270      259      242      180      164      164      133      138
      110      112       87       53       58       77       70       60       51       29       39       37       35       33       29       25       15       24       17       17
       21       22        9       18        9       11       11       15       11       10       11       11       12       11        9       11        9        7        5        5
        7        7       13       12        3       11       14       10        9        8       11        9       10       10        8       21       15       15       15       19
       16       23       28       28       24       31       38       25       41       36       42       48       44       66       59       54       78       90      100      101
      103      116      150      148      172      168      171      196      244      240      213      197      194      200      201      164      173      139      109      108
       87       88       79       83       74       61       58       49       42       55       37       39       43       33       30       28       30       22       10       12
       20       17       20       15       11       11       11       10        5       14       11       12       10       16       10        4        7        6        6        9
        5        5        5        4        6        6       10        8       11       16        6        8       11       15       17       19       15       20       15       21
       18       23       29       32       26       32       31       19       25       38       38       40       52       58       51       56       68       77       79      115
       94       98      113      132      127      164      178      189      206      203      192      179      166      161      140      131      122      125       97       92
       90       82       60       75       58       54       52       57       45       32       27       34       42       37       31       31       30       20       23       15
       18       16       19       11       17       14        9        9        9        8       10       12        9       12       10        2       12        5        7        7
        7       10        6        2        6       10        9        2       10       13        6       10       10       11       11       11       19       12       19       22
       19       19       17       21       25       27       15       25       29       30       51       39       45       42       79       65       61       66       91       63
       91       85      106      139      125      137      156      166      171      158      151      166      171      188      148      139      116      106      104       87
       99       68       61       66       62       61       53       54       49       48       38       53       38       15       27       25       31       27       17       15
       18       17       20       15       22       15       18       23        9       12       10       14       10        8       10        3        3        4        6       11
        7        7        6        9        4        8        9       10        9       10       12        6       10       10       10       13       11       17       14       18
       19       21       16       23       28       15       24       33       15       36       34       38       47       42       53       62       70       57       87       97
       85       70      105      119      125      141      125      140      119      156      146      135      161      154      128      109      109       92       88       97
       78       62       80       65       52       56       43       54       40       40       28       27       26       24       31       16       19       23       13       17
       19       13       13       13       11       11       13       15       10       17       12       13        8       13        4        8        8       11        2       10
        5        2        4        8        9       10        7        5       11       11       12        9        6       10       11        8       12       15       19       18
       22       17       16       19       20       26       30       35       29       42       28       41       45       65       56       50       52       70       66       77
       77       67       79      116      101      110      116      144      127      130      133      151      122      138      120      120       96       77       91       79
       75       59       72       70       54       51       42       36       25       36       31       28       32       23       22       27       12       29       17       20
       22       18       12       14       14        7       14        6       13        6       12        7       15        5        7        9       12        3        8        5
        1        4        5        5        6        5        3        5       10        9        8        9       10       21       11       15       16        9       18       23
       13       15       27       19       20       23       27       30       36       29       30       32       35       43       42       48       55       56       58       59
       78       73       88       99       89      102      123      119      108      119      103      111       96       87       99       90       88       90       73       71
       69       74       56       72       56       57       36       36       42       40       44       45       38       35       26       26       21       18       15       15
       15       16       10        5       17        9       10        7       13       12       10        9       10       10        4        4        7        6       12        4
        8        5        1        9       11        9        7        6       11        8       10       10       19        9       11       11       10       20       16       19
       15       23       10       16       21       27       22       36       29       31       33       40       28       41       37       53       39       60       68       62
       74       82       75       61       94      109      113       93      101      100       82      108      104      102       87       99       88       69       74       73
       51       76       54       47       46       39       49       36       40       35       29       33       29       24       17       19       22       14       20       22
        9       12       12       10        9       17       18        7        7        6       11       12       12        7        9        7        7        4        8        5
        0        1        5        5        6        9       10       11        9       11       17        9       10       18       12       16        8       12       17       11
       18       18       15       26       23       26       22       29       26       32       35       35       37       30       37       41       41       48       57       65
       66       64       77       76       84       68       69      106      101       73       93       91      113       90       66       79       70       70       75       59
       57       50       56       49       45       52       36       45       40       32       37       38       28       21       16       19       22        9       12        8
       17       12       13       15       14        5       14       12        8        7       14        4        8        5        2        7       10        6        8        5
        5        6        4        8       10        6        9        5        3       13        6       10        6        9       12        7       14       10       18       13
       10       22       18       20       18       21       36       29       25       26       29       23       29       43       31       46       53       42       45       51
       50       63       47       63       63       72       67       74       59       73       70       84       69       50       74       78       79       72       62       51
       51       59       40       47       41       37       42       37       28       33       28       28       33       22       17       20       25       17       17       17
       10        9       19       17       19       11       15       13       11       11        9        7        3        8        4        3        6        9        7        2
        7        6        3        6        7        6        5       11        8       12        7        5        5       11       16       13       10       13       12       21
        9       22       23       20       18       20       19       27       31       30       31       27       29       37       38       30       29       40       46       42
       48       65       56       57       55       59       83       62       68       60       68       55       87       55       60       67       58       73       63       58
       54       51       50       53       35       41       52       47       26       28       34       25       22       28       18       14       17       24       15       19
       17       15        4       18       10       14       15       11        8       12        6       11       11        6        6       10        6        5        8        6
        3        5        5       10        1        4        4       13       12        8       14        5        8        7        9        7        9       17       12       12
        7       15       24       14       23       19       29       22       23       20       20       33       31       36       30       39       46       34       36       34
       56       47       41       58       65       56       49       39       74       75       62       63       67       74       56       57       63       43       42       62
       48       41       35       38       37       39       29       19       31       28       23       27       27       16       21       13       27       15       14       13
       12       16       11       19        9        5        6        5        9        6       15        8        7        9        5        7        3        5        7        7
        8        3        6        6        8        8        9        7        9        7       13        3       10       10       13        7       15       17       16       14
       12       20       14       15       13       11       18       24       11       37       25       27       26       32       33       39       41       57       40       34
       49       47       36       47       50       50       60       52       74       65       59       56       58       51       53       50       42       49       54       55
       52       52       43       38       45       39       37       24       33       32       31       20       19       20       15       21       16       15       13       14
       15       18        9       10        6        7        4       10        3        7        3       10        7        9        8        7        9        3        4        4
        5        8        5        8        6        6        4        6        6        2        8       10        4       11        3       16       15        6        8       20
       16       11       15       20       19       14       22       16       26       26       25       26       28       30       35       29       38       44       37       40
       32       43       44       47       41       56       52       64       53       54       50       56       73       53       42       50       59       44       48       45
       51       32       45       49       36       46       29       32       27       27       22       23       19       27       17       20       20       14       10       17
       16       13       10       11       12        6        4        5        6        9        9        6        5        5       10        8        4        7        8        6
        6        9       10        8        5        3        9       11        5        4        4        6        7       10       11        8       13       10       21       12
       22       18       12       17       15       12       17       19       29       20       24       18       33       25       36       28       42       29       28       44
       33       38       43       38       35       37       38       46       39       46       48       51       53       51       43       44       51       46       44       41
       43       33       30       35       31       25       31       28       34       20       19       24       17       15       14       15       19       18       14       12
        8       14       13       17        9        6        8       15        4       11        9        7       11        7        6        7        2        8        5        5
        7        6        4        3        8        7       10       11        8        4        5        4        9       10       10        7       20       14       13       17
        8       12        7       16       14       18       20       18       24       30       40       38       26       18       29       28       33       40       43       35
       24       33       50       38       43       45       60       35       52       40       49       49       41       49       39       40       35       47       34       46
       38       34       30       43       33       23       29       34       22       17       25       19       10       20       16       21        9       21       17       10
       10        6       12       18       13        7       11        9        6       10        4        8        8        5       13        5       13        5        5        6
        3        4        4        4        8        7        1        8        7        3       13        4       12       10        9        8        7       10        9       17
        9        6       13       20       16       15       14       17       19       15       23       28       16       32       33       20       30       17       28       46
       35       40       31       35       34       39       38       53       33       38       47       27       48       32       38       46       30       23       37       37
       43       25       29       31       36       35       28       16       24       12       18       20       24       16       11       15       11        7        9       16
       11       11       15       11       10        9       11        6        6        5        6        6        8        7        5        1        2        8        6        4
        4        5        8        1        9        5        5        4        8        7        4        5        7       15       11       13       13       12        7        7
       19        7        6        9       20       10       12       11       17       20       27       24       21       30       26       24       23       34       27       23
       18       32       36       20       29       41       38       32       24       33       41       40       52       41       33       36       39       39       26       37
       34       25       28       26       20       31       27       27       23       22       16       18       17       15       12       15       12       14       14       10
       13       13       11        9        8        9       13       10        5       15        7        9        2        4        4        7        7        4        5        6
        3        7        2        7        6        4        3        8        3        8       13        8        7        6       10       16       12        9       13        7
       13       10        5        9       13       18       12       15       18       19       17       21       17       27       23       23       34       22       21       21
       32       38       28       25       24       29       38       24       26       40       32       29       25       13       28       31       33       39       24       23
       20       29       26       24       17       23       25       18       18       19       22       14       18       11        9       12        7       10       17       11
       19       18       16       13        8        5        9       13        6        9        7        3        2        5        8        6        6        6        6        7
        3        3        6        3        5        7        3        5        6        7        7        8        9        7        7       12        5        9       10       10
       12       11       21       13       11       16       21       18       16       24       15       21       19       16       14       20       24       26       20       29
       25       25       29       30       31       39       27       24       25       35       37       28       23       32       32       30       36       34       32       26
       20       29       28       31       19       21       26       27       20       20       18       12       18       19       20        8       16       16       12        8
       11       11       13       10        9       11        8       10        4        8        3        9        7        3        3        8       12        6        6        5
        1        7        8        2        7       13       10       10        6       11        9        5        6        5        6       12        8        8        4        6
        8       14       11        7       11       21       14       12       23       17       18       20       27       16       22       25       16       25       19       24
       30       30       25       28       34       24       46       22       17       29       22       16       45       29       21       27       18       33       22       23
       34       24       22       25       19       16       17       20       24       22       14       20       16       11       13        8       11       14       13       10
        5        6        2       13       16        9        6        3       10       12        6        6        6        7        6        3        7        0        7        4
        6        5        4        1        2       15        2        9        5        4        8        5        7        9        9       10        7        7       12       15
        8        9        9       19       12        9       17       10       12       21       15       14       21       16       17       18       21       20       29       26
       28       24       24       24       23       29       22       28       26       27       30       32       21       31       19       27       21       17       24       36
       23       18       20       26       24       18       25       21       17       20       15       12       19       16       15        9       10       10       15       14
       12       11        7        9        7       14       12        5        9        6        8        2        6        4        7        5        6        9        8        5
        9        2        6        7        7        5        9        4        2        8        8        5        7       12        6        7        4        8       13        9
       12        9        8       12       14       13       16       12       20       13       17       24       22       20       19       12       25        9       22       17
       29       22       19       23       21       21       17       18       27       13       23       24       23       27       23       32       29       18       21       17
       38       27       17       27       24       25       12       22       23       18       15       14       11       15       15       17        4        6       16       18
        8       15        4       12       10        6        8        6       12        8        3        5        9        8        5        6        2        3        5        2
        6        4        6        5        3        8        4        6        9        7        1        5        8        5        5        6        7        8       10        5
       19        8       12       10       11       14       15       10       16       15       12       10       12       22       18       17       13       19       21       21
       16       27       17       18       11       12       20       27       17       16       20       24       21       31       26       26       21       23       21       18
       24       31       21       17       15       22       23       19       22       15       21       15       18       16        8       14        7        9        8       11
       10       10        9       11        7        9        5        8        4        5        5        5        6        6        6        5        4        5        4        2
        6        7        8        9        4        4        9        5        7        2        3        5        9        4        6       10        6        8        7       10
        4        6       14        9        8       16       18       14        8       16       21       18       19       13       16       14       16       21       10       17
       23       14       28       14       22       24       22       19       15       24       23       15       17       24       17       23       20       27       25       19
       18       20       19       14       12       15       16       15       18       11       14       10       16       17       14        9       17       11       14       11
       11        5        5        9        8        7       12        4        5        7        8        9        5       10        5        8       10        3        5        3
        4       10        5        5        5        3        3        5        4        5        6        7        7        7        6       10        8        8        7       10
       11        8        8       12        6        9        7       17       12       21       17       15        6       16       19       11       20        8       16       18
       28       22       16       14       26       22       22       19       17       16       20       23       19       18       15       16       19       22       19       11
       20       14       17       13       23       15       15       15       21        9       15        8       13       11        9        7       12       14        6        4
        7       12        7       14        3        6        4        8       11        6        9        7        5        3        6        4        5        4        5        3
        6        5        6        9        6        4        3        4        2        6        5        6       11        4        4        5        8        7        3        5
       13        6        8        5       12        7       10       11       11       12       10        9       17       16       14       12       14       15       16       11
       15       12       13       15       13       19       17       13       12       26       14       21       20       13       26       17       25       20       19       20
       23       18       16       21       15       11       11        7       22       18        9        9       12        7       16       13       10       12        8        7
        9        9        6       10        6        3        7        7        5        2        9        7        2        1        6        6        3        7        4        5
        2        7        8        4        2        1        9        5       10        5       10        6       17        7        2       10        6       12        8       14
        9        5       10       11       11        7        4       13       18       14       10       10        7        9       20       12       20       17       24       17
       12       10       19       10       16       15       15       20       15       20       16       20       16       16       18       10       18       13       13       21
       11       15       16       20       10       10       10       10        7        6       17       17        8       14       15       11       11        6       12       13
        5       14       10       11        9        7        3        8        3       13        9        7        6        5        5        2        2        7       12        5
        3        3        2        3        3        5       11        7        5        3        6       12        9        5       12        7       11        6        6        4
        5        7        9       12        7        3        7        6       11       13       11       13        5       18       16       10       16       15       11       14
       13       12       22       19       18       11       20        9       13       12       11       11       23       21       17       15       19       14       21        9
       11       21       16        5        7       15       16       18       17       11        9        9        9       10       13       14        8       12       12       12
        6        6       11        9        7        5        8        6        7        6        7        9        1        6        4       14        3        4        7        5
        2        1        6        3        3        2        3        6        5        2        6        5        3        6        7        7       11        6        6        6
        7        7       16        9        8        6        6       13       14        7       15       10       20       18       11        9       14        8       14        9
        8       14       18       12       13       15       20       21       10       18       13       15       15       13       14       17       12       24       15       15
       10       10       16       10       11       12       17       14        8       14       13       11       14        4       11        8        8        8       13        9
        8       11        8        8        6        5        7        5        8        8        5        7        6        7        3        7        5        8        5        3
       11        4        5        4        3        3        1       12        4        6        6        5        2        3        4        4        5        5        1        8
        7       14       11        7        8        8        8        8        7        6       12        8       11       10       15       13       17        9       16       20
       10       11        8       16       17       16       14       11       19       10       21       17       13        8       12       14       10       12       15       15
       10        8       16       10       13       12       12       10        8       13       10       12       13       10       14        6        8       10        6        5
        8        9       10        6        3        5        5       10        7        4        7        6        4        1        6        9        6        3        5        4
        4        5        8        1        7       10        4        5        6        7        2        8        2        7        7        4        7        4        8        6
        6        6        6        4        7        6       11        7        9        8       13        9        9       13        7       16        8       16        7       11
       10       13       16       11        6       14        9       11       20       13       13       13       10       15       15       18       20       16       13       11
       14        9        9       13       16       12       11       13       10       11        9        7       15       14        7        9        8        6        7       11
        4        4       10        2        4       13        4        6        6       10        2        5        3        4        2        3        2        5        3        4
        0        4        5        9        5        8        5        5        7        8        3        5        7       10        6        4        7        4        5       13
        5        9        9        8       11       10       16        9       11        9       10       12        9        9        8       12       10       11       11       10
       22       13       18        6       17        8       10       16       12       14        9       12       14       12       16        7       12        7       15       14
       13       13        9        8       14        9       14       13        8       14       10       10        7        8        7        5        4        8        7       15
        5       11        5        5        6        4        3        8        7        6        4        7        2        3        4        6        5        2        4        4
        1        2        3        4        4        4        3        1        3        4        3        3        2        6        2        2       11        6        4        7
        9        0       10        1        5        6        8        6        4        6        9        8        8       15       10       10       19       11       11        7
       14        7       10       13       12       11       17       17       10        7        8       10        9       10       18       17       13       17        7       16
        6        7        7        5       11       10       12        9       11        7        9        8       13        7        8        6        5        5        6        5
        7        8        8        3        8        9        3        6        3        3        4        6        3        5        4        3        0        1        1        4
        9        7        5        4        2        3        5        4        8        5        7        2        8        8        4        6        6        2        6        6
        7        7        4       11        7        4        8       10        9        7       11        7        9        7        8       10        9       11        7        9
       13       16        8        7       12       10        6       14       10        8        9        8       10        8       14       11        4        7       13       11
       11        4        4        8       11       10        8        6        9       15        9       10        8        9        3        7        6        7        3        5
        9        7        5        7       11       12       10        3        5       12        5        6        3        7        3        6        8        5        5        3
        4        4        5        5        2        5        5        4        5        5        5        5        4        5        4        6        5        4        8        8
        4        6        6        6        5        9       17        7        7       11        7        3        5       10        9       10        2       11        9       10
        8       14        9       10       10       14        8       15       11       12        9       17       12        9       13        6       16       23        9        8
       10        9       11        8        8       10        8        7       11        4       10        7        9       13        6        5        9        1        5        5
        7        9        6        4        5        6        4        4        6        2        7        5        3        5        4        3        5        2        0        5
        1        0        4        4        1        2        4        1        5        7       10        3        4        7        7        5        8        5        7        3
        4        7        4        6        4        7        5        8        6        9        6        6        9        5        6        7       12       13       13        8
        8       16       13       12       11       14        7       13        8       10       15       16        9       14        7        7       12       10        6        6
        9       10        5       12       10       11        7        5        9       13        3        8        4        6        5        8        5        3        6        6
        4        6        8        5        4        6        3        9        3        2        3        7        6        5        5        1        3        5        1        4
        1        6        4        2        4        5        6        5        3        3        2        4        1        4        0        3        4        5        7        9
        7       11        8        5        8        9        2        9        7       10        5        7        5        6       10       10        8        8       13        7
       12       11        9        8        6       11        7        9        8       13       13        9       16       21        7        4       18        8        8       13
        9       14        9        3       10        9       11        6       10        9        5        7       10        8        7        5        8        5        3        7
        6        6        6        1        3        4        6        1        7        4        5        2        9        4        4        5        5        4        6        5
        4        5        5        5        5        5        8        5        1        2        3        2        3        3        3        4        4        4        5        6
        5        5        7        3        9        4        9       10        4       10        7        6        4        7        5        6       13        4        8       15
        6        9        9       11        7       11        4        8        2        5        8        6       14        6        9        6        6        6       11        3
        5        9       15        7        7        8       12        7       10        6        3        7        5        8        7        4        5        6        1        4
        5        4        5        7        6        3        5        6        3        1        4        6        3        5        2        0        4        2        3        2
        1        1        4        1        0        4        4        4        3        4        5        9        4        3        5        5        3        6        5        4
        6       10        5        3        6       14        5        4        9        3        7        8        1        5        4        2        3        8       10        8
        9       12        7        9        6        9        6        6       10        4        7        9        9        5        5        8        7        7       16       15
       10       11       11       12       12       11        9       10       13       10        7        6        9        8        6        6        7        3        6        2
        5        1        2       10        2        5        8        4        6        5        2        4        6        3        5        0        5        6        2        4
        4        1        6        3        0        1        5        4        3        3        0        3        3        1        8        4        3        5        3        5
        4       10        3        4        3        5        3        6        9        3        7        4       10        5        8       13        7        9        5       11
       11        7       10        7        8        6        9       11        8       10       10        8       10        6        9       13        8       13       10        8
        9        8       17        8       11        5        8        4        7        5        6        8        3       13        6        5        4        7        7        1
        4        3       10        8        3        7        3        4        5        1        3        5        3        1        1        2        3        2        4        3
        1        5        4        1        4        3        5        7        3        4        6        4        2        2        2        9        6        3        3        5
        9        7        3        7        6        1        6        6        8        5        4        4        6        6        1        9       12        6        6        7
        6        8        7        6        7        6        8        4        3        3        6        5        9        6       11       10        5        6        6        7
        8        9        8        9       10        7        4        3        3        6        6        4        9        6        2        7        6        3        5        6
        4        2        2        1       11        2        8        2        3        6        3        5        4        5        2        3        0        3        4        0
        2        5        3        2        2        4        2        1        3        4        3        5        8        0        1        4        8        6        3        4
        5        5        7        5        7        5        3       10        5        7        6       10        5        6        8        6        6        3        5        7
        7        4        4        7        9        4        5       14       10        9        3        9       10        8        5        7        3        9       12        6
        3       14        9        3        9       12        5        6        2        3        4        3        4       11        7        5        7        9        5        3
        3        6        3        5        2        5        4        2        3        1        5        3        6        4        1        6        1        1        2        2
        4        5        3        7        3        1        1        1        3        3        3        3        4        3        7        3        6        5        6        6
        6        3        5        4        9        4        4        0        6        6        5        6        2        6        9        0       10        4        9        5
        6        9        6       10        9        1        4       12        5        6        9        5       14        7       11        2        1        7        4        4
       11       11        7       10        5        4        4        4        2        6        4        4        4        4        6        2        1        3        4        5
        5        2        2        6        7        3        6        8        1        6        5        4        7        4        4        2        1        1        0        3
        1        4        1        4        0        1        5        2        3        1        3        1        1        4        2        3        4        1        6        6
        3        3        5        6        3        2        5        4       10        4        9        9        9        4        4        5        7        6        5        2
        3        8        3        4        7        3        5        4        4       10       10        3        6        3        5        8       12        6        7        7
       10        6        9        8        6        9        5        1        3        5        3        3        4        8        2        3        4        4        7        5
        5        3        4        8        7        2        9        3        8        3        4        5        2        1        1        1        1        1        3        1
