        0        2        2        2        2        6        1        5        2        3        4        1        4        3        7        8        2        2        2        3
        4        4        5        2        7        5        4        7        6        5        3        5       11        6       12        4        5        8        8        3
        7        4        4        2        5       12        6        6        5        7        5        3        5        8        3        8       10        6        7        4
        5        6        5        4        8        5        3        5        9        3        4        3        7        3        4        4        1        2        3        1
        6        5        4        2        1        3        5        1        4        2        4        1        3        5        3        4        1        5        2        2
        4        2        2        1        1        2        2        6        5        3        2        4        3        2        7        3        6        8        3        3
        2        3        3        7        4        6        1        4        4        3        8        4        3       10        3       12        1        1        6        9
        9        8        8        4        5        9        5        3        7        5        5        5        7        9        4        7        6        6        7        4
        3       10        5        3        6        4        4        5        5        3        5        5        2        4        7        7        1        0        5        1
        1        1        2        1        5        4        5        2        3        6        1        4        9        3        1        3        1        3        1        3
        5        2        3        3        3        3        1        3        4        3        3        4        4        2        5        4        7        1        6        0
        9        8        2        3        2        5        6        5       11        5        2        6        9        8        8        9        6        7        2        8
        3        3        5        9        6        6        5        7        7       10        7        3        6        5        8       12        6        7        5        5
        7        7        5        4        9        9        5        2        6        3        5        2        7        5        5        3        3        8        2        3
        2        5        5        4        3        6        7        4        6        1        1        3        3        6        2        1        2        1        4        5
        3        1        1        4        0        1        3        2        1        4        6        4        3        4        8        2        3        3        3        6
        1        3        9        4        3        5        6        5        6        7        4        3        4        5        5        8        6        4        9        8
        7        9        4        7        9        7        8        8       11        4        8        4        4       10        7        9        5        7        6        3
        8        7        7        9        6        5        8        2        5        9       11        5        6        8        6        8        7        2        2        4
        5        4        2        5        5        5        4        6        2        3        2        7        2        8        2        1        4        4        3        3
        3        1        1        6        1        4        1        5        0        6        3        4        2        4        6        4        2        1        5        6
        6        5        2        5        2        5        3        7        1        9        3        8        4        5        5        8        5        6        6       12
        8       12        6        4       12        8        4        6        6        4        5        7        5        5        7        7        4        4        5       13
        5       12        6        8        4        8       10        7        8        5       11        3       12        5       11        1        5        5        8        7
        6        3        9        8        6        7        3        3        4        6        4        2        5        2        6        0        9        4        4        4
        3        0        2        4        3        7        7        4        7        1        3        6        4        4        5        4        7        5        5        1
        2        1        6        7        3        3        5        5       10        7        4        7        1        7        7        2        3        9        8        7
        7        6        7        5       10        7        4        7       13       13        4        9       13        9        7        3        4        3        8        6
        7       13        6       12        6        4        7        9       10        6        3        2        8        2        4        6        4        2        5        9
        3        5        4        5        2        2        6        3        5        4        6        6        6        5        2        1        0        1        4        2
        3        3        1        4        3        6        1        2        1        5        5        3        2        0        3        3        2        2        3        6
        6        8        4        7        3        8        6        5       10        2        7        9        9        6        8       12        8       15        4        4
       17        7        4        6        5        9        8       10       15        4       12        9        6       11        9       10        2        9        7       12
        5       11        4        8        7        5        6        4        1        6        6        7        6        4       13        3        4        2        3        4
        2       10        5        8        0        4        4        3        1        1        7        2        4        3        6        4        2        1        2        2
        5        3        4        2        2        6        2        2        2        9        4        4        5        3        7        4        4        5        9        4
        2        4        7        9        8        8        8        2        8        8       10        7        8        6        8        9        9        9        9        5
       12       13        9        5       17       11       12        6       11        4       11       11        9        8        6       13       12        8        8        8
       11        8        9       10        4        6       10        6        7        5       11        6        5        3        4        4       12        8        9        8
        2        3        7        1        6        5        6        7        3        3        3        3        0        4        8        9        2        5        6        2
        0        5        6        2        3        4        2        6        6        6        7        5        7        4        5        5        4        4        4        8
        8        1        6        5        6       10        5       15        5       12        6        7       10        8        5        7       12        9        7        5
        7        9        7       13        7        6        5        9       10       10        7        4       10        6        9        9       12        7       12       13
        4        8        6        7        5        7       10        7        7        8        7        7        9        5        7        8       14        5        5        5
        8        5        8        3        5        1        5        5        7        4        3        1        3        4        5        2        3        3        5        1
        1        2        5        3        4        4        2        8        3        2        4        4        1        6        4        2        4       12        2        3
        8        6        9        6        4        8       10        7       13        6        3       11        7       12       10        8        9        9        9        4
        4        6        8       15       10       17       14       11        7        7       16       16       10       14       12        7       12        6       14       10
       12       10       13       11       11        8        7       11        8        7        6        4        4        1        4        7       10        4        3        5
        8        5        4        2        6        6        5        6        6        4        4        1        3        3        2        4        5        3        2        1
        0        3        2        7        4        3        2        4        4        1        3        5        4        7        3        2        9       11        5       12
        6        4        3       13        5        8       10        8        9        8        4        7        7       11        9       11        6       11       11       11
        6        9        8       11       12       17        3       10        4       11        7       13       14       12        7       10        9       10       18       11
       13        9       12       14        9        7        9        8        7        6        3        5        8        8        7       14        6        3        6        4
        8        6        5        4        2        8        4        2        5        2        5        4        3        2        8        3        5        4        5        7
        2        1        2        8        1        1        3        6        5        5        6        2        1       10        4        4        6        6        5        8
        7        7        4        4        6        9        7        8        7        5        7       10        3       10        6       11        7        5       10        7
       15       12       12        9        4       14       10       11       10       15       10        4        7        8       14       12        9       10       11       13
        7       16        9       10        7       19       11        7        7        9        6        7        3        4       10        6        6        4        7        7
        3       10        6        6        5        4        2        5        6        5        2        5        4        3        4        7        1        1        2        2
        1        2        3        1        1        6        4        0        4        3        6        1        6        5        8        4        9        8        6        3
       14        8        7        9        7        2       15        8       10        7       11       10        6        8       14       14       16        8       12       10
        8       13       16       13       17       15       10       15       16        8        7        6       10        9       12       11       13       11       10        9
       10        9       16       13       15        8       12       10        2        3        9        7        8        7        5        9        9        6        4        1
        9        5       10       11        7        5        2        4        4        6        2        4        5        5        4        3        2        2        3        2
        1        2        2        2        7        5        4        5        2        3        7        3        5        6        7        3        2        5        8       10
        6        6        3        7       13        9        4        4       10       11        9       11       13        7        4       10        9        7       29       12
       10        7       10       13        9       13       14       13       10       20       11       10       14       12       16       10        8       11       18       10
       13       12       11        5        8       10       12       14        4        5       16        8        7        5        6       12        9        7        6       10
        5        7        3        8        4        4        2        4        5        7        5        7        1        4        5        7        5        4        1        3
        4        1        2        3        2        8        5        3        4        5        7        3        3        2        4        1        6       10        3        4
        9       10        9       10        9        5       11       10        5        8        9        7        9        3        3       14        8       17       10       13
       10       10       17        6       10       14       16       12       14       11       11       23       15       16       10       16       10       15       10       10
       13        7       12       15       12        5       10       14       11        7        6        7        7       11        5       10        8       11        5        9
        5        7        6        6        7        4        7        3        2        6        5        7        2        4        0        6        1        3        6        1
        5        2        4        2        4        2        2       10        4        6        7        6        3        5        7        4        3        7        6        6
        9        5        6        7        4        7        9        6       13       11       10       10       12       11        7        6        5       16       16       10
       17        7       15       15        7       13       18       18       10       14       16       10       19       14       17       21       15       12       14       19
       15       12       13       12       13       11       16       10       16        9        7        7        6        9        8        6        9       11        8        2
       10        7        7        3        4        4        7        5        4        5        5        5        7        6        4        7        1        7        8        2
        2        7        2        7        4        7        2        6        1        2       10       10        2        6        8        5        8        7        9        5
        9        4       11        9        4        5       11       10       14       11        9        7       17       15       13        6       11        8       20       17
       17       17       12       14        9       13       19       19       18       22       11       11       21       15        9       16       15       14       16       14
        7       16        9       12       12       15       13        8       11       16       10       12        6       12       10        9        8       10        6        5
        6       10        5        8        7        9        3        4        4        7        2       12        5        2        3        3        4        2        6        5
        3        5        8        3        7        4        3        3        6        6       13        5        4        6        6        2        7        8        8        7
       18        9       13        7       12       11        5       16       18        7        7        7       10        4       10        6       19       16       22       23
       13       16       11        9       18        8       13       16       15       11       17       17       12       19       20       10       14       18       29       15
       15       12       17       16        6        9        9        9       11       12        9        9       10       10       12        8       10        8        8        6
       13        3        8        5        4        7        4        3        2        2        5        2        3        3        6        2        8        4        6        3
        3        0        5        4        3        7        4        4        1        6        5        6        8        9        8        4        5        3       12       10
        3        7        5       12       10       18        8        8        6       12        9        6        2       16       21       11       16       18       21       18
       14       15       17        9       11       16       19       11       19       24       14       19       18       13       24       18       10       11        8       15
       13       17       12       15       11        9       12       12       22       19       12        6       15       10       10       12       11        9       13        8
        9        7        3        8        6        6        8        3        8        9        7        5        1        8        6        5        3        5        4        8
        2        8        4        2       11        6        6       10        3        7        8        2        5       10       10        9        6        5        4       16
       10        8       10       10       14        8        8       13        8       13       11       16       17       10       18       10       24       23       10       21
       16       20       22       20       16       20       16       22       16       20       20       14       26       17       20       17       21       15       16       16
       16       18       13       18       17       15       15       12       11       16        5       10        7       12       11       12       15        7        4       12
        9        6        4        6        7        7        7        2        5        4        4        4        7        2        3        6        6        6        7        2
        4        3        6        4        6        4        5        7        7        4        3        5        1        3        7        8        6       10        7        9
        6       10        9       19       13       13       17       17       13       13        5       18       24       11       15       19        9       18       11       20
       13       18       18       19       19       19       15       21       25       14       23       17       18       17       21       11       14       17       16       25
       26       14       24       11       21       22       11       11       14       12        6       12       19       13       13       11       10        8       14        7
       15        9        9        7        9        6        6        6        6        3        3        7        0        7        6        7        3        3        6        1
        6        3        6        7        7        3        9        6        3       10        6        6        5        8        8        7        8        9        4        8
        6       15        7       14       14       12       12       14        7       12       11       18       10       13       12       15       15       17       11       20
       14        8       22       17       20       20       24       24       23       21       21       19       18       15       19       18       10       16       18       20
       16       25       20       15       23       15       19       22       14       10       14       10        9       12       11        7       11        5        4       10
        7       10        7        4        6        8       10        9        6        3        7        5        7        6        7        4        6        3        2        3
        2        4        3        4        6        4        6        8        5        7        5        7        6        4        8        5        9        5        5       11
       10       11        7       10        6       17       16        9       13       13       11       14       17       19        7       16       18       14       15       14
       21       17       15        8       15       26       19       31       28       30       18       22       29       17       19       18       24       16       28       17
       26       28       23       14       21       11       26       21       18       13       15       17       13       13       11        7        9       10        9       12
       10        5        7       10       12       10        6        9        7        4        3        5        3        4        5        3        4        7        4        6
        3        2        4        5        5        4        5        5        6        5        7       13       10        7        5        6        7        5        4        6
       13       18        7       12        8       12        6       15       12       14       11       18       18       11       17       16       17       17       20       22
       19       27       15       30       33       27       21       29       19       23       25       25       26       23       25       18       28       17       11       20
       27       15       27       21       20       28       19       19       24       19       16       20       28       13       12       15       10        8       13       11
       10        7        7        4       12       11        9        5       10        6        6        7        3        6        4        4        3        7        4        5
        3        4        3        4        3        3        4        7       10        8        7        6        8        5       12        6        6       10        8        8
       15        6       15        8       12       13       15       16       11       11       18       17       19       22       26       19       18       26       17       18
       26       27       21       21       26       31       21       20       25       15       31       29       22       26       30       23       21       18       32       34
       24       27       20       17       21       23       20       13       16       16       12       14       12        9       15       19       13        8        8       13
        7       15       18       11       12       10        8        6        6        4        6        4        5        3        1        7        5        6        3        2
        5        5        6        5        4        4        8        5        6        7        5        5        6        5        6        6        7        8        8       10
       12        9       13       10       15       13       20       13       12       19       16       13       21       14       20       24       13       22       27       18
       40       19       29       21       17       26       29       34       23       27       38       28       27       35       19       27       28       28       25       27
       23       21       24       24       20       19       32       21       14       17       22       12       16       10       15       16       15        7        9       10
        6        8       14        9        6        7        9        8        6        5        6        4        5        4        8       14        7        5        4        5
        3        5        4        7        7        6        7        5        3        5        3        6        7        7        8        6        5        8        7        6
        8       14       17       21       12       11       17       13       10       16       10       20       11       11       16       19       22       26       23       28
       32       37       27       30       32       26       30       25       34       23       27       32       29       30       36       35       29       28       25       38
       17       23       23       23       16       31       28       20       17       16       21       20       14       15       16       15       10       13       13       11
       13        9       10        4       12        5        6        9        9        6        5        4       14        4        3        5        5        5        4        2
        5        2        9        7        2        4       12        8        6        5        8        5        8        3        9        7        9        7        4       10
       17        8       19       11       11       18       14       13       14       14       18       15       14       18       13       18       26       28       28       34
       28       31       34       29       39       29       32       36       34       36       43       36       30       33       41       36       27       38       21       33
       31       24       26       20       33       30       32       21       21       19       13       16       17       15       16       12       10       10       15       13
       11       11       13        9       11        3        6        8        5        6        4        4        8        4       11        5        4        5        2        3
        7        3        3        6        8        5        4        3        9        3       10        6       10        7       13       10       10       11       10       12
       11       12       13       18       21       12       10       20       16       22       23       25       14       29       21       27       31       31       42       19
       34       34       42       36       38       30       37       43       38       28       33       34       33       38       29       37       41       32       26       26
       46       31       31       23       36       20       28       20       19       16       18       25       19       13       12       16        9        9       10        9
       15        8       12        9       18        8        9       10        8        8       11        6        9        5        2        6        4        2        5        5
        5        8        6        6        6        9        5       11        5        6       12        7       10        8       12       11       13       11       18        7
       10       11       11       16       10       12       11       19       16       20       18       20       29       26       23       25       24       28       27       28
       31       42       31       33       37       39       42       30       39       43       49       35       39       29       39       35       40       29       36       38
       35       30       30       24       24       19       35       25       23       19       14       13        9       16       18       19       15       13       12       12
        5       11        7       18       10        2       10       10        8       14        5        7        7        6        4        3        5        7        4        4
        4        6        3        3        8        7       10        8        6        4        8        8        6       12        8        8        9       14        8        7
       14       18       19       18       12       12       18       19       17       16       28       27       29       29       24       29       32       24       33       37
       41       31       42       37       49       41       44       48       39       44       39       41       50       43       43       42       44       40       40       43
       38       37       39       30       24       23       28       30       35       26       20       20       14       14       17       22       15       12       15        9
        7       13        8        8        7       13       10        4        7        7       10        8        8        8        3        5       10        7        6        5
       10        6        4        4        6        2        7        5        8        2        8        3       10        7       13        6       10        6        6        5
       13       15       18       13       20       13       21       22       22       31       18       34       19       35       30       27       39       35       28       36
       41       44       55       44       39       47       36       60       52       46       47       48       51       43       46       45       40       39       46       40
       47       25       31       28       26       22       23       22       28       21       24       36       13       16       19       18       24       15       10        9
       10        6       10       13        6        5        8        6       12        6       10       13        5        5        4        5        5        7        6        6
        6        6        3        5        5        6        4       13        5        5        6        5        6        9       11        7        7       12       10       15
        4        9       11       13       11       20       13       27       21       17       20       29       27       27       30       37       43       41       39       37
       55       49       65       63       59       66       49       58       65       51       56       36       40       50       45       40       52       59       50       39
       29       48       28       38       30       35       36       35       25       25       20       24       27       20       24       10       15       19       17       19
       11       11       13       12       11       15        8        8       12       14        9        3        2        8        7       13        8        2        4        5
        3        8        6        3        5        6       15        7        4        8        5        1        9        9       10       14        7       10       13        7
       15       12       19       11       16       24       18       19       25       13       24       24       28       30       41       43       38       33       30       32
       54       49       57       63       62       50       74       66       53       66       55       67       49       52       48       50       47       65       56       47
       43       37       43       48       34       37       34       37       25       31       22       17       27       15       22       21       18       18       20        7
       17       11       10        6        7        9        9        8       10       13       10       12        8        8        4        8        3        4        2        9
        4        0        4        9       12       13        6       13        4        5        5       11        8        9       11       14        9       13       14       11
       12       21       12       19       15       14       14       26       31       25       32       33       31       39       32       32       35       42       38       37
       44       65       57       46       51       47       72       69       61       71       73       61       75       73       61       52       71       53       43       63
       47       47       38       43       41       39       37       29       32       31       39       26       16       14       21       21       23       15       10       20
       17       17        9       16        5       12       12        7        7       12        7        9       15        5        7        4        7       12        1        2
        8        3        8       11        5        2        4        6        4        6        6        6        9       11       14        7       11        9       16        8
       16       13       15       24       16       31       20       24       23       25       29       35       28       41       45       38       40       32       62       41
       54       48       56       66       61       83       81       77       64       72       74       84       87       61      103       58       79       65       51       63
       35       41       36       47       29       32       42       27       42       39       25       25       27       24       29       23       14       15       10       12
       19       10       17        9        5        8       12        5       14       14       12        8        7        5        2        5        4       11        6        6
        5        4        5        6        5        6        7        5        8        8       12       13       11       13       12       12        8       10       10       16
       14       15       21       13       20       17       25       23       25       21       37       28       38       29       54       41       40       60       50       51
       48       69       64       69       70       62       72       92       90      102       84       84       97       82       87       80       80       52       67       40
       45       57       47       41       46       44       36       43       37       31       34       25       18       20       21       22       25       13       22       18
       16       12       11       16       15       10       10        9       11        6        4        7       10        7        8        9        5        3        8        6
        9        5        6        3        5        4        8        7        8        6        6       10        8        6       18       12       20       10       17       14
       13       11       16       12       22       15       27       38       28       32       28       25       30       35       56       45       48       54       62       58
       66       65       62       99       74       82       91       95       89       92      109      109      104       99      102       79       73       85       86       69
       58       51       45       52       48       38       52       41       40       37       29       24       29       17       29       15       20       22       23       16
       14        8        8        9        9        9        5       13       11       10        8        8        7        5       10       13        7       10        8        7
        3        7        6        5        2        8        5       12        5       12       10        9        6        7       14       12        9       18        7       12
       16       17        6       12       18       18       28       33       28       31       37       33       38       25       48       52       43       62       62       65
       74       78       70       94       74       87       94      101       98       99      100      107      124      111      103       99       84       81       74       67
       61       65       49       56       51       38       42       49       39       27       22       23       20       23       30       28       15       24       16       17
       13       14       11       13        9       17       14       11        9       15        8        4        9        7        5        6        5        3        4        5
        4        5        3        8        5        2        4       10        8        7       10        8       12       13        9       14       13        8       13       11
       21       13       26       19       17       24       15       28       27       28       41       35       36       45       56       38       66       60       52       77
       74       87       93      102       87       94      113      117      112      140      134      129      112      124      110      100       90       95       90       72
       63       60       63       64       43       53       49       39       30       45       34       39       32       23       23       15       12       19       17       15
       23       16       12       16        7        8       11        6       11        9        8        7        4        9        7        3        9        4        8        5
        6        4       10        9        7        2        7        8        6        9        5        8        8       10       12        9        8       20       19       16
       17       22       28       30       26       22       20       36       26       33       35       46       53       46       58       51       60       73       81       87
      106       89       98       98       96      123      155      133      129      155      153      148      137      115      116      110      139      114      108      107
       80       74       57       55       53       58       46       35       45       32       34       20       24       30       32       20       16       24       24       18
       10        8       15       11       12       10       14       10       10       11       11        4        8        7       10        6        5        2        5        5
        8        6        5        8        4        3        2        3        6       10        4        8       10       17       18       17       17        8       16       24
       10        8       25       26       20       30       29       17       30       43       31       35       39       45       53       56       62       75       79       69
      101       95      108      116      110      143      142      157      153      176      178      168      157      131      126      114      126      103       98      105
       80       68       52       59       60       57       59       42       43       38       34       31       28       28       19       11       28       19       21       20
       19       19       17        8       15       15       15       17        8       11        6        4       11        2        9        8        5        8        5        5
        8        9        6        7       11        5        9        6        9        9       12       13       16       15        8       21       14       18       12       15
       16       15       20       22       21       33       15       21       29       31       40       30       40       53       52       60       48       79       79       91
       91      123      119      150      147      181      143      190      203      205      172      192      177      176      153      143      137      127      115      104
       67       71       65       56       57       63       52       40       38       34       32       30       36       26       25       19       18       27       25       15
        9       18       17       10       15       11       13        9       14        6        6        9       11        2        8        9        8        9        3        7
        4        6        9       10        4        7       11       14        5        8        8        7       11        9       14       11        9       15       12       13
       10       18       14       29       26       21       32       27       30       32       45       43       58       41       54       48       68       58       69       78
      104      124      128      146      160      164      208      233      262      250      222      235      228      198      145      170      155      126      129       92
       94       86       77       63       57       69       48       55       57       50       31       31       25       34       24       12       17       29       19       18
       21       15       10       15       14       13        6       13       13        7       15        6       10        7        5        7        7        3        7        6
        9        8        4        7        9        6        8        9        7        6        5       14        8       15        7       15       14       13       11       14
       20       22       14       25       19       31       29       33       27       35       44       45       52       46       49       58       75       73       77      102
      110      135      143      147      159      191      208      275      309      336      311      317      264      245      212      180      152      140      133      121
      109       98       82       64       77       61       80       49       41       40       34       24       24       39       24       20       24       19       15       13
       12       15       13       14       21       10        9       13       17       14        7        9       11       12        7        5        9        7        6        5
        6        6        7       13        4        9        9       10        4        7       10        7       10       12       18       20        6       15       11       21
       20       14       17       24       26       29       32       31       34       30       51       44       48       55       47       72       75       66       81      120
      122      122      148      187      190      231      282      318      358      358      409      399      316      288      258      208      202      161      146      133
      124       88       94       66       56       54       43       56       44       49       41       26       29       32       28       30       32       15       15       21
       18       15       11       17       16       10       19       14        7        4        6        7        6       10       10        6       12        3        5        7
        7        7        3        5        6        7       14        5       10        7        8        7       14        7       16        9       13       10       17       13
       19       36       16       17       23       28       20       32       26       32       38       38       47       43       63       76       76       96       83      120
      136      148      153      189      214      303      325      402      422      483      524      468      415      344      265      217      195      174      146      122
      102      110       91       69       57       58       68       52       41       42       47       38       30       25       29       34       23       15       15       14
       12       21       13       12       14       15       10       11       12       10        4       17        3        3        7        4        2        4        4       11
        6        3        1        5        5        4        7        4        6       12       11       11       11       13       18       15        9       15       17       13
       25       21       18       21       33       36       30       36       30       30       36       48       42       54       51       67       83       84       86      131
      129      134      168      176      241      266      388      435      582      743      725      606      511      340      312      279      223      182      140      109
      103      108       87       70       65       63       51       61       45       39       45       30       26       33       33       25       26       20       22       21
       16       18       22       10       15       12       11       13       10        6       10        6        9        5       11        6        8        4        5        1
        5       11        8        3       10       11       10        9        5        4       11        6       14        7       14       16       13       11       11       21
       13       15       18       21       24       24       42       27       42       56       52       49       62       53       46       66       53      100      100      102
      108      129      188      217      256      290      358      514      775     1094     1097      780      614      438      349      260      205      162      147      130
      128      101       74       82       83       58       61       52       36       40       39       26       35       30       28       19       24       22       20       21
       13       19       15       11       19       13        8       16       16        9        9        4        4        8        7        8        9        8        8        5
        7        4        9        5        4        4       11        7       12       10       12       13        9       11       10       19       11       18       18       24
       17       23       18       17       12       27       28       24       30       35       37       41       57       50       60       64       70       62      114      103
      125      143      168      223      284      354      401      542      910     1942     1646      844      598      408      338      275      207      175      153      123
      104      113      115       94       65       57       55       35       52       39       37       39       37       23       20       14       22       22       15       14
       16       25       15       12        3        7        7       11       10       12        7        4        9       11       10        4        4        8        6        7
        2        2        5        3        5        9        5       12        6       11       11       10        9       14        5       13        6       19       17       26
       15       13       16       27       20       24       26       19       40       34       50       43       56       54       73       57       64       99       85      139
      119      131      178      209      279      313      434      608      749     1163      994      747      543      422      306      279      215      188      165      127
      126      112       90       72       61       51       53       55       49       41       25       38       33       23       30       29       28       20       22       20
       15       31       15       10       15       17       15       18        9       10       10        8        9       11        5        5       10        8        9        8
        3        2        7        3        6        7        5        7        1       11       10        7       14       14       11       12        9       13       10       23
       19       14       26       19       13       30       26       31       30       37       46       38       58       71       48       67       64       87       88      121
      142      151      161      183      222      328      344      420      595      698      646      565      512      420      315      271      189      179      162      117
      126       86       99       78       65       55       55       36       56       40       37       34       25       25       29       20       24       21       17       18
       15       15       15        8       10        6       13        7        6        5       11       13        5        3        4       11        6        8        5        5
       10        3       11        3        7        2       12        9        5        4        5       13       10        9       10       12       13        9       20       12
       10       20       21       21       30       27       34       41       34       30       35       25       44       50       50       74       81       82       87      102
      116      143      140      190      224      274      316      416      435      539      457      489      402      366      266      191      196      151      169      143
       94       85       72       78       79       72       49       64       42       50       29       35       27       19       30       20       21       23       18       22
       24       15       15       13       14       13        6       10       12       11       12       11       11        6        2        5        5        9        8        5
        2        5       10        9        5        8        8       12        6        6        8        7       10       19       11       17       13       18       19       24
       10       16       18       26       21       22       33       22       26       30       38       47       42       41       52       57       61       56       95      100
      128      131      147      180      218      243      275      299      321      356      384      323      341      271      225      195      200      191      125      116
       91       90       72       67       74       76       57       58       49       55       38       20       46       24       22       36       16       26       24       16
       22       17       20       18        9       16       10       16        7        8       12       13        9        6        5        6        4        6        4        4
       10       10        9        5        3       11        7        9        7       13       13        4       14        9       16        8       15       12       18       18
       16       16       21       23       21       22       19       34       35       31       39       40       32       44       65       49       76       74       76      102
      116      131      137      165      208      206      203      253      299      266      259      277      271      233      196      192      172      147      146      123
       84       86       79       63       69       47       74       63       41       35       47       27       29       28       25       22       25       24       16       21
       19       12       15       23       16        8        6       13        8       11        9       13       17       13       10        4        6        4        5        6
        3        6        8        7        5        5        4        7       11       10        5       10       13       13        9       11       16       10       20       14
       22       22       16       17       24       21       26       28       34       33       42       37       34       45       49       59       72       73       73      105
       93      119      131      138      151      168      191      201      224      254      204      254      232      209      191      175      146      125      119      116
       85       79       76       69       57       47       72       47       51       46       49       38       28       36       26       28       17       15       19       23
       23       18       22       12       11       13       14        9        7        4       11       10        8        9        7        5        5        6        3        7
        6        2        6        8        3        2       10       11        8        8        5        8       10       12       13       13       13       12       16       15
       16       21       14       27       30       21       27       37       28       40       30       38       47       50       61       52       52       72       80       96
       93      126      113      149      146      187      181      203      181      181      215      220      188      169      182      135      139      118       88       79
       88       74       68       61       57       45       47       38       42       38       36       31       31       40       29       19       24       29       13       17
       15       20       19       10       18       12       13       10        6        5       10        7       10        8        8        9        6        6        5        6
        5        7        6        8       13       11        7        5        8        7       12       13        7       14       16       12       11        8       12       13
       13       24       13       16       20       33       24       29       31       36       36       39       44       41       41       68       60       56       67       83
       85      108      116      115       97      123      143      165      181      184      192      152      173      162      143      121      123      107      108       96
       92       74       80       62       54       57       56       39       42       36       34       31       28       26       18       28       14       22       20       24
       14       18       16       16        9       11       11        9       11       16        8        6        7        9        6        9        4        7        6        7
        4        7        6        5        6        3        5        7        7       12       13       15        9        7        6       11       10       17       14       18
       13       15       19       23       26       18       20       29       34       30       35       46       39       48       47       44       63       65       65       82
       76       96       99      103       99      131      131      134      142      164      144      153      131      115      127      112      119       88       89       79
       85       65       56       67       51       50       47       43       44       42       35       37       25       22       17       29       19       24       21       20
       19       15       11       19        9        9       13       13       12        9        7        4        8        4        6        9        6        3       10        7
        3       11        1        4        3        6        5        4        9       18        9        9        7        8       12       12       11       14       11       14
       17       14       17       14       22       18       28       31       27       42       32       35       46       45       43       53       60       60       80       66
       64       82       71       86      102       94      103      115      128      117      139      109      120      129      130      111      118       86      112       80
       69       46       67       66       62       50       39       31       41       25       34       33       36       25       31       25       17       23       25       15
       10       14       19       16       11       17        6        8        9       12        5        8        4       14        8        6        3        6        4        3
        6       13        1        6        2        6        9        9        8        9       12        6        8        8        4       11       17        9        9       15
       15       16       16       24       15       22       28       28       29       38       34       34       38       37       38       52       55       56       64       48
       61       60       70       75       84      102      104      112      110      131      111       99       95      105       82       92      116       87       84       69
       79       63       58       65       42       40       38       37       28       28       32       23       29       18       27       30       24       21       20       12
       21       15       12        6       14       17       18       12        8        7       13        6        8        4        5        7        3        5        7        5
       11        7        7        3        6        4       10        5        6        7       11       11       14        9       19       14       14       10       19        6
       13       21       17       21       16       25       28       38       22       29       35       26       44       29       50       44       47       41       67       49
       51       80       78       71       63       96       91       81      104       83       97      102       98      100       84       84       72       85       87       54
       80       51       43       47       57       33       35       37       27       28       33       21       29       21       19       24       21       13       22       12
       18       19       11        7       13        9        7        4        8        9        7       13        5        6        8        8        7        7        6        2
        2        4        8        9       10        5        5        8       18        9       11       15       12       11        6       14       11       10       16       15
       24       14       15       19       18       26       14       20       22       27       29       35       27       42       54       44       42       57       53       60
       50       52       59       64       71       56       86       82       89       79       78       71       81       75       85       68       78       63       52       53
       52       57       55       50       49       36       24       37       37       24       21       18       26       14       26       31       23       22       14       14
       11       16       17        7       12       13       14        7        6        8        6        9       12        2        2        3        9        6        4        3
        7        6        5        4        7        4        3       10        5        6        8        6        7       16       10       18        8       14       14       15
        6        9       16       15       23       20       19       20       23       21       30       24       32       30       25       39       38       49       50       38
       63       57       62       73       68       75       75       72       89       76       83       73       78       65       77       69       71       71       47       53
       51       55       35       42       43       45       33       36       32       28       28       27       26       26       33       24       23       19       12       11
       16       14       14       16       11       10       15       11       11        4        5        8        6        6        9        7        5        4        2        4
        3        2        5        4        6        2        2        6        6        9        7       10       10       12        4        7       12       13       11        9
       20       14       21       19       10       14       13       19       12       21       30       33       41       36       30       43       43       47       41       53
       35       43       48       65       77       65       56       86       52       72       78       56       58       54       71       73       71       58       52       43
       61       46       45       41       41       37       26       38       24       25       25       15       26       23       21       23       16       21       16       18
       10       13       12       12       14       11        6        9        7        8       15       10       10        5        3        4        5        5        5        3
        5        7       12        3        6        1        4        6        9        6        7        8        3       18       15        2       12        7       10       13
       16       17       15       20       26       17       17       24       31       11       35       27       27       32       32       34       33       42       44       32
       60       45       30       53       55       49       58       52       59       46       63       65       43       61       53       56       67       61       53       29
       42       49       32       30       35       34       32       21       28       26       23       18       15       22       18       16       19       15       13       19
       16       13       17       12       13       10        2       14       10        5        6        6        5        9        9        5        5        3        4        3
        6        2        7        2        5        7       11       12        9        6       10       12       11       10        5        7        9       12       12        8
       12       15        8       14       20       16       14       17       18       29       31       21       30       37       32       24       22       28       25       46
       41       53       53       51       53       42       58       53       63       55       65       62       59       61       49       40       48       41       47       35
       39       43       34       39       29       31       28       31       24       30       22       20       19       23       16       17       12       15       15       12
        9        6       16       11       10        4       13        8        7        7       12        7       12        7       11       12        7        4        2        8
        6        4        5        5        8        6        8        6        5        6       10        8        9        4        6       12       10       10       17        8
       12       15        7       17        9       17       18       13       19       24       24       17       26       25       37       36       36       34       39       50
       44       45       56       36       54       50       53       46       54       42       44       43       55       44       47       58       44       59       44       42
       51       38       44       29       29       30       27       23       21       28       25       21       29       18       21       12       11       19       15       17
       16       13       12        9       10        9        9       14        5        7       14        7        8        5        5       12        9        2        3        5
        4        3        5        4       11        8        3        5        6       10       10        8       11        9        7       11       13        7       12        6
       18       13       20       13       13       17       19       18       22       26       22       20       31       31       24       34       24       30       30       24
       36       28       33       35       47       41       36       39       61       44       51       38       40       38       48       40       41       39       42       29
       40       30       28       33       33       31       13       18       20       20       21       21       18       18       19       18       11       15       14        3
       10       14       11       10        5        9       19       10       14        7       10        9        6        8        5        4        6        4        6        2
        9        3        8        7        8        3        5        5        5        9       11        6       16        7        7        7        7        7        4       14
       16       12       10       13       22       11       19       19       17       15       22       23       27       27       28       23       26       26       21       37
       32       35       36       41       38       39       31       48       42       45       45       42       40       36       44       43       35       31       41       28
       32       28       38       31       28       26       26       25       23       24       23       17       23       10       21       25       18       17       16       10
       15       11        0        8       11       14        7        5       10        8        6        6        3        4        9        5        4        7        2        5
        3        5        4        2        8        3        2        4        7        9        3       15        4        7        7        7       13        9       11        7
       10       10        7       17        7        4       13       10       22       20       28       18       25       26       28       21       32       24       29       43
       24       21       32       44       30       38       36       39       26       42       34       43       38       47       33       34       36       34       40       29
       30       32       31       20       32       20       19       28       23       18       23       19       18        7       26       15       18       13       14       13
       13       10       15       12        4        8        8        6        3        6        3        2        5        5        4        6        5        7        8        4
        5        2        5        8        1        6        8        4       12        5        4        9        9       11        7        6        8       12        5        6
        7       13       14        9       11       15       18       14       19       20       13       15       15       12       15       31       26       23       29       24
       32       30       26       17       36       35       32       19       35       38       41       33       26       32       31       35       39       34       32       27
       30       32       30       35       21       22       16       19       17       23       14       18       15       21       14       17       14       11       13       18
       12       14       10        4       14       10        6        8       11        8        5        7        4        4        3        8        5        5        2        5
        2        2        5        4       12        9       11        7        2        4        4        8        4        4        4       12        8       15       11        8
       12        9        6       16       16        8       15        9       13       18       18       15       25       19       20       31       21       24       19       16
       29       27       27       21       20       29       29       36       34       32       34       25       37       28       38       31       22       24       32       28
       33       33       20       22       21       26       21       31       18       25       19       24       10       11       12       11       16       11       20       11
       16       12        7        3       12       10        7       14        6        4        8        7        8        4        5        3        2        5        4        5
        4        5        7        5        8        6        9        4        8        5        6        6        8        8        8       12        8        7        7       12
       11       11        8       11       13       16       15       17       18       17       16       27       31       21       18       16       25       16       27       23
       24       25       35       27       26       30       32       22       31       27       25       23       31       35       31       36       30       28       31       21
       18       27       24       31       21       22       18       20       18       18       22       16       16       20       12       16       18       10       12        8
       11       14        7        6       12       11        7        6        5        8        8        4        3        3        4        6        8        9        6        4
        5        5        4        3        5        5        9        4        4        4        7        3        8       11        6        7        3        5       11        7
       15        8       14       10       15       10        6       13       15       17       15       17       18       21       22       21       19       29       13       32
       26       23       18       24       32       21       27       28       28       32       22       29       24       31       22       33       27       26       22       24
       19       25       22       26       26       27       17       12       22       18       15       14       14       20       20       18        4        7       12        7
       18        7       11       10       10        9        8        6        5        8        4        4        8        7        5        2        5        5        7        1
        5        3        5        5        7        5        9        1        3        5        8        5        5        6        8        5        6        7        5        8
        8       19       14       10        7       12        7       17       20       16       12       17       15       35       20       27       14       15       22       27
       22       19       23       33       17       28       27       29       26       19       24       34       32       17       29       20       32       26       36       21
       17       29       21       28       19       22       24       18       20       15       16       18       10       15        9        9       11       14        7       12
        8       11       12       10        6        9        3        5        4       13        3        4       11        2        6        3        2        2        5        6
        7        4        3        1        4        6        3        6        5        7       11        5        5        5        5        4        2        7       14        9
       14       13       10       16       14       17       11       13       10       10       20       15       15       18       21       17       18       19       16       20
       20       28       25       15       24       27       24       26       28       29       18       33       14       23       22       18       22       13       21       20
       21       29       23       19       19       30       17       17       24       11       13       18       20        9       12       10       15       10       10        9
        3       15        8       13       14        9        7        9        3        4        4       11        2        6        3        5        4        3        4        4
        6        4        7        7        6        4        4        5        9        7        5        6        5        7        5        2        6        5       10       16
       10       11       12       12       12        9       11       15       10       16       16       15       14       14       16       21       15       17       19       19
       22       18       17       17       25       24       12       19       28       19       18       18       21       20       22       17       17       18       27       31
       28       13       16       27       23       11       22       13       19       17       17       14       13       15       15       13       10        9        4        5
       13       17        4        7       11        8        3       12        8        4        4        5        9        6        9        5        5        3        3        3
        3        5        5        4        5        7        3        5        5        4        7        8        7        5        4        9       10       10       11       16
       10        7        6       15       10       10        9       15       11       16       18       10       15       22       17       13       13       18       23       15
       24       20       22       27       13       16       25       25       19       27       27       18       14       16       18       17       21       28       16       15
       20       13       21       15       17       13       19       17        9       20       17       13       14        5        9        8       10       12       11       11
        7        8        4        7        9       12       11        7        8       14        3        3        4        6       10        5       11        7        3        6
        4        8        6        4        3        5        3        9        4        9        6        7        6        4       11        6        5        9        5        9
        5        7       10       17       14       14        9       14       14       12       15       18       16       17       17       16       11        9       16       15
       14       28       18       12       19       23       13       15       23       25       21       15       22       20       16       16       10        8       21       13
       24       19       21       19       13       21       15        6       16       18       13        8        8       13        4       13        9        6        9        8
        4        6        9        8        7        3        7        4        3        5        7        6        8        6        9        3        3        3        4        4
        3        4        4        1        4        7        6        5        8        4        6        8        4        5        5        7        5        6        4        9
       11        6       10        3       12        8       11       13       13       10        8       12       11       13       16       17       18       19       17       12
       22       15       14       16       21       24       11       23       16       18       15       13       20       18       13       24       21       16       14        9
       15       18       22        9       19       27       11       15       10       11       14       14       10        7       15        6        6       10       13       10
        5        6        6        9        6        6        5        4        8        8        8        3        3        3        8        7        8        1        1        3
        6        4        6        4        3        6        3        1        2        9        7        8        6        7        7        7        6        8        6        9
        4        6        5        5       14        5       12       17       21       10       16       13       14       16       14       15       15       14       16       13
       14        7       23       24       11       17       22       17       29       20       14       14       18       16       16       21       19       15       16       16
       18       18       19        9       15       15        8        2       13       17       15        6       11        6       13        6        9        9       10       14
       11        8        8        7        6        3        4        6        8        8        4        8        7        8        2        4        2        3        3        2
       10        4        2        3        4        4        6        6        4        8        8        8        4        6       10        8        9        9        8        9
        7        6        4       11       12       10       18       15        8        5        8       13       21       13       16       11       20        8       16       10
       10       20       17       18       12       12       17       20       18       15       20       21       17       13       12       13       18       13       17       16
       14       14       14       14        8       15       16       12       12       15       11       12        7        8       12       12        8        9       16        6
        8        4       10        7        8        9        9        4        8        9        3        5        3        9        3        6        3        3        5        2
        3        4        5        4        6        7        9        4        7        8        2        8        7        5        3        3        8        9       11        5
        6        7        5        7        9        5       14       12        9       10        9       13       15       12       19        8        9       12       10        9
       15       12       16       19       26       20        9       21       19       15        9        9       15       11       14       16        8       20       15       15
       11        7       10       10        9        8        7       14       11       13        7        8        4        9       10        9       10        7       17        9
        9        7        7       11        6        5        8        3        3        4        5        3        7        3        4        3        9        7        3        3
        7        4        3        8        9        3        2        7        7        5        3        6        5       10        6        7        5        1        6        1
        6        9        5        7       11        7        3       10       12       12        8       12        7        7        8       19       19       10       12       12
        9        8       10       17       13       12       14       10       14        7       12       20        7       11       18       11       13       12       11        7
       14       14        5        9       17       11       14       10       12       13       13        7        9       17        7        9        5        6        2        4
       11        9       12        6        6        5        3        4        7        4        6        5        6        6        6        3        3        6        1        5
        3        2        0        5        7        9        5        9        2        7        4        1        7        5        3        6        6        4        2       11
       13        8        7        6        8       14        9        3        7       12        9       14        9        8        8       11       12        9       11       16
       12       10       13       10       12       11       18       17       12       12       18        6       12       12        5        5       17       12       11       10
        8       14       13        7       14       12       18        7       11       15       14       11        6        5        5        7        5        7        6        8
        2        6        6       10        6        4        5        5        7        6        6        3        4        2        4        3        5        7        4        6
        1        7        1        4        3        3        4        7        8        2        6        8        3        8       10        1        8        7        4        5
        6        8        8        6        3        3        9        6        8        3        5        7       13        9       10        9       10        9        9       15
        8       14        7       13       15       10        9       15        5       13       18       14        8       13       14       12       15        7       15       10
        6       16       14        6        9       16       11       10        7       13       12        7        5        7       11        7        8        8        5        4
        4        9        6        1        3        9        5        8        9        1        5        3        7        2        2        6        3        2        4        3
        1        1        3        3        2        4        4        2        3        3        3        5        3        2        7        2        7        8        6        4
        8       11        4        5        7        8        7        8        8        6       11        9       11        6       10        9       10       11       11       11
        6       12       12        6       11       12       10        9       11       13       15       13       13        7       16       12        8       13       12       11
       19       12        8       17        6        6       10       12       17       12        9        7       11       10       12        7        8        8       12        8
        6        7        0        4        8        3        3        1        3        5        5        5        0        1        0        3        2        3        2        1
        2        1        3        5        4        3        2        6        3        4        4        5        3        3        5        4        4        4        5        3
        9        6        9        6        7       11       12        9        4       14        4        8       11       10       16        4        8       11       10       11
        3        8       15       12        7        5       12       10        7       15        9       19        8        5       10       10       13        8        7       11
       12       15       11       11        6        7       13        3       11       17       16       15       14       17       11       10        8        7        8        8
        5        5        7        6        9        5        6        5        7        1        3        1        8        1        6        4        2        1        8        2
        1        2        8        0        3        4        3        5        7        4        3        4        4        4        6        8        5        7        7        6
        9        7        6       10        6        4        4       10        4       14       10       10       10        9       13       14       12        6       13        8
       11       13        8       17        8        8        8       10       15       13       15       11       12        7       14       10       15        7        7        6
       17        4       13        9        6        5        5        7        6       10        8        9        7       10        4        8        8        2        6        7
        4        3        6        4        3        7        5        5        5        3        3        1        3        4        7        4        5        4        3        6
        3        6        5        4        7        1        2        2        6        3        7        3        5       10        7        6        4        2        5        6
        4        5        5        3        6        5        7        8        6       11        5        3        7        8        4        7       10        5       11       11
       13       12       14        2       11        6       11       17        6        5        9        9        7        5        5       11        7        9        7        9
       14       15        6        8       15       10        3       10        7        7       11        8        6        7        5        5        5       10        9        6
        9       12        7        5        2        6        1        5        7        7        3        1        1        5        7        1        3        1        1        3
        6        0        2        6        1        1        1        3        3        4        7        6        6        6        7        3        7        6        4        2
        9        4       10        5        8        7        4       14        7        8        4        5        7        3        8        7        5        3       12       15
        6       11        8       13        9        6       13        7        4       14        7       13        7        8       13        8       16       12       11        7
        6       15        8       10        8        6        4       14       11        9        8        9        5        6        8        1        8        9        6        6
        3        9        2        3        2        2        4        4        2        3        4        3        4        3        2        2        5        2        4        6
        4        2        5        5        2        6        5        8        5        4        4       10        4        3        5        6        2        4        2        7
        3       10        4        1        3        6        4        4        4        4        2        7        6        3       11        8        8        4       11        4
        5        6        8        3        8        9        7       11        9        9        7        9        4        3        8        8       10        6       11        7
        9       12        2        4        7        5        1        9        4       13       11        7        7        7        8        6        4        4        4        4
        7        2        2        3        4        3        2        6        4        5        3        6        3        5        3        1        1        2        2        5
        3        3        1        4        6        4        2        8        4        3        4        5        3        3        6        5        4        3        6        6
        7        6        5        5        6        6        3        5        3        4        6        4        8        5       11        7        6        6       10        8
       10        5        9        7        8        8        6        4        6        9       10        5        4        7        7        5        9        2        9        9
        7        3        9       10        8        8        9        5        9        7        9       12        4        7        7        6        6        4        7        5
        3        4        4        5        5        3        3        6        3        5        5        2        4        2        6        2        2        6        5        4
        1        1        4        4        5        5        6        3        5        5        6        2        2        3        5        5        1        1        3        4
        1        4        1        4        5        9        5        3        7        8        4        7       10        3        5        7       10       11        7        6
        6        7        8        7        7        5       10        5        2        9        6       11        9        6       11        9        3        6        4       10
        9        6        7        6        7        6        8       11        3        5       12        4        8        4        5        7        6        5        4        5
        2        7        4        3        6        7        7        2        4        5        2        2        3        3        2        1        7        7        1        5
        3        1        2        3        3        1        4        5        4        2        1        6        6        4        0        4        7        4        7        9
        2        5        2        5        3        5        4        3        3        5        6        8        7       10        9        9        7       10        9        8
        3       12        6        6        8        6        6       10        9       11        6        4       12        9        8        7        7        8        8        4
        5        4        6        4       12        2        7       12       10        4        7        2        4        4        4        4        3        4        5        3
        4        1        4        0        3        7        3        3        4        1        5        5        1        4        4        2        2        1        4        2
        3        2        7        1        3        1        2        2        4        7        4        4        3        0        3        5        3        8        4        3
        7        5        3        5       10        4        4       10        3        3       11        4        6        6        5        8        3        5        5       11
        6        6        3        8        7        7        3       11        8        9        9        4        7        7        4        4        7        3        9        4
        5        6        7       14        6        6        8        8        3        4        6        9        3        5       10        5        5        3        9        2
        5        6        4        5        2        3        0        1        0        6       11        1        3        3        4        2        1        5        2        1
        5        2        3        5        1        3        2        1        7        1        4        2        4        3        5        6        4        3        4        5
        4        0        4        3        4        5        3        5        3        8        2        3        3        9        3        6       10        7        8       10
       11        2        7        7        8        4        8        9        6        7        3        4        5       12        4        8        6        5        7       11
        3        3        2        4        7        4        3       18        3        6        9       12        4        6        7        7        3        4        5        7
        3        3        9        4        6        3        5        4        2        2        3        2        6        1        4        5        1        1        2        4
        4        3        2        1        4        1        2        2        1        7        2        1        4        2        2        4        4        2        7        4
        5        1        3        6        7        5        5        7        3        4        2        7        5        4        2        5        7        6        8        2
        6        5        5        8        8        3        7       10        8       13        7        9        8        3        6        5       12        8        4        5
        8        6        4        5        6        7        5        2        6        7        2        2        3        1        5        8        2        5        8        3
        7        3        0        6        2        4        0       11        5        0        3        2        3        4        2        6        4        2        0        4
        2        3        2        3        1        1        4        1        3        5        4        2        4        4        2        1        2        5        3        1
        2        8        5        6        6        3        3        4        5        7        5        7        4        2        2        6        8        9       12        9
        9        6        6        5        8        5        5        4        8       13        6        9        9        6        7        5        7        5        8        6
        5        3        9        7       12        8       14        3        8        5        4        6        5        4        1        6        4        3        4        4
        2        6        4        5        2        0        3        7        5        4        6        4        4        2        3        4        1        2        1        2
