        2        3        2        1        3        5        2        1        1        1        7        3        1        3        1        4        5        2        3        2
        8       10        2        7        6        4        7        3        8        4        5        7        6        7        4        6       13        5       10        6
        6        9        4        5        4        8        5        8        9        4        3        7        4        1        6        8        5        6        4        5
        6        9        5        5        2        4        3        8        6        2        1        6        8        6        4        5        3        6        2        5
        1        4        3        1        3        4        3        3        5        7        4        3        3        2        1        3        4        2        3        3
        2        1        2        2        1        4        6        4        6        5        2        2        3        5        5        2        1        4        3        2
        5        4        8        6        6        9        4        5        6        4        7        4        8        9        6        9        5       13        8       10
        4        7        8        6        4        2        5        9        6       10        6       11        4        6        9        9        4        9        9        9
        8        5        7        8        8       10        7        4        4        6        3        4        3        4        8        5        5        4        4        3
        2        6        3        3        2        0        4        4        4        5        0        0        4        3        2        4        6        3        2        2
        4        1        5        2        3        5        4        2        5        1        5        2        0        1        6        3        2        4        3        4
        4        6        5        6       10        7        6       11        8        5        5        8        1        7        5        3        3        7        5        9
        4        9        8        8        4        7        7        7        5        5        8        3        4       11        1       11        8       10        2        8
        7        6        6        5        4       10        4        5        4        3        6        7        4        9        6        6        2        6        4        5
        5        2        4        2        4        2        3        2        2        4        2        3        1        2        1        8        6        2        2        2
        2        0        4        2        2        4        2        6        5        4        4        6        7        2        3        6        3        1        5        3
        2        2        1        5        6        5        5        6        3        2        9        3        2        4        8        8       10        4        7       14
        4        8       10        8        1       13        7        4        2       10        7       10        8        6        7        9        9        8       10       13
        9        3        5        3        9        5        5        9        8        6        3        6        7        9        9        3        2        5        3        6
        8        3        3        1        3        6        7        4        1        3        6        6        5        1        2        4        4        2        0        2
        4        1        3        4        6        1        5        5        2        2        2        3        4        5        2        0        3        7        4        3
        4        5        2        3        4        8        5        8        6        6        7        6        7        8        5       11        5        9        6        6
        6        7       15       11        4        7        6        7        6       12       15        6       12       12       11        9        7        6        7       10
       12        6        7        2        4       12        6        6        4        3        6        2        9       10        5        6        7        4        3        5
        9        4        6        4        4        7        2        4        5        2        5        1        0        2        2        5        7        5        2        6
        3        2        3        1        5        3        2        3        4        2        5        5        8        1        4        3        2        5        6        6
        4        5        8        7        8        6        8       10        3        8       13       10        6        5        6        9        9       10       10        8
        7       10        9       11        6        9        6        4        7       11       12       11        7       11        8        7        9        6        7       12
        4        6       11       11        7        3        4        4        4        5        4        6        4       12        3        3        3        1        7        8
        4        3        4        4        3        9        8        3        5       10        3        2        8        1        7        3        2        2        1        1
        2        7        4        2        3        3        0        5        2        2        3        2        5        4        2        7        6        5        6        4
        2        6        2        4        6        9        7        8       10        6        4        5        8        5       10       11       12       10        4        5
        6        4        7       12        7        3        9       10       12        7       11        3        9        8       10        9        5       10       12        8
        7       12       10        4        9       11        2        5        8        6        4        7        5        7       10        5        6        8        7        3
        7        6        9        7        3        2        5        5        3        2        6        2        6        2        5        2        1        2        3        4
        4        5        1        3        6        4        1        5        2        4        3       11        5        4        4        8        5        8        3        5
        4        5        3        9        4       11        7        7        8        5       13        6        5       10        6       13       10        9        6        9
        3        2       11        5        9        5        8        9        6        6       12        7        7       12       15        9        7        6       10       11
        8        8        7        9        5        9        3        5        5        3        8        1        5        3        5        6        2        5       10        6
        3        6        5        5        9        4        4        7        7        3        3        6        3        1        4        5        4        1        2        1
        4        8        5        5        4        1        8        3        5        5        3        3        5        6        4        6       10        3        3        6
        6        7        8        6        5       13       15        5       10        2       11        8        5       11        9       11        8       12       10       14
        4       10        9       11        8        6       15       13        3        7        1       12       12       12       11       13       10        7        8        7
       12        6       12       11        5       10       13        5        6        7        9       10        8        8        8        7        6        7        7        5
        4        3        2        8        3        3        4        3        6        2        3        3        5        5        3        8        3        3        4        2
        3        3        4        6        2        3        3        4        7        4        1        8        4        6        4        6        6        4        3        4
        7        8        8       10        9        2        9        7       11       10       14       11       17        8       13        9        5       12       13       12
        5       19       13        7       13       12       14       10       10        8       12        8       10        4        7       13        5        7       11       11
        7       15        8       14        7        6        5       10        6        8       11        4        9        6        8        7        6        9        7        8
        9        7        9        5       11        4        2        1        5        5        7        5        1        3        1        2        0        2        1        2
        4        4        2        6        4        5        7        0       10        6        4        4        4        6       10        7        2        7        3        5
        6       11        7        9       10        5        6        5        4       11        4       10        9        4       10       11        9        9        8       14
        6       13       10       11        6       14       13       12       10       12        4       15       13       16       13        8       12        6       12        7
       10        5        5       11       14        6       11       14        8        8       11       11        8        6        5        6        7       10        8       10
       14        3        5        8        3        5       11        7        4        2        2        4        0        3        3        2        0        2        3        4
        2        3        3        4        7        9        5        3       12       13        7        6        6        9        4        7       13       10        3        8
        5        5        4        7        4        8        5       10        8        6        9       11       11       13        8       19       11        9       12        4
       12       16        9       17        7       11        9       12        8       12       15       20       11        9       12       11        5        6       12       10
       10       12        6        7        7       12       15       13        8        5        5        3       10        5        6        9       10        9        6        7
        9        8        6        6        4        6        1        6        4        6        9        2        7        8        3        1        2        4        2        1
        5        5        4        5        1        5        2        3        4        2        5        7        4        7        4        5        3        4        5        6
        8        7        4       10       13        8        5       12       12       11        7       10        8        7        9        7       10       10       10       13
        9       14       10       10       21       12       11        9        8       18       12       15       12       12       10       18       17       13        7       11
       16       11        6       17        8       10       11       10        5        9        4        9       11        8        5       14        5        8        9        5
        3        8        3        6        2        3        4        4        5        3        6        5        7        3        1        2        2        5        5        4
        7        2        5        4        3        7        4        5        9        7        5        2        3        4        1        7        3        8        9        7
        5        5       11        7       10        6        7       10       12        7       19        9       12        9       11        8        6       20        9       11
       13       13       15       11       11       15       11       17       15       16       13       10       19       14       14       10        8        9       13        9
       12       16       12        7       14       16       14        8       14        5       13       11        9        7        2        7        4        7        9       11
        4       11        2        7        3        3        5        8        6        3        4        3        3        4        5        3        8        7        5        3
        8        4        4        8        4        2        1       11        2        1        2        3        9        4        3       13        4        9       11        7
        6        5        5        6        7        5       10        7        9        7       14       11       12       10       11       12       11       11       13        5
       13        9        7       13       10       12       21       14       13       15       21       15       16       19       15       13       18       15       14       15
       16       14        8       11       10       10        8       13       17       12        8       11       10       10       11       10       10        5        8        6
       10        8        3        8        6        4        2        4       10        5        5        0        4        5        4        2        5        6        3        0
        1        2        1        6        3        1        6        4        5        5        5        8        7        7        6        9        8        8       10        8
        7        6       13        9        5       11       13       11        5        8        9       11       10       12       15       14       10        7       10        9
       10       11       10       11       16       12        8       20       12       12       13       10       10       14       16       13       11       17       12       14
       15       13       19        4       13        4       10       11        9       17        6       13        8        8        9        9       11        6        8        7
       10        9       10        3        7        5        7        7        5        8        5        5        6        5        6        6        4        2        5        2
        6        5        4        1        2        4        5        2        4        8        5        4        6        8        4        6        5        4        5        8
       12        6       13       10        7        7        7        8       12        8        9       13       10       21        6       17       14       15       14       21
        7       20       11       11       12       16       10       20       17       13       23       11       23       16       18       17       13        7       12       19
       18       15       13        9        7       14       14        9       18       11        6       10        6       12       13        8        8        4        9        6
        5        5        5       13        4        5        6       13        6        7        5        5        1        4        4        4        2        4        2        2
        8        6        0        5        6        5        7        3        3        6        9        2       12        4        6        5        4        8        8        7
        9        9       10       10       13       12       14       11        8       10       14        7       13        9       11       10       18       15       10       24
       10       12       16       17        8       13       21       13       10       16       13       15       15       19        7       15       15       15       25       26
       11       14       15       15       18       16       17       14       10       10       16        6        7       11        5        5       12       10        8        6
        6        7        9       15        7        6       12        4        9        5        3        4        4        5        6        6        5        4        2        3
        8        6        5        5        4        3        3        3        2        5        6       11        6        4       11        5        6        2       10        6
        8        7       10        9        6       11       10       10        8       10       11       11        7       16       14        9       15       23       16       15
       12       18        6       12       17       14       17       19       24       19       18       19       14       11       21        7       15       21       18       28
       13       21       16       15       12       21       20       13        1        7       15       10       14        9        9        7        8       16        9        4
        9        9        8        7        9        9       11        8        9        5        3        2        8        8        1        4        3        4        4       11
        2        1        1        2        4        5        6        7        6        7        6        4        7        6        9       11        6       11       11        6
        9        5       10       10       17       12       11       11       18       11       12       18       14       20       18       16       22       21       16       24
       23       15       25       13       21       16       24       18       16       21       23       12       14       21       19       15       17       21       24       16
       18       18       10       11       13        8       15       14       15       13       11       16       10       12       16        9       10        7       12        9
       11       11       13       10       10        8        9        3        1        7        7        4        6        3       10       11        3        6        5        4
        5        5        7        1        4        5        8        2        6        4        8        4        6        8        9        6        4        8        6       10
        8       10        7        9        8       15       12        7       19       16       15       20       15       16       15       10       19       18       20       20
       21       20       15       12       20       21       19       23       18       23       22       31       17       11       20       21       11       24       15       21
       23       13       14       14       10       13       13       20       19       11        8       12        9       14       17        9       13        4        5        7
       11       13       17        5       10        7        7        5        9        6        8        6        4        7        6        4        2        8        4        5
        8        8        5        3        2        1        2        4        6        7        3        2        4        4        6        8       11        6       12       14
       12        8       11       13       10       19        7       13        5       11       11       18       14       16       22       19       17       27       17       11
       17       26       17       23       17       28       24       26       24       12       19       21       15       12       20       21       14       17       31       17
       20       18       19       16        9       11       10       17       13        6       15       15       11       15       14        7        5       11        7       11
       13        9        6        6       11       15        8        6        3        7        7        6        5        4        6        3        4        1        7        0
        3        6        3        4        8        5        3        6        5        4        9        8        6        7       10        7        5       12       12       12
        8        7       15       11        8        9       14       11       22       13       14       12       17       19       18       20       23       19       16       18
       28       11       15       21       19       27       20       23       23       24       25       21       32       15       16       27       24       17       16       27
       19        8        9       18       19       22       21       10       15       19       18       13       19       14       13       10        8       14       16       15
        8        7        4       14        7        4       13       10        5        7        6        4        6        5        5        9        7        8        9        1
        3        2        3        5        5        6        2        6        6        5        9        3        3       12        4        8        7        4       11        3
       15       14        9       14       13       10       13       15       23       14       15       21       15       15       20       23       26       17       16       14
       23       20       24       21       22       19       36       38       22       24       22       16       25       28       28       23       25       13       26       21
       21       20       19       17       22       15       17       15       16       20       20       12       15       15       15        4       15        9        6        6
        6       12       10        9        7        9        9        9        4       11       10        4        6       14        6        5        6        7        3        3
        3        2        3        5        4        2       14        5        6        9        6       11        7        8        6        4        6        4        5        7
       12        9       19       13       11       15        6       21       23       13       14       13       16       16       21       33       35       19       21       34
       28       17       33       21       21       27       23       24       31       20       22       32       21       30       27       29       26       13       23       13
       16       11       26       15       24       20       14       15       13       18       19       14       10       17       13       15       11       10       11        5
        7       10       14       17        9       10        7        7        7       10        7        9        9        1       10        5        6        8        0        3
        9        7        9        6        7        4        6        7        4        7        3        6        7        7        5        3       12        9       10       11
       11        6       18       14       15       16       15       16       13       17       13       17       16       27       21       24       23       19       39       16
       27       24       31       32       20       28       34       24       31       24       36       24       29       30       23       27       27       21       28       19
       33       23       26       23       21       18       16       17       16       15       13       12       20       15       17       16       11       16       10       10
        6        7        7        6        7        6        8        7        5        8       10        8        4        7        8        2        5        6        4        5
        7        1        2        6        5        6        6        6        4        4        6        3        7        6        8        9       10       11       13       10
       11       13       19       15       17        9       11        8       18       15       18       14       16       25       19       20       31       21       32       29
       33       36       31       31       25       23       25       34       30       41       30       41       34       31       31       23       40       31       25       23
       21       31       33       25       30       37       22       13       23        9       12       18       15       12       17       18       17       10       14       13
       11        5        9        6        8       11        6       12        9        5        3        4        6        7        4        5        8        4        6        6
       12        3        6       13        7        6        7        4        6        5        8        6        8        5        8       12        9       13       13        8
       15        9       15       22       16       19       15       14       15       19       25       26       22       23       20       23       26       22       36       19
       29       34       38       29       34       31       35       26       30       33       31       32       27       26       28       43       31       16       22       38
       35       20       19       20       23       23       16       26       18       11       28       17       21       13       15        6       14        7       15        7
        6        8       14       10        8        4       10       11        4        7        2        5        6        2        8        4        6        2        4        7
        4        6       10        4        8        5        5        6        5        4       10        7        9        7       10        7       12       10        8       13
       12       11       11       20       14       15       26       16       22       23       13       23       19       21       31       29       23       39       24       30
       28       31       38       36       24       48       27       36       46       43       33       29       29       42       31       29       47       35       27       25
       31       25       40       22       23       21       16       16       23       22       15       16       16       17       15       11        8       12       12       18
        5       15       10       14        6        5        9        8        7        4        6       12        2        6        8        5        2        3        4        4
        4        5        7       10        9        9        6        3        4       10       12        9       12       11       11        7        5       12       10       11
       10       13       13       19       23       18       24       20       26       22       27       17       25       25       16       33       24       24       31       34
       35       38       26       38       34       46       37       49       35       44       44       43       31       36       43       35       42       45       36       43
       33       26       30       28       14       20       21       24       19       24       20       24       17       14       21       17       15       15       17       13
       14       15        6       11       16        5        6        3        9        7       12        7        7        7        5        5        4        5        3        4
        5        4        4        5        7        5        5        7       12        3       14        8        7       13       19       13        7       13       15        8
       11       17       18       13        8       17       17       12       24       22       30       33       26       32       26       28       35       34       28       31
       33       44       49       36       38       43       45       53       47       47       46       51       47       39       43       48       53       34       25       38
       45       37       39       26       38       41       18       30       28       29       18       20       29       24       19       13       10       16       14       19
       12       12       15       10        5        8        9        9        5        7        9        7        6        6        9        4        5        7        7        3
        6        2        8        3        5        4        4        5       10       13        3        4        7        9       10       11       11        9       16       13
       16       13       11       12       13       11       23       20       25       24       28       24       33       29       34       36       20       28       50       41
       41       54       44       55       50       52       45       42       43       57       43       45       41       37       41       45       40       34       46       33
       39       45       36       39       30       30       29       32       21       32       23       20       28       25       21       15       13       18       20       15
        5       10       12        8       13        7        5        9       11        7        6       11       10        2        6        6        5        7        0        6
        5        5        8        5        7        7        6       10        6        9        9        8       10        9       12        8        8       12       14       12
       18       21       12       18       15       20       12       16       20       24       16       26       14       34       32       47       31       47       41       34
       37       33       58       46       54       48       60       58       49       49       50       48       56       58       47       49       49       54       58       42
       44       33       37       26       47       23       31       31       32       25       15       22       30       19       20       16       24        5       12       14
        8       11       11       13       13       10        5       11        9       10        7        5        6        6        3        3        4        4        8        3
        4        3        4        6       12        8        6       12        7        7       11       10        8        8       17       18        8       17       12       14
        9       14       18       20       30       22       23       16       14       20       30       28       31       24       45       47       47       52       35       38
       46       59       55       62       53       57       44       54       78       73       45       48       66       56       73       57       36       51       42       54
       47       42       36       34       36       40       30       25       29       24       28       21       36       13       19       18       15       24       19       18
       12       16       11        9       12       11       10       11        6        6        7        6        8        6       10        7        4        4        6        6
        8        5        4        8        5        4       12        5        5       11        4       12       14        8       14       19       11        7       13       12
       21       11       17       13       20       34       22       17       33       30       46       21       33       40       48       41       55       52       42       52
       42       46       50       74       60       64       78       70       68       73       54       60       60       56       48       61       57       66       48       56
       55       47       34       32       42       50       41       30       23       26       20       23       25       22       15       12       19       10       18       11
       15       10       12       10       13        8        5       13       15        3        3        4        4        5        6        9        2        7        5        7
        1        4        6       10       10       11       10        3       14       12       10        7        6        9       12       13       11       16       14       12
       16       20       16       19       24       29       20       17       16       27       20       26       30       35       37       42       54       55       62       58
       55       60       55       75       57       51       81       76       67       52       62       71       67       61       69       89       88       57       71       44
       45       51       51       45       42       38       40       28       44       29       31       29       21       22       21       19       19       17       15       10
       16       10       18       14       15        3       10        6       15       14        6        8        6        6        3        8        8        4        2        6
        7        4        5        9        5        5        1        9       10        5       11       11        7       14       11       18       14       15       15       11
       18       18       14       17       20       23       20       25       20       26       39       35       35       39       42       49       34       46       52       57
       64       47       50       63       62       76       95       82       93      102       66       62       79       79       71       65       56       74       57       52
       57       44       48       49       38       35       45       34       35       23       24       24       20       26       22       15       14       13        8       21
       11       17       10       14       15        7        7        7       11        7       10        7       14        5       11        7        6        5        2        3
        4        4        4        2        4       11        4        8        8       12       11       11        8       12       15       19       19       14       15       16
       18       28       22       27       20       17       21       24       27       31       24       35       31       36       37       51       56       62       58       61
       75       52       76       70       70       72      102       96       81       88      106       87       91       98       78       67       92       63       68       63
       64       52       57       45       55       42       36       32       32       34       20       21       29       27       16       19       21       13       13       11
       15       14        7       10       11        6       10        9        5       12        7        7        9        6        4        5        6        9        6        5
        8        7        1        6        6        5        2        6        6        4        7       10        9       13       18       16        9       16       14       25
       20        6       21       19       21       44       24       24       26       33       25       44       34       33       57       41       48       55       61       59
       70       51       76       91       81      103      101      103      113      116      126      102      104       88       97       88       69       72       67       59
       54       53       53       48       44       28       40       30       36       31       26       28       32       21       18       13       13       23       20       23
       13       15       14       10       16        8        7        8        6        2       14       11        7        5        9        5        8        9        8        7
        8        6        5        7        6       13        9       12       10       10        9       14       11        9       16        8       13       14       20       16
       13       21       20       23       25       24       33       36       35       42       26       35       44       43       54       41       54       57       67       76
       90       85       72       87      111      100       94      118      125      130      130      106      125      118       90       87       87       95       76       70
       62       66       63       53       47       44       52       45       29       38       25       27       23       21       22       22       24       15       17       15
       10       13       13       10       10        5       12       12       10        8        8       11        7       10        9        6        8        4        8       10
        8        2       12       10       11        7        6       19       15        9       10        9        6       11       12       10       13       10       12       13
       13       19       14       27       20       22       38       33       17       30       36       39       44       49       57       42       56       50       77       84
       73      103       95       91      130      111      141      140      141      146      160      129      134      127      107       98       97       99       93       80
       62       61       73       55       47       41       43       42       31       32       27       28       20       28       16       17       21       15       19       16
       16       11       19       10       11       12        9        7        5        4       12        6        6        8        5        6        6        3        5        3
        5        6        6        8       11        5        9       13       11        8       10        5        9       13       15       11       17       15        9       17
       11       25       17       16       16       25       20       33       27       45       49       46       26       33       48       48       70       78       69       70
       96       95      109       97      110      142      144      164      156      175      165      162      160      143      133      119      112       84      104       86
       79       72       60       54       56       41       54       47       20       35       32       31       28       27       25       19       24       26       15       11
       19       18       19       10       10        8       18       14        3       15       10       19        7        8        8        9        6        1        4        3
        3        7        9        2        6        9        6        5        7       13        6       10        7        9       14       16       20       16       26       14
       19       23       19       27       21       16       19       37       27       30       35       31       47       41       50       57       73       64       71       78
       94      117      110      110      126      166      184      205      214      183      199      205      178      148      158      128      117      109      122       86
       77       85       57       73       57       55       47       46       38       32       30       18       30       23       23       32       21       19       12       12
       20       10        8        4        7       12        6       16        9       12       11       11        3        3       16        8        3        5        6        6
       10       12        6        8        3        4       10        9       10        7       10       10       10       15       15       12       14       21       18       20
       27       22       22       18       27       27       33       30       26       31       37       33       38       56       48       60       70       74       92       85
      125      107      144      152      154      207      198      235      217      230      238      225      217      192      186      178      124      126      127      102
      113      100       70       61       57       53       39       56       42       27       34       30       39       30       31       20       20       23       24       20
       10       23       11       16       16       17        9       18        7        8        3        5        8       10        8        6        7        3        6        7
        3        8        3        7        6        9        6        9       12        5        8        9       16       10        5       10       15        8       12       22
       18       19       21       25       25       21       34       26       30       32       36       41       50       52       55       73       69       75       65       86
      115      116      142      162      175      195      231      253      288      253      264      278      251      244      179      160      153      136      105      136
       99       87       78       57       65       60       52       43       38       48       31       33       26       24       27       21       25       16       17       20
       22       17       14        7       12       11       15        5        7       19       11        9        4       10        4        7        4        4        6        6
        5        3        7        7       11        6        4        8        4        5       11       12       13       14       12       11       14       15       13       21
       17       15       31       23       40       23       29       40       28       37       46       47       46       63       45       74       67       74       87       89
      120      129      123      170      189      238      271      289      361      356      322      341      289      272      229      167      164      152      132      107
      109       85       78       85       56       47       54       50       33       42       26       28       24       39       25       38       22       23       19       17
       19       22       17        6       10       13       10        7       13       12       12       12        8        5        6        7        5        3        6        2
        3        4        7        8       11        6       17        5        7        7        8       10        9       11       14       10        6       10       13       16
       25       26       14       25       26       20       28       31       36       38       33       51       58       61       64       64       72       82       85      109
      119      145      163      170      269      278      288      352      447      466      440      441      317      279      239      190      165      160      121      101
       98       84       89       85       55       44       44       44       32       42       43       37       36       27       35       22       16       13       23       16
       13       14       12       16       13        6       16       14        9        6       11        5        8        8        9        4        2        5        1        6
        0        7        7        8        7        4       10        8        8        9        8       10        9        6       14       14       16       14       19       11
       29       25       24       21       20       22       22       29       32       38       40       29       46       63       66       58       79       71       94      115
      120      164      158      184      246      308      402      421      485      590      656      579      407      364      302      214      187      155      130      119
      100      110       93       79       61       65       47       40       45       55       40       30       31       21       35       23       30       32       24       23
       17       17       13        7        7       12       15        9       11       11        7        9        6        5        1       10        5        7        4        6
        3        9        3        5        8        6        6        9       10        5       11        6       12       13       12       10       17       16       20       17
       22       24       26       27       22       33       34       38       36       38       53       47       40       53       58       79       62       88       97      119
      117      148      174      197      273      327      400      560      691      919      948      646      525      360      302      238      177      187      134      123
      106       97       80       70       70       54       79       40       39       45       31       44       47       26       34       27       23       18       18       18
       15       20       10       21        9       13        8        5       12        3       11        5       11        6       11        8       12        7        6        7
        5        5        5        4        7        6       11        7       11        6        6        8        8        9        9       17       12       14       18       12
       14       32       17       19       12       28       31       35       43       44       43       61       73       50       58       75       74       86       99      104
      142      147      165      199      237      302      387      493      728     1207     1178      664      488      378      296      232      213      173      127      119
      113       87       81       61       59       58       56       58       54       36       34       35       26       30       33       26       26       29       20       13
       26       18       15       17        9       15        8        6       15        6        8        9        7        8        9        5        6        4        3       10
        8        7        6        6        7        7        9        7        7        6       10       10       11        8       14       14       20       14       18       12
       20       23       18       23       24       30       30       37       29       42       42       46       51       52       76       66       74       79      121      125
      128      130      189      211      236      284      364      472      631      830      771      600      504      339      279      231      180      148      123      101
      105      109       92       89       84       55       56       54       45       40       24       38       31       25       23       22       23       19       24       22
       10       24       12       11       12       12        8       21        6       12       12        6        9        8       10        4        7        9        4        4
        5        4       11        6        5        8       10        8        7       11        5       12        9       14       19       19       16       23       14       22
       21       21       20       25       28       27       25       23       29       43       41       48       51       64       77       57       76       73       98       99
      144      150      166      182      213      279      290      367      470      623      550      518      391      361      253      223      195      160      126      113
      111       76       87       87       83       71       59       38       40       40       25       39       30       31       29       30       22       16       22       18
       19       15       16       20       13       10       10       15       10        6        8       10        8       11        4        6        7        3        8        2
        4        5        9        7        6        5        5        8        8       11        6       11       10       13       15       13       15       15       20       20
       13       18       15       24       27       32       30       44       33       42       35       51       61       62       55       77       63       74       98      116
      122      146      180      197      187      237      248      323      377      450      438      392      347      293      263      200      168      145      139      117
       88       94       72       92       68       68       59       48       47       34       44       28       31       36       23       33       25       22       26       23
       22       15       15       10       13       16       12       19        5       12        8        7       12        6        2        9        4        5        3        4
        3        8        3        9        7        4        7        8        7       10        7       12       13       13       11       13       18       17       20       23
       18       20       23       28       27       38       26       31       33       25       42       38       55       58       69       65       71       92       94       89
      103      144      131      170      210      230      231      249      319      368      386      306      254      241      227      191      189      158      120      104
       92       69       87       60       78       69       42       51       42       38       35       33       42       22       23       11       23       30       33       25
       24       16       14       15       10       12       17       17       11       13       10        7        7        9        7        9        3        6        5        2
        3        9       11        4        5        5        4        3        7        8       10       15       11       13       12       13       15       12       16       19
       17       21       18       17       28       37       31       31       25       41       43       46       60       52       57       76       78       82       80       98
      110      115      138      130      163      191      216      233      265      299      259      265      266      234      213      191      167      148      122      109
       95       80       67       58       65       58       54       52       58       34       35       45       31       22       28       26       19       12       22       22
       12       17       13       12        9        9       13       11       10       10        4       12        4        9       13        6       10        5        4        4
        9       11        6        8        5        5        4        8       12       10       17       12        4       15       20       11        8       10        7       19
       22       16       19       22       27       24       23       39       27       47       36       56       46       51       54       61       64       81       89       94
      103      131      102      100      137      175      197      207      228      218      226      230      207      193      173      180      131      115      108       98
       79       79       72       74       59       55       49       48       33       41       31       25       24       24       24       41       30       21       14       21
       16       17        7       11       14       13       14        7       10       13        6       13        8        5        1        8        9        4        5        1
        6        9        8        7        6       13        9       11        7        6       10        8       11       11        9       15       19       19       15       19
       16       27       13       15       27       26       16       26       29       41       37       43       50       40       57       60       77       75       83       91
       93       84      108      127      117      155      148      174      214      198      165      175      179      164      145      147      116       94       94       88
       71       70       62       79       57       47       51       44       47       41       33       22       34       29       33       22       19       28       30       25
       16       21       14       10       10       15       15       12       15        8       11        9        7        8       11        6        4        6        8        4
        5       12       10        6        7       10        8       10        7        9        8       12       17       10       12        9        7       20       21       16
       15       26       17       24       26       22       31       29       20       26       35       38       33       40       59       71       52       67       69       81
       83       95      113       98      110      153      127      156      172      164      169      198      162      127      122      117      105      110       85       84
       71       64       75       57       66       43       52       39       38       29       28       30       25       18       37       26       24       25       17       16
       21       13       14       10       10       12       14       16       12        9        9        8        7        6       12        5        5        7        1        3
        4        3        4        9       14       13       12        6       13        8       10        7        8        9       11       10       12       12       17       20
       16       18       15       17       17       23       29       29       27       26       37       38       39       41       46       51       63       88       52       72
       85       86      115      100      120      116      145      134      146      138      156      150      143      133      127      141      104      106       90       72
       67       52       73       49       53       45       58       37       40       28       24       38       27       30       16       23       25       23       23       17
        8       13       10        6        7        9       14       15        9       10        8       10        6       12        3        9        4        7        3        7
        3        5       10        8        6        6        8       17       10       10        4        7        8       10       11       16       12       17       11       18
       18       19       20       21       21       21       29       22       28       33       27       27       36       45       52       66       59       57       63       90
       74       90       81      102      109      104      129      121      103      126      168      109      120      112      108      111       99       82       83       73
       77       77       59       47       33       55       32       31       30       26       30       24       25       32       34       29       23       20       15       16
        9        9       11        8        8        5       14       14       14        9        9       10        3        7        7        6        8        5        7        6
        2        9        4        6       12        4        5        7       10       10       12        5       13        7        5       19       17       20       14       24
       13       18       23       21       24       25       22       37       31       38       30       42       50       40       47       57       74       59       75       70
       69       64       93       77      103       97       99      119      110      119      133      103      118       87      102       81       84       74       72       63
       57       46       39       49       47       41       47       37       34       39       26       27       27       18       30       16       16       30       28       26
       12       12       16       10       10       16       13        3        7       10        8       11        9        7        4       11        8        8        2        5
        4        7        6        7        2        8        4       10       11       12        4        8        6       12        9       15       11       15       20        9
       22       21       13       16       19       14       27       24       22       33       44       41       41       31       31       61       56       53       57       38
       61       88       81       85       83      105      118      104       97      108      102      109      110       75      101       82       67       74       59       55
       54       56       50       49       33       41       37       33       38       25       24       30       31       28       34       23       20       17       18       16
       11        6       20       18       19       13        8        9        6        9        9        6       11        6        7        7        7        5        1        3
        1        9        5        4        5        9        7        6       12       10       10        2        7        8        7       15       13       19        8       12
       17       15       15       18       19       22       27       27       18       25       35       36       37       40       53       46       55       48       57       58
       53       80       67       62       87       86       92       71       72      101       78       79       79       69       79       71       73       63       71       58
       43       56       46       47       45       37       37       37       32       39       27       31       26       23       20       17       21       20       13        9
        9       15       13       15        5        7        9       11        7       11        9        9        5        7        8        7        7        3        5        1
        1        4        2        7        2        5       11        7        3        6       12       11        8       18       12       10       15       14       14       18
       25       21       23       19       31       21       22       28       17       24       21       39       35       35       32       38       46       57       48       64
       55       62       76       72       69       72       68       68       71       82       81       78       68       55       94       83       67       66       56       75
       46       38       36       52       48       36       45       28       26       31       26       27       23       22       25       20       18       23       15       18
       12       13       15       12       15        9        9        7       12       13       14        4       11        5        6        4        1        2        7        4
        6        6        7        6        6        5        9        5        9        6        3        8        9        4       10       13       11       11       15       14
       19       20       24       27       16       18       19       25       22       17       32       30       46       37       33       31       34       44       47       52
       56       49       65       69       61       64       73       60       69       83       71       69       68       82       64       68       63       59       44       49
       61       43       47       45       36       30       26       29       26       20       25       21       26       31       26       12       14       16       12       13
       19        9       13       12       17       12       12        6       11       12        4        2       12       11        8        2        3        6        4        5
        4        6        9        6        4        3        8        8        9        6        6       10       11        7       14       14       18       14        8       14
       20       14       18       15       22       21       19       29       20       29       20       35       29       41       32       38       40       50       51       45
       49       49       55       41       50       83       64       55       46       52       51       73       51       53       55       54       65       59       50       51
       38       36       34       33       35       34       41       34       22       28       18       22       24       20       22       17       16       20       10       17
       17       15       12        6       15        8        7       15       10        9        6        8        3        7        3        5        3        1        4       11
        5        8        7        4        8        8        5        2       10        7       10       14        9       16       13        5       12       14        8       15
       12       12       11        8       14       19       19       21       25       25       27       26       25       27       32       34       28       30       43       39
       46       40       48       60       54       43       50       59       67       72       59       60       60       77       61       65       45       40       65       47
       41       41       29       49       23       39       25       25       24       25       30       24       22       15       16       19       17       19       11       13
       10        9       10        8       14        9       14       12       10        5        8        7        7        7        8        4        8        4        6        2
        3        7        6       10        4        9        3        7        8        5        8        5        7       13        5       16       13       10       12        9
       11       17       13       13       18       24       24       21       19       26       23       21       28       28       30       23       30       50       50       42
       46       38       56       57       46       44       53       44       52       53       52       52       49       65       53       49       72       42       38       40
       48       33       42       40       32       31       30       21       18       19       31       26       17       17       15       13       13       23       16       13
       17        4        9        9        5       11       11       11        8        7        7       10        4        8        8       11        4       12        6        4
        3        9        6       11        8        5       10        9        4        3       10        9       10       11       10        7       10        8       15        8
       16       15       24       15       22       20       17       26       22       20       32       31       30       31       26       26       22       42       21       24
       52       38       35       38       39       46       46       44       51       37       55       56       57       40       53       47       59       36       28       46
       39       33       32       29       31       43       29       23       27       26       20       21       23       12       14       19       21       15       15       11
       10       16        8       10        9        7       12       11       11        8        9        6        9        9        4        6        8        3        5        5
        4        4        4        6        2        7        6        6       11        9       11        3       10       11       15       10        9       11       14       16
        7       13       15       23       14       16       18       12       20       19       27       17       26       28       36       20       43       23       33       33
       37       45       31       52       33       35       38       35       54       42       41       44       44       37       40       39       44       33       32       33
       40       21       31       27       25       25       26       21       23       25       23       15       17       21       20       18       23       13        7       15
        9       15       10       10       14       12        9        7        7        4        5       11        8        7        8        6        7        4        3        3
        4        3        8        7        9       16        7        5        8        6       10        5       13        6       11        4        5       16       11       13
       18       13       14       16       18       23       20       21       18       14       13       23       29       25       29       31       26       29       29       23
       32       26       37       36       34       32       35       38       40       33       42       39       46       42       46       39       38       43       42       27
       38       36       28       31       31       27       17       19       30       25       15       16       23       24       17       10       10       13       18       15
       12       18       15        6        6        5        6        3        6        9        4        4        3        5        6        3        7        5        4        4
        4        2        5        4        8        3        4        5        1        4        6        5        6       10       12       10        7       14        8        7
       10       15       18       14       23       11       10       14       14       12       12       18       29       19       21       18       20       32       41       29
       33       24       37       31       28       40       31       30       33       38       38       34       26       26       38       33       39       32       39       27
       28       17       33       30       28       23       19       14       23       17       20       17       13       17       18       19        8       11       10       13
       15       11       13       12        5        9        8        7       14       11        3        7        3        7        9        2        3        4       10        5
        2        3        7        3        7        7        4       13        7       10        4        3        6        6        8       11        8       10       12       13
        7       11       17       15       16       14       17       13       15       20       21       15       32       19       23       28       19       35       31       29
       34       28       30       33       31       27       40       22       33       29       27       28       28       25       26       22       25       32       28       19
       29       33       34       37       29       28       12       14       24       33       23       12       11       14       15        9       15       18       16       12
       10       13        6        8       13        7       11        7       10        5       10        4        5        8        7        9        2        8        3        8
        2        1        0        4        9        2        7        6        6        7        2        7        7       10        5        7       13       15       11       10
        9       12       15       13       12        9       12       11       23       29       22       19       16       22       18       21       29       23       25       31
       35       30       20       29       19       28       36       31       28       28       25       24       32       42       25       31       29       18       20       20
       22       39       24       31       14       18       12       16       20       17       20       13       13       24       11       13       15       12       16        7
       14        7        6        4        6       10        9        4        9       14       10        4        4       11        9       10        4        2        4        2
        2        3        4        5        9        5       11        4        3        6       11        3        6        8        2        8       10       12       18       12
       14        9       14       10       15       17       14       15       19       23       19       17       20       19       18       20       23       24       36       25
       25       20       23       28       11       28       27       17       22       27       33       22       26       25       33       30       25       31       24       28
       24       29       33       17       23       25       23       21       21       16       29       16       13        9       13       15       11        8       13        8
       11       12       11       14        7        9        7        9        9        6        7        1        4        9        6        5        5        4        4        0
        3        4        2        7        4        7        9        3        7        4        8       16       10        6        5       10        5        8        5       15
       16        8       13        9       15       12        8       12       12       23       34       17       27       22       21       19       31       22       26       18
       22       18       19       23       31       26       29       28       23       29       25       28       19       22       25       32       34       20       18       23
       26       23       29        9       19       13       17       23       15       20       15       14       18       14       12       10        9       12       12       14
        8       11        7       11        7       11        5        6        7        6        2        5        7        8        4        7        4        4        5        2
        4        3        5        3        5        3        6        5        5        6        5        4        8        5       11       10        9        8       13        9
        8       10        8        8       14       18        7        7       16       20       20       17       25       20       13       21       25       24       20       18
       24       24       18       32       19       18       21       24       20       27       26       40       24       17       23       23       12       34       29       16
       18       17       24       13       26       20       19       22       20       17       15       22       18       10       11        8       11       15        5       16
       14        7       10        7       11       10        7        6        3        5       10        7        5        5        6        5        9        7        5        1
        2        2        9        7        4        3        4        7        4       10        6        9       13        5        5        4        9        7        9       11
       15        9       16       12       11       17        8       11       13       17       12       13       15       13       18       16       16       13       18       17
       15       18       19       15       17       19       20       18       21       22       17       29       30       21       18       29       19       28       31       23
       29       13       22        7       16       11       21       21       17       16       17       10       20       15       12        8       12        9        7        5
        5        7        9        4       10        5        5        8        8        2        6        3        5        7        5        6        6        7        5        5
        4        3        3        1        8        7        6        7        8        6        7        8        5        9        1       17        6        8        7        9
        9        9       13       11       12        2       12        8        8        5       20       10       15       25       13       21       19       15       12       18
       18       26       19       20       18       26       18       17       20       32       21       19       22       21       29       25       22       16       19       21
       19       17       12       16       12       11       14       15       22       22       17       16       19        9       12        9        6        8        7       11
        8        5        5        5        7        8        3        3        2       11        2        3        7        6        6        5        6        6        5        4
        6        6        7        3        4        5        5        7        2        4       11        2        9        4        9        9        3        2       15       10
        4        9       18       10       11       11       13       13        7       16        9        9       11       23       16       16       15       22       12       13
       15       18       20       20       17       21       18       24       20       22       24       18       24       15       23       20       27       20       13       21
       20       24       23       15       14       14        8       18        6       11       10       11        9       10       12        5       12       10       11        5
        9       12       11        6       10        4        8        9        6        6        4        6        4        2        5        4        4        4        8        6
        4        2        5        0        0        6        2        5        9        4       11        4        2        6        9        8       12       14        6       12
        9       10        9        7       10       14       11        8       11       12       10       15       12       12       16       12       17       14       19       15
       15       15       12       21       15       13       22       18       15       15       16       25       22       24       24       21       16       15       25       20
       13       12       12       18       13       11       11        5       10       15       12        8       11       10        5        8        7       11        6        5
        8        4        8       10        3        9        4        3        2        6        6        8        1        4       10        4        5        4        4        6
        5        0        0        3        6        2        2        6        7        8        1        5        5        6       10        4        3        6        7        5
       10        8        5       18        7        9       10        9       12       11       10       13       12       18       10       14       14       16       15        6
       19       27       17       14       17       21       24       24       16       12       18       18       17       18       15       19       23       20       12       18
       15       13       14       18       12       13       19        9       10       14       15       15       12        8       10       13        8        6        7        6
        8        8        8        5        6        5        7        8        7        6        5       11        3        8        3        5        3        5        3        3
        7        2        3        2        4        7        3        6       11        4        6        7        7        4       11        4        5        9        6        5
        9        7        7       11       14        9        6        5       13       19       12        9       13       13       14       20       12       22       10       17
       16       14       20       12       10       14       13       19       17       18       18       19       19       15        9       14       17       21       15       13
       11       10       17       11       11       19       10       12       17       15       14       12       14        5       13        9       15       10        7        6
        9        7        6        7        8        6        4        8        5        6        8        2        5        5        6        1        3        2        7        5
        2        0        3        2        7        5        2        6        2        4        4        5        5        6        4        2        9       12        6       11
        5        5       18        9       12        6       10        9       16       16       10        9       15        9       11       12       19        9        5       18
       11       13       19       11       13       10       10       13       16       18       15       12       20       16       15       26       13       12       15       17
       20       10       18       18       17       12       16       15       14        9       14       14        6        6        8        7       11        5        9        8
        8        4        9        4        3        5        8        6        4        5        4        1        8        7        6        4        3        4        7        4
        3        3        4        4        1        5        7        2        4        3        1        7        0        8        5        6       13        9        7        9
        9        8       16       10        8       15       13        9       10       19       11       10       21       15       13       19       22        6       15       11
       14       16        9        9       12       17       20       10       11       14       16       12       13       10        9       17       15       11       18       13
       12       11       15       17       11       19       12       15        9       13       12        8       10       10        8       11       15        9       10        4
        5       10       11        2        5        4        2        5        5        8        3        3        6        5        2        2        4        4        3        5
        1        3        8        5        4        4        3        8        2        6        2        7        2        6        5        3        4        4       11        7
       17        8        8       10       11       12        8       17        7        5       10       11       14       11       18       13       12       11       14       13
       15       11       10       12       12       11        7       11       16       17       20       16       12       14       12        8        8        7       13       18
       12        6       13       18        6       12        8        8       11       15       18       14       10        4        5        8        4       11       10        7
        7        0        3        7        5        3        8        2        7        5        4        5        4        3        4        5        8        2        2        4
        3        4        5        6        3        5        1        4        6        7        3        1        6        5        6        4        4        8       12       12
       15       10        6        9       13       13        8       10        5        9        6       15       14       11        8        9        9       14        7       15
       10       20       14       11       16        5       19       16       14       12       16       11       13       12       12       10        5       12       13        9
        8       13       11       10        9       14        7       12       13       10       10        8       11        8       12        9        6        9        2       12
        8        6        8        5        2        1        1        4        8        7        6        6        2        2        1        1        2        2        7        3
        4        6        5        3        4        4        1        6        2        6        5        2        4        7        7        7        6        5        8       11
        7       10       10        7        8       17        8        8       15        9       11       10       10       13        8        9        8       10        9       16
        9       13       15       13        8       17        7       13       13       19        6       11        7       16       15       12       12        9        6       14
       10       15       14       11       10       10        9       14       10        5        8        8        7        8        8        8        6       10        8        7
       10        3        3        5        5        6        4        6        7        5        5        5        2        3        8        3        2        1        5        7
        2        3        2        3        2        4        4        2        5        6        4        8        2        5        5        6        5        5        7        4
        5        7        3       11        6        8       12        7       10       10        9       11        9       12       15        9       15        8       14       10
       11        9        8        9        9       12       10       12       14       11        9       14       13       11        9       12       15       12        8        5
       11        8       14       11        8        6        7        9        4        7       10        4        6        6        9        5        7        7        4        5
       10        7        4        4        4        6        2        6        7        4        8        5        5        2        4        2        3        2        2        2
        1        4        1        4        7        6        5        1        1        0        8        7        8        1        4        3        7        4        9        5
        8        7        6       10        9       10        9       11       14       11        8       10        4       11        9       12       13       12        7        7
        7       10        6       12       15       14        9        9        6       10       21       12       12        9       17       10        9        8        9       12
       11       12        8       10        8        9        9       10        2        8        5        9       16        3        4        8        2        1        6        8
        5        1        7        7        6        4       11        8        4        2        5        3        2        5        7        1        4        6        3        7
        0        8        4        0        2        9        6        2        5        3        2        5        8        2        3        1        2        3        2        6
        5       11        8        7       12       10        9        7       17        7       10        7       11        8        2       10       10       11       11       11
       12       12       13       12        9       11       10       12       14        7       11       10       16        8        8        6        6       13        6        9
       13        7        6        4        8        9       10        2       11       16        5        8        7       12        3        7        8        2        5        6
        7       11        5        3        3        6        6        2        6        6        3        4        3        6        3        2        2        4        4        3
        1        4        1        2        1        6        1        2        3        6        6        5        5        3        6        4        3        7        6        8
        7        6        8        4        8        3        8        8        9       11        7        6        4        6        7        7        9       10        9        8
        9       11       11       10        6        9       11       13       11       10       11       12        9       11        6        8       10        7        8        6
        7        5        9        4        5       12        9        7       10        6        6        7       11        4        6        4        7        6        3        4
        5        5        4        4        3        2        7        5        5        2        3        6        5        6        4        1        3        4        1        4
        4        4        2        3        2        1        2        5        4        5        5        9        6        4        6        6        4        3        6        5
        5        3        4        6       10        8        6        6        5        7        5        6        4        8       12       14        6        6        8       13
        5       10        5        7        3        7        7        8        7        7        7       12       10        9        5        5       14        8       11        8
        4        2        9        6       14       12        5        5        6        6        8        7        2        4        6        1        4        7        4        3
        4        6        4        2        2        5        7        6        4        2        5        3        6        1        2        3        5        7        2        1
        4        3        2        6        1        5        3        1        6        2        0        4        7        2        2        7        6        7        5        5
        3        5        8        6        6        5        6        7        5        5        5        8        7        6       12        9        6       11        7       10
        6       10        7       13        7       11        4        7        8        1        6       12       16       14        9       13       10        6        8        8
        5       11        3        8       11        6        6        9        6        5        6        6        6        7        6        9        3        8        4        4
        6        2        1        2        3        5        5        4        4        3        4        1        3        1        0        4        2        1        6        2
        2        4        1        1        3        6        5        5        2        2        1        7        2        4        5       11        3        5        4        2
        9        8        7        7        7        9        9        8        2       12        7       12        9        5       10        8        4        9        6        8
        6        8        9        8       10        4        9       10        9        8        6       10       13        8       11        7        6       11        7        5
        2       11        5        5        6        8        5        9        6        6        7        7        6        4        6        4        4        8        3        6
        7        6        2        6        2        5        1        2        4        3        5        6        1        1        1        4        3        1        3        1
        3        5        3        5        0        0        3        2        8        4        7        1        1        3        3        3        7        6        4        5
        4        2        1        2        9        3        4        4        7        4        6       11        6        8        4        6        9        6        9        9
        7        7        8       12        3       11        4        5        7        9        9        5        8        9        7        5        9        7        9       11
        4       13        8        9        9        2        4        5        3        6        5        7        8        4        6        7        7        5        5        6
        4        4        4        9        2        4        3        4        3        6        6        1        3        2        3        3        9        3        1        4
        1        1        3        1        4        1        3        5        4        1        3        0        3        5        8        2        2        7        4        3
        6        5        4        2        8        7        4        1        5       11        5        7        3        4        9        9        8        6        5        5
        8        7       11        5        7       11        4       10        6        7       10        6        3        7       11       13       11       14        6        4
        8        6        6        8        7        5        8       10        8        7        5        7        7        3        5        6        6        3        6        5
       11        0        4        1        9        5        4        3        4        5        4        5        5        2        1        3        3        2        1        5
        0        2        2        3        4        5        2        6        3        4        2        5        1        4        2        3        3        3        8        2
        4        5        2        9        5        2        7       10        5        5        9        9        8        8        2        9        6        2        6       13
       13        8        5        7        4        8       11        5       11        5       12        5       10        8        8        7        9        7        5       11
        2        5        4        0        8        9        2        3        7        4        4        8        5        6        4        3        4        3        5        2
        7        9        3        6        7        2        7        4        3        2        4        2        5        4        3        3        2        2        7        0
        1        0        2        7        1        3        2        2        4        2        1        2        2        1        3        4        7        3        5        2
        1        9        3        4        4        2        5        4        2        5        8        7        6        1        8        9        3        8        6       11
        9       10        7       12        5        5        7        8        5        7        7        6        9        9       15        6       10        6        8        4
        6       10        8        5        3        4        6        5        3        5        9        7        9        7        5        0        5        5        0        5
        4        3        5        2        3        5        3        3        2        2        4        3        4        4        1        6        5        0        4        1
        3        2        0        3        2        3        1        0        7        4        0        4        6        4        8        2        5        2        6        5
        2        6        5        4        3       10        3        3        5        4        5        4        3        9        1        6        7        4        2        6
        9        7       10        6        5        8       12        5        7        5        4        4        9       12        7       17        7        4        2       10
        9        4       10        4        4        2        6        7        4        8        9        9        9        5        3        4        6        5        3        1
        3        2        2        3        4        5        4        4        2        4        4        1        4        6        2        5        1        4        3        1
