        2        4        1        4        1        2        5        2        3        2        1        4        2        1        1        7        2        5        2        0
        4        5        5        4        3        5        0        4        3        0        3        8        9        5        3        2        1        3        6        7
        5        7        5        3       10        4        8        6        9        5       10        2        5        5        5        4        9        5        6        5
        2        3        4        2        6        4        7        5        3        9        7        3        5        3       10        5        3        7        4        3
        7        1        7        2        4        4        1        1        7        5        2        3        3        1        1        1        7        4        2        3
        1        4        3        2        1        1        2        0        1        1        2        5        2        4        3        3        5        2        2        4
        3        3        5        4        1        6        4        7        2        5        3        7        7        6        4        3        3        4        5        6
        1        4        8        9        3        3        0        6        6        4        3        3        3        4        2        3        4        6        7        2
        3        3        7        6        3        4        7       11        6        5        2        6        4        1        6        5        5        8        3        2
        1        2        5        2        4        2        3        3        2        0        2        3        2        2        1        5        3        4        2        3
        7        3        2        1        4        2        3        1        3        3        0        2        4        2        2        4        3        6        3        4
        3        3        9        3        3        3        7        4        2        6        2        7        6       11        9        3        4        9       11        7
        6        7        7        7        6        4        9        7        9       10       11        7        1        2        5        4        3       10        5        5
        4        7        3        4        4        7        5        6        2        5        6        8        3        5        2        1        6       11        2        3
        5        4        4        5        6        2        3        5        4        4        3        1        2        4        0        3        5        2        1        6
        3        1        2        2        0        2        0        6        1        2        2        2        3        2        4       12        1        7        3        2
        3        2        4        5        6        3        5        3        6        0        3        6        7        7        6        7        2       10        4        4
        9        4        2        6        7        8       10        4        6       10        3        5        4       11        2        7        3        9        6        5
        5        3        7        8        6        5        9        7        4        5        8        2        8        8        6        5        4        4        4        8
        4        5        2        4        3        3        5        4        5        4        1        4        1        3        0        1        0        1        0        2
        4        4        0        0        3        2        2        3        0        2        5        6        2        1        4        2        3        1        3        5
        7        5        5        4        2        4        5        8        1        5        6        6        9        4        5       12       11        7       10       11
        7        6       11       10        6        8        8        4        4       13        6        7        4       11        7        7       12        7       13        4
        8        6        7        3        1        3       11        6        4        6        7        7        8        3        2        3        6        5        4        1
        3        2        5        3        2        3        4        3        6        1        2        2        4        2        3        4        0        1        2        0
        2        4        1        1        0        0        3        1        0        1        1        2        6        2        2        5        1        1        6        1
        5        3        7        8        7        3        3        4        5        6        6        7        8        6        4        4        9        7       12        3
        6        6        8        8        9        6       10        7        5        8        8        6        8        5       11        4        3        6        5        7
        6        7        9        9        5        6       10        5        3        0        5        8        2        7        5        3        6        0        3        8
        6        7        6        2        5        4        5        2        2        1        1        2        2        4        2        4        2        3        0        3
        3        3        2        5        5        8        3        2        7        8        2        3        5        0        0        5        3        0        4        1
        4        5        6        2        5        2        2        5        6        7       13        2        8        4        9        7        4        9        4        5
        3        4        3        8        5        4        5        1        5       11        6        4        6        7        8       11       10        5        5       10
        9        9        6        8        6        5        6       14        7        7        7        4        7        5        2        3        4        2        2        4
        2        3        5        1        3        2        1        0        1        2        1        3        3        3        1        3        2        4        0        4
        2        1        4        1        2        4        3        4        3        5        1        2        7        4        3        5        3        4        6        4
        5        5        5        5        5        6        3        9        6        5        8        5        4        5        6        5        4        8        5        3
        8        9        8       13       15        6       13        7        6       10        6       10        3        6        7        2       10        6        5        6
        7        4       13        3        6        3        8        5        7        2       12        7        6        4        5        4        7        1        4        7
        6        3        1        4        8        2        3        4        6        3        2        1        6        2        4        0        4        2        5        2
        0        0        3        0        5        2        4        5        4        4        1        3        5        3        6        4        3        7        3        8
        4       10        2       10        5        8        6        5       10        9        8        9        7        9       11        8        7        7        3        3
       12       12        6       18        7        9        3        8        4        4        6        7        5       11        5        4        8        3        7        6
        4        7       10       11        7        8        8       13        7        4        7        8        3        7        4        5        4        6        5        2
        1        7        4        4        1        5        6        6        5        2        3        4        1        6        6        5        3        3        2        4
        2        4        4        3        2        2        1        3        2        5        4        3        2        7        4        6        2        2        5        6
        5        6        4        8        6        6        6       12        7        6        7        3        9       11       11        4        7        6        5        4
        8        8        5        9        4        6       11        9       10        5        5        8        8        8       10       13       10       14       11        9
       10        6        7        5        8        7        7       10        6        8        5        7        5        5        4        2        6        9       10        2
        2        9        7        3        4        2        3        6        3        5        5        3        4        1        2        5        6        2        2        2
        0        2        3        2        2        4        3        2        3        5        1        5        3        1        4        4        4        3        5        3
        8        9        8        1        2        4        6        6        7        5        9       10        7        6        3       13        6       12        7       12
        4        8        9       11        8        9        8        8        9       11        9        9        5       10       11        5       10        5       15        9
        7       13        5        7       11       11        3        8       10        7        7        3       10        5        4        8        6        7        9        5
        5        4        5        5        6        2        3        4        5        5        2        9        5        2        6        3        2        3        2        2
        2        3        2        2        4        3        3        3        8        3        4        3        3        5        6       10        8        4        4        8
        2        6       11       10        3        8       10        7        7       11        5        3        7        7        9        5        3        6       11        8
       10        6       10        2        8        6        8        8       12        9       10       10        6       13        9       11       11       16       11        9
        9       13       11       11        7       11        7       11        8        5        5        3        8        5        8        8        8        4        8        4
        7        6        3        3        5        4        5        3        5        5        2        7        5        5        5        4        8        1        2        2
        2        5        3        5        1        3        6        3        6        5        2        5        3        2        2        4        7       11        8        4
        5        2        6        6        4        7       10        9        4       11        7        6        7        7       10        5        7        5        9       10
        7        7        8       11       14       10       11       14       11       12        9       10        8        8       10       26       11        9        6       13
       13       12       10       11        5        9       10       12        5        9        6       10        4        5        5        4       12        2        6        5
        5       11        6        3        4        2       12        2        0        2        3        5        5        3        5        1        2        2        3        0
        4        2        3        5        4        4        4        3        5        1        6        2        8        2        5        1        8        5        8        4
        7       12        3        4       12        8        9        8        9        9        8       11       21       11       12        8        7       11        7       13
       13       15       15       11       17        7       15        5       11       12       12       12       12       13       11       11        8        5        6       10
        8        6       14       12       11       11       16        6       13        7       10        1       10        3        3        6        7        3       12        6
        3        6        4       14        9        9        5        2        4        7        1        6        5        1        3        5        1        3        2        5
        5        2        2        4        3        3        4        4        3        3        2        1        6        6        3        6        3       10        6        2
        1        5        3        7        9       11        6        8        6        6        7        7        9       15       14       13        9        9        8        8
        7       13       10        8       11       15        6        7        9        8        9       14        5       16       16       19       16        8       11       13
       14       10       16       17        7        7        7       10        8        9       15        9       19        5        9        7        6        9        9        4
        4        4        4        7       11        4        5        1        7        4        4        3        3        3        3        6        3        2        2        2
        2        4        5        2        3        5        4        2        3        3        4        0        4        2       10        5        5        4        5        3
        3        4        2        9        6        7        8       13        9        7       10       10       13        6       11       13       12       18        8        7
        9        5        9       15       13        8       11       12       11       18       15       20       10       15       13       13       13        9        7       12
       10       18        9       18       14        6        8       10        9        8        7        8        3        8        4        5        3       12        8        1
        3        9        2        5        4        9        4        4        3        8        1        4        3        4        2        3        2        2        2        4
        1        0        5        1        1        3        3        1        8        3        6        6        6        3        2        6        8        8        5        8
        5       11        4        1       11       16       11        5       10        8       11       14       15       11       14        6       14       17        7       14
       12        7       10       11       13       20        9       15       15       10       13       14       12       16       13       19       13       13       21        9
       14       11       16       20        9        6        7        9        6       11        6       12        4        8        9       10        7        7       10        8
        5        4        2        6        4        5        3        5        5       12        5        4        3        4        1        5        5        3        4        4
        2        2        5        4        8        4        3        2        5        6        5        4        4        8        4        3        9        5        6        8
        9        4       10       14        3        8        7        9        8        6       10        9        9        7       18       12        9       13       13       15
       12       12        8        9       19       17       23        8       13       12       16       13       19       21       10       17       13       10       11        7
        7       15       15       13        8       12       11        6        7       14       10        7       13        7        6       11        5        6        9        4
        8        0        3        4        6        5        5        6        4        3        3        6        4        5        7        3        4        5        7        3
        4        2        1        5        5        3        5        5        1        4        1        3        6        3        4        8        2        5        3        8
       14        6        4       11        3       14        4        9       10       11        7       10        9        4       12       18       19       12        7        8
       13       12       19       12       10       20       14       20       12       19       20       14       15       12        9       12       20        9       16       17
        8       17        8       13       16        9        8       10       11        4        9        7        7        5        6       11       14        2        8       11
        9        4        9        7        6        3        3        3        3        5        7        5        3        4        6        2        5        2        4        2
        0        5        5        2        4        8        3        5        1        1        6        2        2        8        3        7        7        9        5        7
        5        6        9        9        7        6        9       11       12       12       13       16       13       17       13       11       10       13       28       23
       12       13       13       21       14       14       16       20       20       19       22       12       22       22       17       22       11       15       18       18
       19       15       10       10       16       16       19       10       16        7       11        9        6        8        7       10       12        7        6        8
       12        5        0        5       13       10        1        4        8        6        2        5        7        6        5        4        3        2        0        0
        4        5        4        6        9        0        7        2        1        5        6        4        6        4        7       10        3        7       15       11
       10       12        4       10        8        8        9        7       15        9        8       13       17       11       16       14       13       12       19       18
       17       18       26       26       18       17       15       17       19       12       17       17       24       17       15       15       18       16       13       14
       28       15       13       18        9       14       15       17        8       10       10       11       12       12       12        8       11        4        6        6
       13        7        5        7        9        9        6        3        7        2        5        6        5        8        6        1        2        2        1        1
        7        5        2        5        4        3        2        6        3        1        6        4        2        7        2       11        5        6        8        9
        7       13        6        7       12        4       12        7       13       16       12       12        6       19       16       13       14       16       10       23
       16       10       22       21       18       16       20       21       23       20       17       15       13       21       21       18       23       21       14       21
       21       20       15       10        8       10       14       13       12       17       10        9       12       14       15        7        7        6        8        7
        5       11        6        6       12        3        3        4        2        7        8        4        3        5        5        6        4        3        8        4
        4        4        2        6        5        0        8        3        3        1        4        3        6        1        7        3        4        8        9        4
       12        5        7       12        9       11        9       13        7       15        7       13       14       11       10       20       20       15       18       15
       12       16       16       27       13       12       20       16       21       23       25       16       19       18       29       17       20       27       15       17
       20       22       19       17       20        7       17       16       11       16       10       10       11        7        4        7        8       11        6        7
       11        6       13        8        8        5        6       10        5        8        3        6        5        6        5        3        2        3        1        4
        2        3        3       11        4        7        5        6        8        6        6        3        7       10        7        8       11        6        5        8
        9        5       11       11        7       16        9       13       11        7       15       14       17       14       15       12       16       15       15       10
       20       16       24       27       26       26       15       34       23       17       20       15       20       22       26       13       24       14       24       21
       23       21       18       11       15       14       17       14        5        8       13        6        8        7        8        9       11        5        6        2
        9        6        4        6        5        7        6        7        3        3        5        4        8        7        5        1        5        4        4        5
        1        3        8        7        1        5        7        5        5        6        2        8        2        5        2        8        8        6        9        9
        5        9       11       12       15        8       16       12       12       11       12       14       16       15       23       16       18       22       21       16
       18       20       24       21       21       22       27       20       30       19       32       22       22       20       23       21       15       12       25       22
       21       23       27       13       18       23       12       12       14       14       22        6        9        7       17        9       13        8        6        4
        9        6        9        3        4        4        9       11        8        5        2        0        2        6        3        1        2        1        2        2
        4        3        6        2        1        4        4        4        7        4        7        3        5        7        4        7        9        6        7        8
       13        9       12       11       12       10       16       11       12       19       19       18       21       21       18       16       17       21       12       17
       20       25       12       26       26       22       30       21       27       30       30       34       21       20       22       20       25       25       17       22
       27       14       16       19       20       10       21       15       12       12       17       15       19       13       14       16       12        8        5        8
       16        6        7       12        7        4       10        4        8        5       10        2        4        9        1        2        4        4        4        3
        2        4        1        4        3        7        1        5        5        2        5        5        5        8        5        4        6        9        4        5
       13        8        9        9        6       14       10       19       25       16       21       25       15       13       15       22       18       21       23       29
       23       19       18       22       17       24       28       21       34       28       37       38       31       23       26       34       25       24       27       17
       15       16       21       19       22       19       14        8       18       19       13       16       10       11        7       13       13       14       12        4
       13        8        8        6        6        9        6        6        5        6        6        3        1        1        4        4        4        2        4        3
        2        3        1        4        7        6        5        5        7        9        9        3        8        4        4        7        4        9       10        5
       13       11        7       10        4       16       10       21       16       17       13       15       15       13       18       20       23       24       19       20
       21       22       33       13       20       27       32       27       27       35       27       34       25       30       32       33       28       28       20       18
       29       20       17       16       19       22       17       25       26       14        9       14       14       10       10        9       13       10       11       10
        6       12       10        8        9        4        4        4        7        5        8        2        5        8        4        2        8        8        2        3
        5        7        4        3        3        4        6        2        9        6        6        4        8       10        5        5        8        6       11        9
       10        7       12       12        7       15       19       14       18       15       17       12       24       16       20       17       22       19       25       30
       23       29       31       36       39       30       23       38       38       28       36       38       30       35       33       31       29       27       30       33
       28       20       30       22       21       21       24       13       23       21       20       18        9       10       10       12        9       17        7       11
       10        6        7        6        9        8        7       12        7        9        7        8        2        4        3        2        0        2        5        4
        4        1        2        9        6        7        7        6        8        6        4        6        4        8        7        7       13       12        9        8
       12       12       11       15       12       15       17       14       14       17       16       14       13       17       25       22       19       19       28       26
       24       32       30       23       38       45       34       38       27       27       30       40       35       28       29       23       31       35       35       28
       25       25       27       33       22       29       26       21       24        9       15       18        8       13       20       16       12       14       11       11
       13        7        6       11       10        9        8       10        6        2        4        2        5        6        4        6        4        3        4        6
        4        3        4        4        4        5        2        5        3        5        3        2        5       10        5       11       13        6       10       13
        8       16       13       12       16       10       20       14       14       15       19       20       14       23       29       24       19       32       33       29
       28       39       30       34       47       43       48       51       42       41       34       46       32       40       39       33       28       47       36       32
       31       23       39       24       21       24       19       18       19       15       22       19        9       15       14       11        6        8       19       13
       11        7        7       11        9        5        6        4        9        8        8        5        6        3        6        2        4        2        3        3
        4        6        7        3        7        4        7        5        7        8       15        5        6        3        5       12       12       14        8       10
       10       11       13       20       13       14       18       21       23       19       23       13       19       27       23       24       27       32       37       31
       31       34       36       35       44       46       60       41       39       60       49       45       48       41       43       53       25       36       28       30
       29       38       26       28       36       26       25       16       20       25       16       16       19       11       10       18       15       10        8       16
       13       10       14       12        6        7       11        6        9        3        3        4        1        4        7        3        3        4        5        6
        6        4        4        8        3        5        7        2        2       11        4        5        4        7        9        7        8       11       12       12
        4        8       10        8       19       13       18       22       11       19       26       16       29       29       20       28       28       26       33       29
       34       44       32       44       44       41       64       42       53       57       50       39       53       50       36       37       38       43       32       36
       31       27       41       27       35       30       28       19       21       22       20       12       17       14       15       15       21       12       10       12
       10        9       10       11        9        6       13        2        6        9        1        8        3        4        3        6        4        4        3        1
        4        1        5        7        2        7        6        4        2        5        4        4        4        7        9        8       12       10       10        4
       18       14       10        8       15        7       26       21       21       19       22       24       23       25       23       34       34       39       42       24
       39       33       42       62       54       60       45       60       63       42       48       51       43       34       43       39       33       36       34       46
       39       45       25       29       34       35       17       29       18       18       22       17       13       17       20       11        9       10       18        8
       10       12        8       13        3        8        5        9        8        4        4        4       11        5        7        3        6        2        5        3
        1        5        5        7       10        3        6        5        5        6        3        8        8        8        8        8        7       11       13       19
        6        7       20       18        7       12       16       12       18       16       29       22       19       31       29       30       31       40       36       41
       38       45       47       58       50       41       52       52       53       47       59       56       61       57       54       61       50       41       42       53
       31       44       30       37       29       25       36       25       18       31       31       17       18       24       12       13       13       12        9       14
       12       17        7        7        8        4        5        8        5        6        5       11        8        6        5        6        2        3        0        2
        1        2        5        2        4        7        4       11        8        6        7       12       13        4       12        7        8        7       12       19
       13       13       15       12       14       15       17       20       27       17       20       24       20       30       35       24       32       38       40       49
       54       51       46       48       48       54       55       63       45       59       73       73       48       55       56       66       53       50       59       52
       45       27       44       40       29       34       31       19       19       34       20       25       18       27       17       21       13       17       18       10
       10        5       10       18       11       11        5        3       11        5        7        8        5        7        8        5        5        6        6        4
        6        4        7        5        2       10        4        9        9        4        9        8        7        8        8        5       12       10       12        5
       19       15        8       15       29       22       17       23       32       29       24       24       28       29       35       29       37       40       42       48
       46       51       58       57       63       67       78       71       69       70       78       82       60       76       69       58       62       61       43       50
       52       31       35       34       34       35       39       29       30       19       19       18       28       21       14       12       12       15       16       10
        8       10       14        8        8        3        8        9        4        8       10        5        4        1        5        8        5        5        1        2
        5        3        3        5        6        4        8       12        6        3       12        6       11        7       11        8        9       12       11       12
       11       15       23       12       17       19       13       16       23       19       22       29       26       22       34       34       46       46       42       46
       54       54       48       63       63       76       69       85       76       81       66       72       92       69       81       79       77       67       54       71
       50       41       45       49       33       34       27       31       32       29       19       22       19       31        8       20       18       16       20        8
       12       16        7       12        7        3       11        8       11        6        8       10        5        3        3        2        8        7        0        5
        4        5        3        8        0        5       10        8        3       14        6       10       14       11        9        8       13        7       13       16
       11       12       15       16       15       18       17       30       37       21       36       22       34       26       49       31       44       41       47       54
       49       81       71       60       85      107      100       78       81       84       85       82       87       79       78       77       70       71       56       67
       54       48       44       36       45       42       32       35       28       30       21       23       20       23       12       26       19       14       12       10
       17        8        6       10        9       11        4        7       11        8       13       11        8        6       11        8        4        5        2        4
        5        5        3        8        4        8        3        6        3        7        4        6        7        7        7       14       13       12       13       11
       16       13       23       14       14       20       28       17       20       21       22       33       36       37       35       37       40       38       63       78
       67       64       62       83      102      101      123      103      120      122      103       85       93       97       84       75       87       88       57       85
       81       56       48       48       47       32       29       38       26       27       22       32       21       20       26       16       13       12       19       16
       11        8       12       14       14       11        8       13       12        9        7        9        6        6        3        5        6        5        0        7
        5        4        6        5        4        5        6        8        5        8        8        3        7        5       12        3       12       13       10       17
       12       11       18       15       15       18       24       22       22       27       27       29       45       46       26       44       48       41       45       60
       71       78       81       87       97      120      108      129      109      129      122      122       95      100       86       98       89       95       75       65
       65       72       57       32       44       34       37       29       23       24       29       26       23       25       16       19       19       19       18       11
       10       15       10       11        4        6        6       14       10        4        4        2        7        3        7        5        6        1        9        3
        3        2        3        4        9        7        6        3       10        3        7        7        6        5        3       13       12       12       11        9
       14       18       16       21       20       23       14       34       28       33       38       38       28       41       38       41       47       65       55       70
       73       77      106      102       99      121      119      119      129      144      155      134       97      109      104       94       94       92       73       64
       70       70       56       54       60       54       48       31       38       23       35       25       21       19       26       19       17       16        8       11
       20        6       14        7       18       14        5        6       13        6        9       14        7        5        6        4        6        4        5        4
       10        1        3        4        5       11        2        4        8        4       13        6        9       11       12       10       15        9       12       16
        9       17       21       17       23       15       18       25       36       27       30       36       40       43       47       39       45       54       59       74
       78       84       88      126      121      136      129      175      177      168      169      151      131      151      148      113      102      106       82       79
       76       47       52       61       56       59       43       39       33       34       18       21       32       22       17       19       13       13       18        8
       14        8       19        9       16       11       12        9        7        8        7        3        6        8        6        8        5        5        5        7
        6        5        2        6        3       10        5        7       13        4        8        8       10        8       11        7       11       16        6       14
       11       15       17       15       17       17       17       16       20       23       32       37       32       34       58       50       55       62       68       71
       83       99      120       95      156      156      162      174      214      186      206      177      176      165      160      122      120       98       92       78
       67       67       64       50       53       46       51       39       24       34       28       30       32       24       24       16       16       19       16       18
       11       14        9        7        9        9        4        5        5        8       12        6       11        2        6        5        6        9        2        4
        5        3        8        2        4        3       10        7        4        5        8        5       10       12        9       11       11       11       19       22
       16       24       23       27       20       27       18       27       31       30       38       47       51       64       39       50       59       59       70       76
       86      106      139      115      153      135      191      213      252      242      191      211      200      173      155      183      127      111       99      105
       85       82       63       53       48       47       49       24       43       33       35       26       19       22       18       18       15       17       16       16
       11        4       14        3        5       11       13        9        6        8       13       16        4        8        4        1        6        3        7        5
        2        2        9        1        7        4        2        5        6        4        9       14        9       11       12        7        6        9       12       14
       15       12       17       30       25       24       19       22       25       37       36       63       49       41       37       49       60       85       76       72
       89      132      134      164      173      201      244      263      270      314      287      314      245      210      198      164      141      135      115       74
       74       82       57       61       38       47       39       45       40       39       41       16       31       30       29       21       15        8       15        7
       12       15       14       10       17       12       11       12        8        5        8        5        5        6        8        7        4        5        1        4
        6        5        6        7        4        9        4        7        3       12        9        7       11        3        7       12       13       16       13       10
        6       20       10       20       13       28       24       26       21       43       45       37       49       43       27       52       63       72       76       85
      113       89      124      154      190      197      264      334      325      330      389      348      288      259      201      180      160      130       97       89
       80       78       67       56       58       53       43       42       39       26       39       31       20       15       21       30       12       12       12       26
       10       17        9       15        6        6        7        8        4        4        6        6       12        8        8        7        4        5        4        7
        6        2        6        5        3        5        2        6        8        8       10        7        8       10       11       15        6       10       15       19
       18       10       27       20       19       26       26       30       22       31       24       42       36       37       41       56       39       67       74       87
      100      123      129      174      185      228      287      305      438      464      527      473      378      291      247      180      142      142      133       91
       93       73       68       51       43       46       51       44       33       45       24       33       21       22       19       25       16       20       16       12
       12        8       14        9        9       10       10        9        4        4       10        7        6        4        6        4        8        2        6        7
        2        4        1        3        4        6        7        8       10        3        5       10        7       11       11        3        6       12       15       15
       19       18       15       21       23       16       23       28       29       37       41       33       36       38       35       56       56       70       69       82
       95      109      118      168      196      217      265      366      547      624      695      518      418      276      233      196      146      114      128      122
       99       89       80       67       55       45       43       53       27       35       30       24       23       14       20       25       15       21       18       18
       23       14       19       12        8        8        8        7        9        8       11        6        5        6        2        7        8        5        3        4
        4        9        6        5        5        7        3       12        5        9        8        7        8        6        8       13       14       16       22       22
       14       23       23       18       15       17       24       17       28       38       24       32       44       49       53       57       58       69       78      109
      114      127      137      162      185      208      300      352      531      928      907      573      400      302      275      192      169      123      116       84
       81       75       72       65       71       47       43       47       32       34       21       15       24       23       25       15       18       13       17       15
       18        8       12        8       18        8       10       11        8       13        9        9        4        9        9        3        4        3        1       11
        4        4        3        6       11        4        4        9        3        9       11        8        7        6       10       14       11       11       12       15
       14       15       13       16       21       19       27       30       31       20       22       35       40       48       60       47       61       79       91       82
       88      104      138      158      189      233      266      363      505      719      678      550      346      265      242      205      158      142      118       96
       87       94       74       73       67       53       54       39       28       29       34       26       32       32       23       23       22       16       13       16
       14       14        8       17        8        9       16       10        6        7        8        5        9        6        1        5        3        6        1        4
        3        7       13        7        3        7        6        5        2        7        7       14       13        8        8        8       13       16       12       14
       14       18       12       17       30       25       31       28       32       24       31       29       43       43       48       60       59       68       89       95
       94      110      134      142      153      182      276      289      435      432      478      419      321      282      200      164      146      135      115      102
       85       71       75       62       66       40       48       40       34       23       37       23       27       25       21       17       19       19       19       14
       14       11       17       12       11        8       12       10        5        5        8        5       12       11        9        6        9        7        2        6
        5        3        4        7        3        6        8        9       10       11       16       13        9        9       12        9        9       10        4       15
       13       12        7       14       25       25       16       21       32       46       37       43       52       39       48       49       73       90      100       84
       96      126      118      154      150      178      235      271      283      333      337      328      256      251      183      161      141      118      103       86
       89       70       63       52       59       54       43       40       37       32       23       37       28       19       15       18       13       15       15       19
       12       10        3       11        7        8        6        6        6        6        9        9        9        4        3        7        2        4        0        5
        5        4        9        6        5        6        5        6        4        9       10       15       13        6       11       10       14       13       10        7
       14       12       13       18       22       22       24       20       32       17       38       23       36       39       48       50       55       84       52       78
       95      102      109      141      147      166      172      196      222      227      282      251      221      195      188      120      121      126      116       89
       73       65       59       59       45       58       58       53       40       27       29       24       29       26       18       24       14       19       12       17
       21       14       11        8        7        7       11        7        8        4        8        4        8        9        1        7        4        4        3        1
        2        7        7        6       11        1        6       10        7        7        6       11        8        7       11       11       13        9       12       10
       11       13       13       26       16       21       24       20       29       28       25       47       41       33       49       44       57       59       58       63
       91       88      110      136      126      150      166      181      187      177      185      231      204      164      144      126      116      102       99       80
       69       63       52       50       50       39       35       43       42       23       32       16       24       24       13       18       19       17        9       16
       19       12        8       10        7        7       12        4        8        9        8        5        3        3        1        6        9        6        5        3
        6        5        3       10        5        9        6        3        7        3        4        6        7       13        7       14       10        9        9       12
       15       11       18       21       16       12       21       26       28       32       23       35       28       28       44       53       61       49       61       68
       88       80       97       80      136      142      130      133      176      145      170      175      171      153      132      110       98       91       67       78
       78       71       58       49       47       30       42       41       23       25       27       20       28       21       17       18       23       20       11       17
       10       11        6        7       10        8        9        8       10       12        7       13       11        2        5        9        4       10        5        4
        5        3        3        7        4        1        2       11        4       12        6        6        8        9       11        6        9       11       13       12
       17       12       17       24       20       31       14       19       23       31       27       28       48       42       39       43       52       51       49       80
       91       83       96       89      112       97      131      120      140      160      140      143      112      136      124      106       80      109       76       74
       57       57       57       54       45       50       29       45       45       27       21       33       28       25       20       23       11       17       14       15
       16        9       19       14       15       11       13        7        5        7        4        7        6        3        8        6        7        9        7        4
        3        5        5        7        6        3        1        7        9        9        6        6        6        7        7       10       10       12       12       14
       16       17       14       21       20       18       32       28       20       31       31       35       32       46       43       43       43       63       58       74
       72       83       82       97      104       98       84      105      126      115      112      112      116      121      125       89       83       80       65       94
       64       54       55       38       40       49       34       36       34       26       28       29       22       20       19       20       17       16       11       20
        6       11       17       13       13        6        9        7        5        8        6        9        9        8        7        2        6        1        3        5
        7        8        2        3        6        9        5        4       11        7       10       14        9        8       12       11        8        7       12       10
       12        9       13       10       25       21       19       25       15       14       28       40       41       28       45       42       47       61       44       59
       72       79       74       71       86      114       88       91       98      115       99       86      110       89       92       72       80       69       65       55
       61       59       52       47       50       43       38       26       39       33       32       25       27       12       22       19       13       18       20       16
       13       15        9       10       13       10       10        7        9        5        7        5        8        4        4        9        3        5        4        3
        4        3        4        3        5        5        5        4        3        4        7        5        9        9        8       10        9       12       10       13
       14       14       13       14       13       23       24       16       26       16       25       25       29       36       38       39       53       55       58       59
       59       67       60       80       79       77       79       95       76       79       83      110       78       94       77       72       69       72       71       59
       60       56       42       54       54       32       33       31       26       17       31       20       17       18       17       16       13       11       10       17
       24       12       14       11       14       10        5        4        6        4        6       15        5        6        3        6        6        4        4        4
        3        2        4        4        5       11        9        4        6        4        6        2        5       10       10       14        9       10       10       15
       16       15       19       18       12       15       19       11       16       17       35       34       28       38       32       40       31       51       46       37
       52       47       56       52       80       70       92       89       69       90       84       88       89       65       66       76       67       82       72       59
       48       46       35       41       35       34       33       29       30       22       23       25       27       22       25       16       14       10       10        8
       12       17       12        8        8        9       10        4       11        6        4        8        6        7        6        7        5        6        4        4
        5        3        3        5        5        4        3       10        5        7        7        4       10        9        9        9        5       11        7       12
       10       18       17       16       16       16       15       19       27       22       24       32       35       27       34       36       42       52       44       56
       58       51       48       61       61       66       63       68       81       81       52       81       55       94       55       63       56       47       51       37
       62       29       36       29       41       25       27       33       18       29       25       27       16       11       16       12       15       12       10       16
       11       12        6        8        9       10        6        7       10       14        6        5        8        4        6        6        4        3        6        1
        4        4        8        6        5        3        4        5       10        6        8        6        8        7        7        4        8       12       16        9
       10       14       12       24       17       12       16       21       17       27       18       25       32       23       30       34       30       52       40       49
       47       36       55       54       56       54       66       64       85       60       79       77       74       60       64       55       55       56       34       63
       44       33       51       36       29       23       30       37       19       20       14       19       18       16       14       22       22       10       15        8
       16       11        9       13       14       14       13        4        7        9        8        4        8        5        5        7        6        2        4        3
        7        4        4        5        8        3        5        7        8        7        9        5        8        8        3       10        9       10       18       14
       11       14       12       16       18        9       24       16       20       26       20       29       22       27       32       32       45       49       43       30
       55       45       50       62       51       57       56       70       62       60       62       66       44       51       61       58       51       45       53       43
       37       27       28       45       34       26       25       26       23       20       10       19       21       18       18       15        5       14       18       18
        8       13        7        7        9       10        5       11       12        5        4        9        5        7        5        7        6        7        3        0
        7        3        5        2        6        5        4        2        9        6        5        5        3       10        8       10       12       13       12        7
       14       12       12       23       17       22       17       24       16       27       17       25       27       16       28       36       33       30       23       36
       48       41       49       43       54       60       58       53       60       54       60       45       47       53       53       64       60       36       62       40
       31       46       26       34       24       32       19       27       30       24       22       20       22       20       24       15       18        8       18       16
        9       12        7       10       11        5        8        6        6        3        4        6        3        3        8        2        3        2        5        4
        8        4        6       13        5        6        8        4        2        8        3        2        9       11       11       10       10        9       17        9
        8       15       16       12       19       11       11       15       16       15       19       18       17       19       33       26       42       36       27       39
       28       38       33       44       49       48       34       46       53       49       46       39       34       36       43       44       50       38       39       29
       38       32       38       36       38       30       20       31       16       22       18       17       19       21       13       21       14       12       19       13
       12       17       14        7       11        3        5        5        9        8        2        4        0        3        6        5        1        3        3        4
        6        4       12        8        7        5        2        6        4        7        8        5        5        9        7        4        8       14       13       12
       10       10        5       13       15       10       24       12       11       20       17       22       31       23       30       26       25       32       24       32
       26       37       27       33       56       43       36       50       46       52       49       38       46       39       38       46       35       43       33       44
       31       31       31       29       25       26       19       25       27       16       17       17       10       22       14       15       19       12       11        6
       10       10       25        6       12        4        8        9        6        9        7        3        4        6        3        0        1        6        5        1
        6        4        8        5        7        4        5        5       10        2        3       11        7       13        7        5        4        3        7        5
        7       11        7       15       20       25       12       12       14       19       22       19       36       29       24       24       23       28       20       40
       33       37       23       45       39       48       34       45       50       45       46       45       33       47       39       35       32       36       41       31
       32       24       34       23       26       25       20       19       25       20       23       26       14       19       15       16       14       22        9        6
        6       13       10       10        7        8        6        7       11        1        9       12        6       10        5        7        6        2        5        8
        1        8        6        5        3        1        4        2        5        3        5        8        7        5        2        8       14       10        8       10
        8       12       11        9        9       12       18       11        8       16       25       21       17       17       33       31       28       28       29       29
       28       25       40       29       38       37       24       27       39       45       53       41       35       36       33       32       25       31       38       39
       31       25       30       26       20       19       23       12        9       22       20       19       11       20       15        8       15        8        9       14
       11       11       10        8        6       10        8        7        3        6        3       11       11        7        4        2        5        6        4        6
        3        5        5        8        5        3        5        4        8        6       10        6        5        4        3        7       11        6       10        8
        9       13       12       11       15       12       12       13       18       18       16       22       20       28       19       21       26       30       29       32
       18       21       35       25       30       42       34       27       37       38       41       41       42       29       31       27       37       28       25       31
       22       21       21       26       17        9       25       14       27       17       13       21       20       16       15       10       11       11        8        8
       12       14       10        7        6       11       11        4        8        7        2        6        8        5        9        5        8        6        4        3
        1        2        4        0        4        6        2        6        3        8       11        6        8        8        7        6        4        9        8        9
        8       10       13       17       11       10        9       10       14       11       17       17       10       22       17       20       27       17       23       24
       45       22       28       32       20       29       32       27       19       37       27       46       28       29       38       36       20       38       28       20
       32       25       22       22       21       33       18       21       12       15       16       12       15       11        5        7        9       21       11        5
        4        8       21        7        7       13       10        6        7        1        4        2        6        5        6        4        6        6        3        3
        3        4        5        9        8        1        4        6        6        6        5        6        7        8        6        7        9       10        8        6
       19        7       17       15       11       16       13       10       10       14       13       12       20       17       23       25       17       33       29       18
       24       19       30       23       24       33       33       28       41       41       20       20       25       30       32       18       20       21       16       26
       24       19       25       20       18       18       13       12       18       15        6       10       12       13       14        7       13       11       14       10
        4        8        6       10       12       10        7        5        4        4        8        3        7        6        2        1        7        4        4        7
        2        2        6        9        3        7        3        3        5        3        6        9        7       11        7        7       10        6        8        3
       14        7        7       12       13       14       11        9        7       16       15       26       28       12       22       16       32       15       18       27
       24       18       25       20       26       22       34       30       36       25       27       27       19       34       25       26       20       23       19       17
       24       18       22       15       15       19       17       12        9       20        9       13       10       16       13        7       13        7       11        7
       11        7       10        7        5        3        7        4        5        7        4        9        5       10        5        8        7        5        2        4
        3        9       10        4        3        5        5        3        7        8        4        9        6        8        9        8        9        6        7        9
        7        5       10       20       19        8       15       12       15       11       15       18       22       17       20       17       10       22       26       21
       12       21       22       14       19       24       20       19       26       13       28       27       26       21       14       16       24       20       17       21
       23       17       22       16       19       10       14       21       10       10        5        7       13        5       10        8        6        6       11        3
        6       12        2        4        8        7        5        4        5        2        8        8        2        6        3        2       11        7        9        4
        2        5        4        2        8        2        5        4        3       10        5        6        6       10        3       11        4        5        5        7
       12       12        6       20       12        8       11        9        9       10        9       14       16       22       16       16       15       15       18       22
       20        9       11       21       18       19       17       20       16       20       26       19       32       12       18       27       12       20       22       26
       17       12       27       17       12       14       20       10       22       15       18        7       11        9       11       10        5        5       10        6
        9        3        8        4        9        6        5        5        3        5        4        5        6        8        3        5        8        4        2        3
        2        2        4        4        1        2        5        2        4        4        3       12        6        6        3        6       12        8       10        5
        9        8        6       15        7        9       14       11       12       12        7       17       18       11       11       18       18       19       24       14
       18       21       20       18       25       17       20       22       18       15       20       26       25       29       19       20       16       14       23       20
       15       14        9       17       16       11       14       19        8       14       13        9        5       13       12        6        9       10       13       11
        7       11        5        7        6        6        8        6        8        7        9        2        9        9        9        4        5        1        4        2
        1        4        1        3        1        5        7        4        2        2        5        3        6        9       11        3        5        7        9        7
        5       14        3        9       12       13       13        5       14       17       10        9       14       14       14        9       14       28       15       10
        8       24       25       13       25       33       17       11       19       22       10       19       21       21       10       22       16       13       18       15
       14       24       12        7        8       10       18       14       14       11       22       11       15        6        9       10       14       11        5        8
        8        6        8        6       10        5        4        5        6        5        4        7        5        6        6        4        6        1        2        1
        1        1        3        2        4        2        7        5        3        3        8        6        6        3        2        4        2       10        9       11
        5        3       13        6       10       11       10        8       11       19       10       13        8       16       11       16       15       16       19       12
       19       24       29       17       15       12       18       19       15       19       21       23        9       19       26       17       20       24       12       19
       18       16       10       12       14       18       10       13       11       13        4        9       10       12        9       10        9        6       21        4
        9       10        4        7        2        6        7        5        5        4        7        2        3        5        3        4        5        5        3        1
        2        5        2        6        6        7        1        3        6        2        8        4        4        4        4        3        7        4        8       13
       14        5       11        8        4        9       11        7        7       20       11       14       12       10       11       13       12       17       17       18
       19       14       12       23       10       19       17       14        5       10       20       27       21       11       21       17        6       14        9       14
       13        7       16       13        6       13       14        6       13        9       11       12        7       10        9       10        8       13        4        9
       11        5        5        9        8        7        6        3       10        9        5        2        1        2        6        3        5        3        7        1
        2        7        1        5        1        2        5        3        4        5        1        6        1        3        5        6        6        2        4        4
       10        5        6        6       11        5       13       10       13        8       12       23       11       10       13        7        6       12       14       15
       10       20       14        7       12       18       21       13       11       26       17       21       14       16       18       11       15       18       25       11
       18       13        6       14        8       10       11       10        6        8        7        6        7        6        7        6        8        8        3        9
        6        9        2        4        6        8        6        1        1        6        2        7        3        4        7        5        4        4        4        1
        1        4        3        3        5        2        2        9        4        8        6        3        2        6        9        1        3        4        7        9
        8        6       10        2        5        3        5       15       10       10       11        9       10       18       14        9        9       20        9       13
       11       15       14       10       20       15       11       19       13       21       16        8       13       18        6       22       10       21       13       15
       13       13        8        5       11       11       15       13       10       12        8       11       12        5        5        6        6        2        5        7
        9        6        4        9        6        4        3        3        5        3        4        2        0        1        4        2        1        3        0        2
        5        4        3        4        3        1        1        3        5        5        5        3        8        4        4        7        6       12        1        4
        5        9        2        6        3        6        7       14        1       10       19       12       15       19       11        7       10       12        5       13
       14       11       11       15       15       11       15       21       13       12       18       11       15       13       16       14       23       10       14       14
       10       14       13        9        8       12       10        9        5       12        4       12        7        7        5        9        5        6        7        4
       14        5        5        9        5        5        6        4        5        3        4        7        4        9        7        5        2        8        3        4
        5        4        2        2        2        2        2        8        2        7        5        6        5        4        4        6        4        2        0        4
        4        7        1        7        7        5        6       12       13        8        7        8        3       11       10       14        7       14        9       12
        8       10       13       14       13        9       11       12       13        5        8       13        9        9       10        6       13       14        9        8
        9       15        8        6        9        7       12       12       10        5       11       11        5       10        8        1        6        5        4        9
        6        9        8        3        8        4        3        3        4        2        5        6        5        2        0        5        4        2        1        2
        5        3        3        1        6        5        6        5        6        7        2        5        4        3        2        2        4        5        2        3
        8        5        5        5        7        5        6       11       11       12       16       16       12        8        8        6       16       11       13       12
        7       13       15       10       15       10       13       16       18       14       11       10       26       12        6        6        8       17       12       14
       12       14        8        8       10        2       10        8        6        9        9        7       16        6        5        6        3        6        4        8
        8        4       12        7       10        3        4        7        6        3        6        4        2        5        1        2        1        1        1        5
        5        4        0        7        5        4        3        0        4        4        5        1        8        3        2        5        4        7        7        8
        6        7        7        5        4       12       11       10        5        5        6       14       16        9        4        4       10        9       11       11
        9       10        9       19       13        5       14        6       17       15       11       17       12       13       14        5       15       12       20        9
        8       11        8       11        2       13       10        9        6       11       10       10        8        5        3        4        7        3        7        8
        6        4        6        2       10        4        3        2        3        2        4        3        1        3        3        5        0        2        3        4
        3        5        0        5        6        2        4        2        2        4        7        4        8        3        4        7        5        1        3        3
        5        5        6        6        7        7        6       11        9        5        2        8        7       10       10       12        9        9        6       11
        6       10        6       17       10       11       11        9        9       10       11       13       11        9        9        9        5        4       10       12
        4        9        9        6        8        2        9        6        7        6        6        8        5        7        7        7        4        4        5        8
        7        9        4        7        6        3        3        3        3        4        1        3        3        5        3        1        3        6        8        3
        6        4        1        4        3        1        2        4        0        1        1        2        3        5        6        3       10        6        2        7
        2        8        9        4        8        9        5       12        9        5        8       10       12        6        4        5        6        7        3        8
        5       17        5        7        7        9       13       10        6       10       11       12        3        8        8        8        8        5       15        2
       10        6        9       14       11        4       10        8       11        7        9        1        9        9        8        4        9        8        3        5
        5        4       11        4        2        4        8        5        6        3        5        6        2        2        0        6        4        7        2        6
        3        4        4        3        2        1        2        3        5        2        2        6        5        8        2        2        6        5        2        5
        3       10        8        3        6        5        8       10       10        8       12        6        7       16       10        6        5        8        4        7
        8        3        8       12        5       10        6       12       12        7       11       11        7       13       11        9        4       10       11       13
        7        8        3       10        9       13        8        3        2        3        4        6        4        4        5        6        6        9        5        8
        6        7        2        6        6        7        3        4        2        7        1        6        0        6        4        1        1        4        3        5
        0        2        4        0        4        2        2        4        0        1        4        5        8        3        5        1        2        5        4        2
        3        7        5        6        4        7        8        7        9        5        5        8        4        6        8        9       18        9        8        4
        5        6        5        7       15       10       10        6       14        4        6        9        8        7       16       15       12        9       10        4
        6        7        9        9       13        6       12        4       12       10        5        4        2        5        4        5        5        6        5        6
        7        4        2        7        6        5        4        2        2        8        3        3        3        4        2        1        4        1        3        1
        1        2        5        4        2        3        1        5        6        4        2        4        6        7        2        5        2        3        7        4
        3        7        5        4        5        3        7        5       11       13        8        8        5       11        4        6        8        4        4       10
        6        8       10       10        8        3        4        8        9       12        7        8        9       10       14       10        4        9       11        7
        6        7        6        3        7       11        6       13        6        9       10        3        8        3       10       10        6        5        5        6
        3        6        5       10        2        4        5        5        3        3        3        3        2        1        0        2        4        0        7        2
        1        2        2        0        2        2        2        5        3        4        2        2        2        2        4        3        7        5        5        2
        4        5        9        2        6        3        8        6        3        5        1        4        3        6        4       11        6        9        5       10
        7        9        9       15        6        6       10        9       14        9        4        8        7        5        9       10        9        7        9       11
        7        4       12        8        7        7        4        3        8        4        8        6        3        4        4        2        5        3        3        6
        6        3        4        4        1        6        3        5        5        3        5        7        3        3        5        3        5        6        4        0
        2        1        2        4        1        2        3        5        2        1        3        0        0        3        4        4        7        4        8        6
        4        5        3        6        2        8        1        8        5        4        8        7        5        8        8        5        2        6        4        9
       11        6        8        8        5        8        9        6        7        3        7        8       12       10       13        7        4       10        5        5
        4        3        9        4        7        2        3        3        5        3        5        9        7        5        7        7        5        4        5        7
        4        7        3        2        5        6        1        4        1        2        3        2        1        3        1        1        2        5        6        2
        2        2        4        5        3        2        5        1        0        3        3        3        2        9        4        5        3        4        9        2
        6        5        2        3        4        6        3        0        5        2        4        5        5        9        8        7        6        8       10        6
        8        9        6        7       11        9       10        4        7        4        5       10        9       11        9        9        6        7        5        7
        3        5       11        5       12        3        6        4        5        3        1       10        4        5        2        4        4        2        3        2
        4        2        4        1        2        6        1        3        1        5        2        3        2        1        4        1        3        2        2        4
        1        1        2        1        2        2        3        2        5        2        5        4        2        6        6        5        4        2        6        2
        3        3        6        5        8        8        3        5        5        5        6        6        7        4        4        5       10        4        8        3
        5        9        3        6        9        8        6        7        9        5        7        3        8        8        1        7        9        2        7        5
        4        6        6        3        4        8        8        4        4       12        5        2        5        4        6        5        2        6        6        4
        5        3        4        7        3        5        2        3        4        0        2        2        4        5        4        1        1        1        2        2
        2        0        3        3        7        1        6        3        0        2        4        2        4        2        7        5        7        7        2        8
        1        3        2        2        8        3        3        6        3        4        2        5        3       13        3        5        4        5        3        1
       13        8       12        8        6        8        2        3        7        2        4        4        4        6        1        3        7        6        8        4
        7        6        5       11        5        7        7        2        2        8        4        5        4        7        5        4        1        0        3        2
        2        2        2        3        6        6        4        2        1        2        3        1        2        3        2        2        4        2        2        2
        1        1        2        2        1        2        3        6        2        3        3        9        5        2        5        1        2        3        5        2
        4        4        6        4        7        2        3        1        4        6        3        4        1        9        6        5        4        9        7        7
        1        8        5        3        6        4        6        4        9        7        9        5       11        5        6        4        5        9        5        9
        7        5       12        3        7        5        7        4        3        9        6        7        6        2        5        1        7        5        6        7
        6        5        6        3        2        3        2        3        1        2        0        2        3        1        0        2        2        3        3        1
        2        0        4        2        1        5        4        2        2        1        2        2        7        3        1        3        2        2        2        3
        4        4        4        1        4        1        3        4        3        9        1        8        2        6        5        5        9        3        7        5
        6        6        2        7        6        3        6        6        3        4        5        4        9        5        8        1        4        4        4        4
        5        2        5        7        7        3        4        3        2        3        2        6        4        2        2        7        8        4        3        3
        9        2        4        6        2        5        5        4        2        2        2        2        1        2        5        2        5        3        1        3
        3        1        2        3        1        1        5        1        1        3        6        1        3        4        3        3        1        1        5        2
        3        2        4        5        3        4        5        5        9        2        6        8        2        2        5        4        8        5        5        4
        9        2        5        3        6       10       12        6        6        8        7        4        9       10        4        7        3        2        3        3
        4        7        6        6        3        5        3        2        5        4        3        6        4        3        4        1        6        8        4        2
        3        2        3        2        3        1        1        2        4        1        3        1        7        1        5        4        2        4        1        3
        1        2        1        2        3        3        3        6        2        0        1        0        8        5        4        2        3        5        3        4
        2        2        6        1        7        6        7        5        4        2        3        3        3        6        4        1        5        6        5        5
        3        9        2        6        5        6        1        2        5        7        5        6        3        2        2        5        2        5        3        5
        4        7        6       10        6        5        1        4        3        5        3        2        4        3        5        8        3       10        4        3
        3        7        3        5        4        6        3        2        3        2        1        2        0        1        2        2        2        3        2        1
        1        2        1        1        3        6        3        9        1        2        2        3        1        4        2        4        3        4        7        5
        4        6        5        3        3        0        2        2        3        2        1        2        2        4        8        6        5        4        5        3
        4        6        4        4        3        6        6        5        8        2        6        7        2        6        5        2        5        7        3        4
        6       11        6        3        2        2        5        5        4        6        4        2        5        3        1        3        4        4        6        4
        7        5        3        4        4        3        3        0        2        3        1        3        2        4        0        3        1        2        2        1
