        5        2        1        2        4        2        6        2        2        0        0        3        6        3        4        3        2        0        5        6
        5        3        2        1        4        2        4        9        5        4        7        3        5        8        7        3        9        5        8        9
        5        8        7        6        3        8        7        4        2        6        7       11        6        6        4        5        5        8        8        3
        8        6        4        2        6        7        3        9        8        4        0        4        5        4        3        4        4        7        5        1
        5        3        2        4        4        3        3        2        4        6        2        4        1        4        3        3        2        3        0        0
        4        0        1        1        4        3        2        7        4        2        1        3        2        4        3        1        7        4        3        6
        4        2        7        5        3        4        9        2        7        5        8        6        5        5        8        8        6        8        8        8
        4       10        6        5        6        6        8        4       12        7        3        6        5       18        8        4        7        9        6        1
        7        3        2        9        0        4        3        5        6        2        4        3        7        3        7        8        4        2        6        4
        5        4        5        2        4        1        6        2        2        6        2        2        6        1        2        2        2        4        1        0
        2        1        0        1        5        1        3        2        0        3        5        5        7        2        5       11        7        3        5        2
        8        5        7        6       11        5        7        6        5        3        3        9        9        8        8        9        4        3        2       10
        8        7        5        6        4        7        6        8        3        9        7        8        7        7        7        3        7        5        6        5
        5        9        6        9        5       10        8       12        4        8        7        8        5        8        2        9        3        5        6        5
        4        3        5        3        3        4        2        1        3        4        5        5        1        3        4        5        0        1        2        2
        3        3        4        1        5        3        4        1        3        3        7        2        4        4        8        2        3        4        4        7
        8        1        9        4        4        4        3        9        9        9        2        6        7        7        3       15        7        7       10        9
        4        6        8        7       14        8        8       10        6       10       10        8        8       12        7        5        5        4       10        8
        7        5        8        5        8        7        4        7        2        8        8        7        8        6        3        7       11        5        2        7
        6        3        6        5        2        3        3        2        7        0        4        2        1        0        3        2        4        2        1        1
        4        9        4        2        3        0        4        0        7        1        3        2        2        1        3        3       10        2        6        7
        6        9        3        6        9        8        3        9        5        8        5        7       11        8       15       11        7        7        6        4
       11        5        4       15        9        8        5        8        5        4        7        8        6        7       14        8       11        5        4       11
        3        4       10        5        8        4        5        6       10        4       11        7        6        6        8        5        3        4        5        1
        4        2        0        2        6        4        6        2        4        3        4        2        5        6        4        1        1        4        1        3
        2        2        5        3        6        5        1        4        2        3        3        1        3        3        5        9        2        2        6        2
        5        5        4       12        2        1        5        5        5        8        6        3        7       12        8        5        7        6        6        7
        8       20       11        7       13        5        8        9        7        7        7       16        7        9        4       14       13       10        5       12
        9        9        5        6        3        6        9        4        5        2        7       11        8        4        5        6        3        4        4        2
        5        5        2        7        4        3        7        1        3        2       11        0        2        2        9        2        4        2        1        5
        3        5        4        3        3        3        3        5        3        5        7        5        4        5        1        3        9        5        6       12
        5        4        2        5        9       11        6        5        7        1        7        7        8        6        6        8        7        8        6        6
       11       11        5        7       12        7        6       10        5        5       21       15       13       11       10        6       10        8        6        5
        4        8        6        4        7        6        5       10        5        7        4        6        6        6        7        3        4        5       10        5
        5        5        3        5        4        5       10        4        5        3        3        2        4        1        2        3        1        1        4        6
        4        3        6        2       11        1        7        5        0        6        2        4       10        2        4        5        5        5        3        6
        6        9        3       10       14        3        6        9        7        7       12        6        6        6        3        9        9       10       13        9
       17        5       16       13       13       11        9       10        6       10       13        8        9        4        6       12       14        6        7        9
       10       11        6        6        9        4        6        8       14        9        7        5       11        2        6        3        4        3        9        2
        2        2        3        4        6        4        4        5        7        6        4        1        5        3        4        3        3        5        2        2
        2        1        4        3        4        6        9        8        1        2        2        3        3        5        7        6        9        6        7        4
        3        5        8        9        6       11        5        6       10        6       10        8        7        6        7       10        7       18        7        7
        4        8       16       10       13        9        5        7        9       10        9       13       13        9        6       15       15       13       16        9
        6        6       10        8        5        8       10       10        9        6        6        8       14        3        5       12       10        5        7        5
        6        4        2        5        4        7        6        2        4        5        7        4        6        7        2        4        2        5        2        3
        2        3        6        6        2        2        5        3        5        7        7        6        1        8       10        7        9        6        4        5
        8        5        4        7        5        5        8        8       13       10        6        5       10        9       10        7       10        7       11        4
        6        8        7        6       13       10       13        8        7        9       12       13        7       14        7        6       10       10       10        7
        8        8        6       14       17        7       10        9        5        6        9        3        6        6        8        3        6        7        6        3
        3       10        7        6        5        5        7        2        7        4        3        5        3        2        3        5        2        1        4        1
        3        4        3        7        4        1        0        6        7        5        6        6        6        4        7        4        5        5        5        5
        8        3        4        5        9        3        5        5        9        8        7        8        6        9        3       17        9        7        8        9
        3        9       11        8       10       14       12       14       10       13       11        9       11       10       14       13       10       12       10       12
       11        7        6       14       10       11        8        8        8        9       11       12       13        7        8        6        4        8        3        2
        7        4        5        6        4        2        3        5        5        3        6        7        2        5        6        7        2        3        1        3
        2        3        0        1        3        1        8        9        7        9        4        7        8       10        7        5       13        9        2        3
        7        6        7        2       14        7        7        7        5       11       13        5       12        6        7        6        9       11       10        2
       10       14       13        6       16       10       13       14       13       14        7        5       14       16        9       14       13       11       10        9
       12        9        7       10        9        9        8        6        7        7        4        8       12        6        6        7        9        3        5        6
        5        4        5        6        3        6        5        7        1        2        1       10        1        4        8        8        1        5        6        2
        3        2        4        1        4        0        7        5        4       12        4        3        8        1        7        4        8        4        4        8
       10        8        4        9        6        9       10        7        2        5       10       13        9        9       15       11       10       12        6        8
       12       10       14        8        6       13       16       16       17       19       16       15       13       14       15       16        6       10       15        9
        8       16       13        8        9        9       10       13        5        6       14        8        6        9        7        6        9        7        6        5
        3        5        5        4        4        4        0        6        8        3        6        5        5        4        1        2        0        6        2        2
        6        1        5        3        3        4        6        3        2        5       10        5        2        7        7        7        7       10        9        6
        5        3        4        6        9        5       10       13        4        7        8       11       13       11        8        7       11       14       11        6
       17       11        6        9       18        3       14       18       16        8       13       11       10       13       16       13       17       16        6        6
       19        8        9        9        8       10       12        9       12        7        6        5       20        6        9        8        7       13       10        5
        9        4        5        5        6        5        6        2        5        1        6        4        5        3        6        1        1        8        3        3
        4        8        1        4        3        6        4        4        1        2        8        3        8        8       11       13        3        9        6        8
        7        9        4       10       14        4       11        4        8        6       12        9        9        2       13       15       14       13       13       14
        9       18       18       12       15        8       15       14       19       17       13       11       16       14       15       17        8       15       11        7
       12       12       10       11       12        7       11        8       12       10        6        6        6       16        5       12        9        6        9        3
        4        4        7        5        5        6        4        5        4        3        5        4        4        3        5        5        0        3        4        2
        2        4        1        9        5        4        2        6        5        7        9        4        4        5        9        6        8        7        6        8
       11        7        7        8       16        6        7       10       11       20       13       11       13       11        9       13       13       11       19       12
       12        7       20       14       14       13       17       14       15       14       17       16       11       13       14       18       22       17        9       12
       26        9        8        8       15       12       15       12       14       12       10        6        7       12       10        7        6        3        7        7
        8        6        5        7        2        4        9        6        7        5        5        7        3        5        3        4        2        3        5        2
        5        1        0        7        4        5        4        4        7        5        3        5        8        4        2       13        8        7        9        3
        4        7        8       12       10        4        8        5        7       11       12       15        7       10       13       17       11       17       14       13
       15       14       13       10       18       14       11       15       14       10       16       13       25       22       13       15       14       16       17       21
       12       12       16       13       12       18       15       13       14       12        9       13       10        8        9       11       12        1        2        7
        5        6       10        2        7       11        5        2        7        4        6        5        2        5        4        2        3        1        6        5
        3        3        4        7        3        1        7        0        6        3        3       10        9       10        4       13        7        7       12        7
        9       11        5       13       10       16       14        2       11       13       18       11       17       14        9       19       12       11       15       16
       20       19       13       12       15       16       14       14       12       16       21       20       18       25       21       17       17       15       18       10
       10       10       18       14        9       11       18       11        7        8        5       13       11       11       15        2        7       17        6        5
        7        6       10        6        6        8        5        4        4        5        4        4        2        2        6        4        4        7        5        3
        3        9        7        7        9        5        7        6        3        3        3        7       11       10        5       12       11        9        5        8
        9        8       11        6        7       10       13       18        9       15        9       14       11        9       16       14       11       16       12       18
       20       20       10       20       16       19       22       17       12       18       20       12       22       19       16       15       11       16       18       13
       22       11        6        9       13       18       15       22       10       15       16       12       10       12        9        9       10        9        6       10
        9        8        5        5        6        7        8        9        3        8        6        4        2        4        4        8        2        4        1        7
        4        2        4        6        5        0       12        6        7        2       10        6        6        7        4       11       12        4        9        6
        3        7        9        4        4        5       12       14       15       10       11       12       16       11       21       12       16       17       15       18
       12       10       11       16       23       21       18       19       24       22        8       15       17       15       16       13       24       23       18        7
       15       10       13       20       11        8       13       16        3       11       16        9        8       13        7        9        4       13       11        6
        5       12       11        6        4        5        8        4        4        6        8       10        7        5        3        8        2        5        5        3
        4        2        3        6        6        5        5        6        5        3        4        7        9        9        3        7        5       11       11        9
       10        7        3       13        9        8       10       10        8       10       16       19       10       22       23       26       17       13       18       18
       18       12       14       27       23       18       19       16       19       16       27       18       15       16       18       25       23       19       16       14
       13       14       20       20       10       16        8       24       12       16        9       15       10       12        8       17       11       15       11       10
       10        7       11       11        2        6        8        6        9        1        7        1        5        7        3        3        5        9        2        6
        6        3        6        4        5       11        4        3        4        4        4        8        8        6       10       10       15       12       11        8
        5        6       14        7        7       11       17       12       11       20       21       23       18        7       25       14       11       23       23       21
       14       28       22       27       11       19       19       23       23       22       24       22       18       21       19       27       16       19       17       16
       24       19       21       19       16       17       11       19       11       13       10       13        8       12       10       14        6       12        4        8
        9        9        6        7        4        6        3        6        5        4        3        3        4        8        7        4        3        3        5        4
        7        3        4        4        3        4        6        4        5        7        6       11        6       12       10        7        9        6        6       13
        9       13       11        9        8       19       10       17       11       13       16       14       13       13       15       14       28       36       16       12
       18       17       31       21       24       28       24       25       25       27       20       26       18       21       29       25       23       18       25       18
       16       11       15       18       13       25       14       15       14       21       17       11       11        9       16       10        5       11       12        7
       11       13        5       10        9        7        3        6        4        4        5        6        4        4        3        5        4        5        6        4
        4        8        3        4        4        5        2        7        8        6        9        4       12       11        7        6       15       15        6       14
        5        8       11        8       20        9        9       15       18       16       10       17       12       19       16       20       19       24       21       13
       22       26       18       38       24       26       19       25       18       33       24       15       22       19       20       28       27       21       20       30
       23       25       21       14       16       23       22       16       18       19       20       12        8       10        6       14       13       15        8        5
       11        7        6        5        8        8        8        9        6        6        5       10        7        4        5       10        6        2        3        3
        1        3        4        5        4        6        3        5        8        5       12        5        6        7       10        8        8        9       17       11
       17        9        7       19        8       12       10       14       17       16       14       16       22       17       22       27       14       25       25       23
       19       22       36       24       27       21       24       24       19       27       21       39       27       28       30       28       18       32       24       37
       21       20       16       11       30       24       24       14       16       17       13       23        9       11       13       12        5       15       12        7
        6        9        7       11        5        5        8        8        5        4        4        8        3       10        8        6        5        7        4        2
        3        2        7       12        9        4        6        6        4        4        4        8        7        6        9        6       10        4       18       14
        9       13       14       22       11       15       21       19       17       23       25       17       16       14       21       20       21       25       19       33
       33       25       33       21       29       37       31       33       24       33       30       41       25       32       30       31       32       32       19       19
       31       17       17       19       18       16       17       18       16       18       14       15       18       14       18       11        9       12       10        6
       11       10        8       11        8        7        3        6        5        9        2        2        4        3        8        8        4        9        8        4
        6        3        4        3        9        7        9        7        2        8        6        7        4        9       10        5        7       15        9       15
       11       14       15       15       12       13       10       21       16       17       11       19       15       20       19       36       20       31       24       27
       27       36       26       24       31       32       36       31       34       27       44       40       39       34       32       36       23       33       35       26
       40       21       35       25       24       29       20       13       18       19       19       21       15       17       12        8        9       11       11       14
        7       10        9        8        8        8        6        4        8        4        8        9        4        8        6        7        8        2        3        1
        5        7        5        7        3        6        4        6        8        5        9        8        3        5        8       11       11       12       13       13
       14       12        9        9       13       15       22       21       21       21       15       17       11       23       30       30       24       22       29       29
       46       29       34       41       45       39       43       25       39       41       29       30       48       28       39       26       42       33       27       30
       22       28       30       20       22       19       25       17       19       13       22       22       18       14       19        5       14       11       13       14
        7        9        9        4       12       10        7        5       10       13        6        9        4        7        2        5       10        7        9        3
        5        5        8        4        4        4        5        5        3        8       11        5        9       12        7        9       11        8       10       14
       16       10       10       15       12       17       14       22       21       26       22       15       22       30       37       24       35       20       31       25
       41       29       32       32       40       48       42       23       41       33       29       40       30       41       33       37       44       30       33       32
       39       28       32       23       16       24       20       26       30       20       17       29       18       19       16       14       18       17       12       13
       10       10        7       12        9       10        7        9        6        6       11        5        6        5        5        8        9        8        2        5
        3        7        2        3        4        5        7        6        5        6        8        4        9        9        7       10       14       17       18       13
       10       12       16       21       15       19       19       19       16       22       29       27       20       31       27       28       30       33       25       20
       23       53       38       26       31       50       48       53       39       33       52       54       49       32       45       41       43       37       41       33
       29       36       23       36       15       33       40       30       22       20       24       17       16       19       15       17       15        9       15        9
       10       13       16       11       13        7       14       10       10       17        6       11        1        7        4        7        3        3        0        7
        4        5        6       10        5        6        8        5       13        2        7        5        9        9        8        8       12       11       14       14
       18       10       18       22       16       20       17       19       17       31       19       19       15       26       33       36       32       31       27       44
       36       45       43       52       62       56       41       53       48       38       54       34       48       60       52       54       37       43       34       31
       38       29       34       33       25       44       37       23       19       31       18       25       22       15       17       16       11       20       13       10
       14       17        9       11       15        7        8       15        4        3       12        5        4       13        5        6        6        6       10        3
        5        5        2        7        6        8        7       13        3        5        7        7        6       11        5       11       11        9       12       15
       16       16       20       16       15       14       19       21       21       12       18       26       35       29       26       33       30       43       33       51
       49       48       59       31       53       35       56       44       60       46       61       46       54       38       61       65       50       53       46       45
       30       44       35       36       30       35       38       28       22       20       30       17       12       21       29       12       13       15       12       16
       16       11        5       10        2       14       12        6        7        2        7        3       10        8        7        6        7        5        9        6
        4        9       10        3        6       11        4        7        6        3       10        3       10       15       18       13        6        9       12       17
       11       15       13       24       31       16       21       21       10       20       24       35       22       31       27       51       37       32       52       43
       48       43       58       53       54       52       53       59       58       69       61       69       56       42       46       59       56       51       44       42
       32       37       32       30       29       27       38       29       29       29       19       23       27       17       25       15       12       15       22       14
       15        8       14       13       12       10       10       10        5       11        7        9        9        4        2        8        6        9        8        4
       11        7        8        4        4        2        8        4        9        5       10        6       11       10        9        7        9       10       13       19
       18       10       21       14       18       11       16       27       24       19       25       24       40       27       34       34       33       33       39       67
       51       46       57       51       58       73       65       67       65       67       71       53       66       74       63       61       64       51       48       51
       66       45       36       40       39       27       33       28       30       37       23       19       18       20       21       17       15       11       18       19
       11        5        4       15       11       11        6        8        9        5        5        6        3        8        8        5       10        6        9        5
        4        8        5        9        9        6        2       11        4        4        6        8        7        4        9       13       17       11       14       16
       19       28       15       12       18       22       18       21       21       31       24       27       20       42       39       50       43       47       44       51
       55       62       59       59       84       61       55       64       99       64       76       73       79       71       83       81       56       75       53       47
       54       42       46       47       45       50       41       22       26       25       28       26       21       29       23       22       21       23       10       13
        5       16       13       16       18       11        7       13        5        8       10        8        4        9        3        5        5        4        4        5
        3        5        5        6        3        6        1        8        9       10        4       12        8        6        9       10       14       10       17       12
       12       15       16       18       24       11       25       20       32       30       24       35       37       47       40       41       43       56       68       54
       64       67       73       56       66       66       95       80       93       84       72       91       71       73       86       66       76       75       66       57
       48       52       68       47       34       42       47       38       29       34       25       26       28       22       17       21       16       16       15       19
       19       14       13       14       14        5       13       10       10       10        7       13       13        8        8        5        5        6        8        7
        4       11        2        6        3        5        4        8        5        9        6        7        8        9       16       13       15       13       18       14
       21       19       20       18       23       27       26       28       27       41       31       46       34       58       41       36       58       70       55       45
       67       71       66       76       65       65       99       93       84       87       93       81       92       87      110       82       73       88       58       58
       55       65       56       62       46       38       32       40       28       28       24       25       19       28       14       23       17       22       15       20
       15       23       12        9       18       17       13        5       14        8        6        9        7       12        2        6        6       11        8        5
        4        7        2        3        7        5        5       10       10        9       11        8        9       14       11        9       14       12       14       11
       19       18       21       17       21       21       26       29       31       30       38       34       32       49       36       60       59       48       52       59
       58       68       80       76       87       95       90      124       87      114      100       91      100      108       99       90       93       79       78       78
       60       58       58       53       54       55       39       34       41       31       33       30       19       30       15       22       11       23       10       12
       20       14       18       15        8       12        5        7        7       13       10        3       12        7        4        8        4        4        7        3
        4        6        4        6        1       13        8       10        8        4       11       11       15       13        9       16       11       11       17       16
       18       22       21       25       21       24       19       37       42       25       37       40       35       39       58       64       52       63       68       64
       73       71       84      108       89      102      119       99      140      118      105      105      129      104      126       96       93       89       76       85
       52       61       53       55       47       41       46       34       25       39       31       30       17       19       29       32       19       15       13       17
       11        9       16       13       15       17        7       12       16        6        6       10        5        7       11       10        7        4        6        5
        3        3        4       11        2       10        6        9        6        5        7        7        9       10       21       12       15       12       22       12
       19       19       12       16       17       26       31       29       25       42       29       51       36       44       49       41       51       76       77       75
       78       92       97      110      126      129      138      131      114      149      139      134      137      128      119      127       93       98       89       70
       78       68       85       56       44       48       44       39       37       35       32       33       37       30       34       21       20       16       27       13
       16       12       14       15       20        9       11       10       10       12        4       10        9        5        5        7        5        7        4        5
        7        2        4        6        3        4        9        7        9       10        6       13       10        8       10        7       11       14       13       20
       20       13       27       34       27       20       22       28       28       41       44       56       47       46       55       56       61       61       72       92
       79       90      106       93      117      125      117      133      159      169      159      148      157      150      152      146      107      105       88      107
       89       69       80       66       54       55       39       47       31       30       36       33       26       33       29       26       19       26       22       21
       16       12       20       12       12        6        8       16       15        9       12        6        9        8        3        2        2        3        2        5
        3        3        7        5        6        6        8        5        9        8       12        6       13       11        5       13       10       16       16       13
       18       25       26       28       14       33       26       30       29       28       43       47       45       42       57       49       68       71       86       64
       78      107      113      135      137      157      154      158      155      191      195      182      173      144      160      131      133      115      113       87
       78       90       99       84       73       54       52       49       44       32       43       42       37       33       24       30       27       17       22       19
       11       19       16       19        9       16       13        8       10       12       11        8        7        4        8        6        4        2       10        7
        5        4        3        7        5        2        8        8        6       11       12        9       12       17        7       12       10       15       19       15
       24       18       24       27       37       22       23       32       33       49       32       35       47       80       56       54       68       67       89       80
      105      133      121      141      155      164      192      176      213      212      244      232      178      186      178      137      144      132      133      101
       94       85       75       62       56       67       66       52       52       46       35       33       32       28       24       27       20       24       17       17
       17       11       12       16       14       13       11       12       12       11       10       11        4        7        5        3        8        6        6        4
        3        2        4        8        5        7        7       13        2       10       11       14       10        8        9       22       11       12       14       13
       21       14       21       25       22       25       28       32       37       41       46       51       61       56       57       70       70       90       71      102
      120      111      132      165      157      209      226      239      258      250      255      255      232      212      192      188      146      137      149      115
      106       91      100       60       71       55       48       59       55       34       38       35       34       29       32       20       21       16       16       15
       17       10       17       13       11        4       20       11        5       14        7        9        8        7        5        4        6        8        7        4
        3        3        5        5        8        7        6        5       10        9        8       14        7       11       10       14       15       15       18        9
       16       15       24       23       24       33       31       24       28       30       41       62       41       53       57       84       76       82       97       98
      110      111      138      182      210      236      245      293      314      330      331      303      303      243      211      208      167      161      139      116
       99       85       90       81       69       61       55       45       40       44       48       35       33       30       23       30       21       22       20       11
       12       22       17       11       13        9       16        7        9       11        9        4        5        3        3        5       11       10       11        5
        4        4        7        3        9        7        6        6        8        8        4       15       10       13        7        9       14       24        9       18
       23       23       30       23       28       29       28       42       27       51       39       43       47       43       65       70       61      106       99       96
      130      165      200      184      224      270      338      346      370      407      424      397      362      295      261      230      189      147      149      114
      112      109       73       86       67       52       54       48       58       31       39       38       36       32       30       36       32       16       20       15
       13       17       10       22       15       14       10        8       12       10       10        9        9        4        9        1        7       11       10        4
        5        5        4        6        4        7        9       11       12       12       12        9       14       10       14       13       18       12       15       14
       20       16       29       33       20       19       30       36       25       37       28       39       52       44       68       55       88       81       95      113
      131      158      160      230      239      305      372      408      466      531      584      482      400      376      306      259      204      188      142      126
      122       98       83       91       63       59       57       46       54       41       32       39       31       51       32       34       29       23       17       16
       18       22       10       18       14       13       12       11       15        9        9       11        9        7        8        5        9        2        9        4
        8        3        3        7       10        6       13        4        7       15        8       11        9        8       17        9       16       17       18       23
       29       17       29       24       26       29       30       45       36       41       52       61       55       64       62       73       72       87      112      125
      133      143      187      219      247      296      421      525      665      757      728      642      519      388      283      248      243      189      158      131
      126      114      110       73       84       64       61       56       58       43       34       42       33       31       35       33       26       17       19       17
       25        9       15        7       11       14       10       11       13       15       11       13       10        4        4       11       11        6        6        6
        2        8        2        4       11        9        8       11       17        7       12       10       10        9       13       15       13       13       15       13
       18       25       11       27       32       37       30       37       34       35       34       49       50       79       77       73       85       82      111      136
      131      149      189      231      260      360      430      639      847     1437     1448      914      608      451      345      242      247      214      164      153
      141       96      106      104       64       76       57       53       49       49       33       42       27       30       25       22       24       19       22       23
       23       11       14       16       13       16       10       11       10        6        8       10        5        4       10        4       10        4        6        7
        6        2       11        6        4       14        8        5        9        8       11        6        6       17       16       16       15       19       16       15
       17       21       12       25       32       24       31       39       34       46       37       36       40       49       69       78       85       97      106      135
      139      168      200      239      296      347      434      660      981     2386     2051     1019      666      440      361      285      244      197      183      156
      127       92       92       88       89       70       52       57       41       32       41       51       30       20       26       27       31       22       19       29
       16       14       16       19        8       15       12        8        8       11       11       11        9       14        6        5        6        4        7       14
        8        8       11        8       11        6        7        3        4        2       13       12        7        4       17       15       19       18       17       20
       19       14       20       22       18       35       31       37       29       40       54       42       60       54       65       92       89       99      102      116
      149      164      208      242      249      334      432      583      801     1203     1139      848      589      442      325      248      228      202      162      152
      143      125       87       99       72       57       60       54       45       41       44       43       24       27       31       37       29       22       20       24
       20       28       18       12       16       13        9       14        9        8        6       11       15        5        8        6       10        7        7        7
        9        4        2        5        7        9        7       10        9        7        6       10       12       10       12       10       16       16       17       19
       26       27       22       20       25       23       30       50       34       41       56       43       45       63       60       74       77      104       95      111
      133      163      186      228      264      311      444      528      617      750      719      637      526      420      296      299      218      171      171      125
      132      107       97       92       76       76       51       66       43       48       32       39       38       27       17       25       24       31       22       14
       13       21       22       16       12       19       12       18       13       11        9        4       10       11        8        7        7       10        2        4
        8        4        8        6       15       10       12        4        5       11       11        9       13       13       12       13        9       15       19       14
       21       23       18       33       35       20       21       32       35       37       40       49       53       57       62       56       84       94      100      126
      115      148      176      194      256      292      319      431      470      542      566      512      389      318      282      222      218      179      164      116
      124      104      103       87       71       59       51       59       48       49       49       35       36       34       29       33       25       30       19       19
       19       16       11       21       17       14       15        7        7        8       13        9        8        9        6        6       16        7        7        4
        5        3        9        9        9        3        9        5        7        4        8        4       11        9       13       12       14       22       11       17
        8       19       18       18       22       35       30       39       29       35       32       46       56       46       57       65       60       83      107      119
      145      144      143      191      236      229      297      290      416      362      452      433      363      291      266      201      200      184      146      121
      126       89       86       74       73       60       56       49       43       52       39       32       31       33       34       30       24       20       32       13
       15       18       12       16        9       14       12       13       10       12        8       11       11        3        7        6        9        6        4        9
        4        7        5        7        5        9        7       10        8       14        7       10        8       11       13       15       24       24       20       24
       20       15       20       25       26       27       22       31       30       28       39       38       56       53       61       65       84       87      103      108
       99      141      169      164      181      211      266      279      320      311      314      311      268      254      218      238      144      167      145      117
       95       91       65       75       61       62       56       50       43       41       34       32       38       33       37       27       20       20       24       22
       21       15       16       19       11       10       14       19       10       14       23       12       13        8        4        5        7        6       11        6
        7        8        2        6        6        8       11        8        7        8       17        8        5       13       19        8       14       22       12       11
       16       28       17       34       19       34       32       32       37       32       48       44       55       42       68       60       68       92       98       89
      103      130      140      176      155      200      238      216      235      274      265      259      241      198      218      184      151      135      141       96
       96       93       62      108       69       60       56       45       47       40       38       44       38       34       32       27       26       21       20       11
       16       16        9       20       18       13       13       10       14       15        9        9       10        5        3        9        3        2        5        3
        4        5        6       12       11        7        5        6       13        9       13       11       10       15       11       19       12        7       27       18
       19       10       24       27       27       34       30       30       34       29       38       44       51       52       55       63       74       69       79       97
      115      109      138      160      150      158      172      212      205      212      232      238      231      174      177      178      159      128      135      115
       92       84       69       61       65       58       40       39       43       40       47       33       39       27       27       22       14       29       16       23
       23       15       16       14       17        9       10        5       12       11        9       10        6        3        6        6        5        1        5        6
        6       10        8        4        5        8        6       10        5        7        5       12       11        9        9       13       18       10       17       13
       18       26       17       20       28       29       21       26       37       36       48       42       30       43       52       61       56       74       63       79
      108      102      118      107      135      149      181      170      163      193      204      175      157      166      194      148      119       94      108      101
       85       78       78       56       55       47       51       45       33       43       34       32       19       31       26       25       22       14       19       16
       23       17       12       14       12       13        9       16       10        9        7        8        4        7        9        7        4        4        6        2
        6        8        4        3        8        8        8        7        9        6       11       10       14       11       11       19       13       21       12       15
       17       19       15       20       22       28       22       36       31       37       28       42       44       51       47       41       71       63       64       73
       92      100      111      126      125      131      150      125      134      156      156      169      160      134      145      123      124       90       84       90
       77       75       73       57       59       53       46       64       37       39       40       27       20       26       26       22       24       24       18       21
       22       16       20       13       12       11       13       11        9       10        6        8        7       11        5        4        8        9        6        5
        5        8        6        2        7        8        8        5        6        6       14       10       11       10       15       21       16       18       15       23
       10       16       20       18       28       33       25       30       45       42       36       45       45       44       54       59       57       60       59       75
      112       91      100       99       90      120      121      107      127      139      146      128      109      147      111      112      125       78       96       77
       76       74       75       60       63       52       56       44       37       38       33       39       16       23       25       26       20       18       17       25
       17       15       13       10        8       12        8        8        7        8       11        7        7        5        2        7        5        5        8        6
        5        2        3        4        7       10        8        6        6        9       13       11        8        7       13       13       16       19       13       12
       28       20       21       22       17       24       32       33       20       33       40       34       30       34       41       49       46       62       72       64
       79       75       85       88       98      115      113      119      128      149      120       90      109      109      125      105      114      107       86       61
       85       62       64       39       55       54       51       40       35       25       29       34       23       29       23       32       17       18       14       18
       12       11       20        9       16       10        8       11       13       10       10        8       10        3        2        3        5        8        6        6
        6        6        5       11        5        8        8       12        5        8        7       11       12        9        6       16       20       11       17        9
       17       14       23       17       21       22       25       29       22       30       34       37       42       34       44       43       61       50       65       81
       83       73       94       94       87       89      107      108       94       99      107       93       92       84       90       77       73       82       77       71
       66       59       62       47       56       45       43       44       30       33       29       28       30       23       28       21       28       15       23       16
       17       12       17       10       13        5        9       11       10        7        7       10        7        5       13        7        5        5        5        6
        2        4        6        6       14        3        9        5       18        2        8       11        7        4       11        9        7       14       19       17
       10       16       17       28       15       18       24       29       29       25       28       30       43       35       43       44       44       56       53       61
       66       71       74       68       71       82       97      106      106      101       86       79       75       69       83      101       83       62       72       54
       64       54       63       38       51       40       46       38       22       32       32       25       19       26       23       21       12       18       23       17
       13       21       17       10       10       10       11        9        9        3        7        8        9        7        6        7        2        5        4        4
        3        4        0        9        6        9        8        3       10       11       13        9        7       14       12       12       17       11       19       16
       10       21       22       15       17       26       28       29       27       24       36       26       28       31       34       46       47       49       63       53
       65       55       46       62       75       81       83       67       77       84       64       74       89       91       80       79       67       58       52       71
       44       53       65       40       50       47       48       34       33       31       32       20       23       18       22       27       22       16       13       18
       11        8       11       11       10        8       10       15       15       10       12       18        6        7        4        9        7        5        8        9
        8        2        5        7        3        9       15        4       10        7        7       16       12       12       11        7        9        8       11       19
       15       13       11       16       20       19       20       18       17       27       31       35       39       34       38       51       40       49       50       41
       46       54       74       56       63       73       80       72       78       68       82       70       77       76       61       68       72       53       51       52
       56       36       32       45       30       35       34       29       39       25       30       22       18       30       24       29       36       16       12        5
       15       15       12       15       12       10        7        8        6        9        9       13       10        7        8        8        5        5        4        8
        5        2        8        6        5        8        5        3        6        9        5       15        9       11        6       13        7       16       24       21
       15       11       12        9       14       17       20       19       33       26       25       34       38       40       49       33       41       53       45       50
       54       49       53       56       53       59       54       62       67       76       79       64       66       65       58       64       50       58       69       47
       59       54       40       30       30       51       42       35       36       27       24       29       19       20       12       13       18       14       17       12
       17       10       17       12        6        6       10       15        3        9        8        9        4        9        8       10        2        5        6        9
        5       14        5        7        6        4        6        8       13        3       10        8        6       13        9        8       14       22       14       17
       15        8       14       21       11       11       11       32       31       25       20       24       31       34       38       56       23       26       37       46
       48       43       44       55       45       56       55       57       59       73       50       62       70       53       58       54       60       52       61       48
       43       39       41       41       41       39       29       37       29       33       19       21       21       19       27       14       15       13       22       25
       10       11       11        5       12       11        8        4       12       10        6       10        8        4        8        3        0        4        4        6
        3        2        4        4        9        8        6        7        8        4        9        8       13        8        7       10       14       10       11       12
       10       16       12       18       14       21       19       21       20       24       21       24       32       37       35       40       40       47       36       35
       40       52       47       34       45       46       62       41       45       63       49       51       50       57       59       47       55       46       54       34
       43       39       29       32       33       30       26       38       19       32       23       21       35       13       13       15       16       14       13       15
        7       11       12        6        5       10        8        5       15        6        4        4       11        7        3        5        5        9        5        5
        4        4        6        4        7        4        6        8       11        7       10       15        8        9       11       10        9       16       12        7
        9       15       16       22       12       12       13       17       23       16       17       31       22       36       36       35       35       32       41       23
       38       31       34       53       49       52       48       41       59       50       57       43       36       48       55       36       50       42       25       52
       36       29       32       29       33       32       29       25       19       30       17       28       15       18       19        8       14       16       21       14
       11       16        7        8        6       11       13       11       12        8        7        8        9        4        6        2        7        6        2        6
        6        8        5        5        5        2        8        6        2        9        8        5        5        8        5        6        6       17       10       12
       16       14       13       10       21       13       22       17       35       20       13       32       19       35       23       41       33       31       41       32
       40       30       47       27       33       35       35       38       46       52       45       37       40       31       40       41       42       46       32       39
       26       40       25       21       32       26       26       21       28       18       23       25       17       23       17       16       16       27       15       14
       18       10       14        8       14        9        8       17        7       10        4        4        4        8        7        9        7        3        2        5
        2        3        3        8        7        5        6        9        6        1        7        9        8       13       12       13        9       12        7        5
       13       16       13       16       15       16       10       17       17       19       26       28       21       25       32       31       30       26       42       32
       36       31       33       37       32       37       40       32       47       45       39       41       37       35       36       25       34       33       36       41
       28       27       31       26       24       23       24       27       19       27       17       17       12       21       20       12       20       13       10        7
       12       10       14       12        8       15       13        6        7        5        5       13        5        2        3        8        2        3        3        4
        4        4        5        6        7        4        6        6        8       10        9        9        9        5        6        7        8        9       10       18
       12       17        7        9       16       17       16       21       27       15       24       16       23       22       13       29       27       18       29       20
       32       38       40       35       38       35       31       34       38       46       40       40       42       39       34       40       40       36       30       34
       22       23       28       18       29       28       33       19       20       22       21       20       13       11       23       18        9       20        7        5
       11       18       12       15        9        9        7        5        9        5        7        5        7        5        7        3        7        2        4        2
        5        5        7        6        6        4        9        5        7        8        6       12        4        6       11        6        8        8        7       11
        9        4       16       14       11       19       13       18       17       19       18       12       27       25       24       26       27       30       22       30
       19       32       29       36       38       26       32       42       37       36       38       26       35       46       28       31       36       28       29       35
       27       23       20       25       21       24       19       18       17       20        8       14       11       14       16       11       15       16       10       12
       14       16        6        7       11        5       17        7        5       10        6       12        7        2        9        7        4        3        6        9
        6        4        4        5        3        9        4        9        4       11        8        6        9        7       14        4        8        7       10       12
        8       14       14        9       21       20       12       16       18       22       18       11       20       18       25       16       24       23       19       20
       26       33       26       35       34       28       25       25       37       39       44       19       42       25       28       26       43       28       24       32
       30       16       16       24       27       20       21       21       24       13       10       18       17       20       17       15       10        8       10       17
       11       14        7        9       10        7       12        6       11        8        5        5        5        5        0        6        5        6        3        6
        8        3        3        8        7        8        5        6        6        3        6       11        3       12        5        5        9       11        4        8
        7       10        8       11       10       10       12       12       14       17        8       30       16       16       19       21       18       17       19       27
       26       29       26       23       26       25       27       27       21       20       29       32       31       25       26       23       35       31       15       26
       18       21       28       21       19       18       18       18       18       15       22       16       13       13       18       23       15       11        5       14
       13        7       15        8       10        9        4        7        9       10       10        5        3        2       10        3        5        5        2        4
        3        1        6       10        3        3        2        6        5        5        5        5        7        7        8       11        7        8        8       13
        9       11        7       13       14       10        9       13       17       16       19       20       21       21       23       18       24       21       22       18
       19       31       26       29       35       28       26       25       32       37       37       25       29       32       31       19       21       23       21       31
       21       18       17       13       15       18       27       18       10       22       20       19       19       14       21        9        8       16       16        9
       10        3       10       11        7       13       10       11       11        9        7       11        5        5        6        8        3        2        6        5
        7        7        4        4        5        3        3        7        6        3        8        4        8        4        7        7       10        7       11        9
       14       10        8       16       11       18       11       16       16       27       18       19       26       16       26        9       20       11       20       22
       28       29       23       35       29       26       18       19       30       26       17       23       27       18       24       25       31       20       26       13
       26       21       21       22       12       18       14       10       13       21       15       12       10       13       14       17        9       13       13       11
       11        6        5       10        8        5        6        7        2        5        4        6        4        5        4        6        3        1        4        2
        6        5        2        5        5        3        4        4        6        6        8        8        4        6       14        9       15        4        9       10
        8        7        9       13        9        9       10       23       15       16       18       14       22       16       17       17       25       17       25       19
       18       27       14       14       35       21       22       26       25       27       23       19       19       22       28       28       31       24       16       24
       19       16       31       22       21       25       14       17       14       10       13       17       15       11       13       16       13       12       10       10
        7        5        7        7        9        9        8        3        6       10        7        7        2        5        7        7        3        3        8        6
        6        5        2        6        9        4        7        2        2        4        4        7        5        5        4        4        4        6       10        4
        9       10        9        7       14       13       10       12        8        9       11        6       10        9       18       20       17       12       18       16
       22       20       21       17       25       10       28       25       17       13       27       23       19       24       22       16       19       22       25       18
       14       22       20       12       19       14       20       11       16       16        8        8        5        8       16       10        7        8       11        7
        9        6        9        7       10        6        8        5        8        6       11        2        4        4        4        8        8        4        7        0
        2        3        0        5        4        5        8        5        5        4        7        4        5        3        7        8        4       10        9       11
       11        5       10        9        7       12        8        8       14       15       15       16       15       19       16       14       21       21       16       21
       15       15       13       19       12       22       29       15       22       21       20       30       21       28       17       17       13       22       16       28
       21       18        9       11       11       10       14        5       11       13        8       15        8       11        8       11       10        9        9        8
       10       11        7        6       13        1        5        5        3        7        6        5        3        3        3        7        3        4        3        4
        6        3        4        6        0        3        4        8        3        1        4        5        4        8        5       15        8        7        5        5
        7        8       10        3        9       10        6       14       10       15       12       11       12       12       20       10       17       15       15       12
       12       25        9       12       19       19       22       18       15       15       18       16       24       17       17       14       22       14       16       20
       11       13       17       15       15       17       13        9       10       14       12       16       10       13       13        7        8        9       11        7
       10       10        6        4        8        5        1        4        7        8        6        4        2        4        3       10        7        2        2        4
        3        3        8        7        2        3        3        2        2        4        4        4        5        7        3        5        9        4       12        9
        5        6        9       11        6       12        8       13       10       13        8        9       21       12        9        9       16       15       14       11
       14       22       15       24       15       22       21       21       14       23        8       17       25       28        9       17       20       22       11       16
       15       15       13       15       19       11       17       11        7        8       19        9       15       12       11        3       11        8        9       13
        5       10        7        6        9        8        4        9        7        6        4        6        3        3        3        4        4        4        3        1
        3        3        5        4        8        4        6        1        2        1        8        7        4        8        2        4        6        8       10        8
        6        4        9        5       10        7        4        9       12        9       10       11       10       13        7       12       19       13       15       12
       22        9       11       11       12       17       15       14       16       12       11       19       22       21       23       16       24       20       14        6
       11       14       16       11       12       15       21       12       12       18       16       17        7       12        5       11       19        5        8        6
        4        6        6        5       13        8        6        4        4        6        4        5        8        4        5        6        4        5        4        3
        5        4        0        8        7        4        8        5        2        2        5        7        9        4        5        7        6       12       10        6
        9       14       10        9        5        8        9        5        7        6       12       10       14        6        9       10       11       18       12       10
       17       22       11       12       11       10       14        8       12       20       19        5       24       11       15       19       13       15       20       12
        4       10       13        8       15       15       10       17        8       14       15        4       16        9        9       10        9       11        9        3
        5       12        6        7        7        7        4        5        6        8        2        6        7        1        3        5        2        1        1        1
        3        2        6        2        2        3        5        2        8        8        5        5        6        6        3        2        7        8        7        9
        6        4        6        8        6        9       10        6       12       12        8        8       11       19       12        4       12       16       14       11
        9       11       10       18       14       16       12       17       15       11       16       16       20       11       15       10       15        8        9       18
       14       16       20       13        9       14       16       14       12       15       12       10        9       10        8        8        9        8        9        6
        5        8        5        8        5        6        7        7        6        5        5        7        6        3        3        3        6        1        2        3
        4        3        5        5        2        5        1        5        3        2        6       10       10        6        5        2        4        9        4       11
        3       10       10        6        7        6        6        9        1        9        8        7       16       17       11        8        7       11        9        7
       14       15       11       13       15       14        9       16        6       13       13       17       14       16       10       16       18       12       12        8
       11        9       15       14       20       15       15        8        5       14        8        9       17        7        6        6        6        2        5        8
        6        6       10        4        6        9        5        2        5        4        2        4        4        4        4        3        2        5        2        0
        5        4        4        8        4        4        4        7        9        9        6        4        4        4        6        8        4       11        4        6
       10        8       12        9        3        5        9       13        8       10       10       18       13        7       11       11       14        7       13       10
       11       16        8        9       15       17       12       11        8       14       10       12       16       15       13       10       20       14        5       12
       16       12        8        8       11        7       20       17       13       12       11        8        9        7       11        7       10        7        5        8
        5        4        6        6        6        6        7        2        2        6        1        4        6        2        3        3        5        3        5        3
        3        7        3        0        7        3        7        3        5        3        0        4        4        4        3        5        7        9        5        8
        4        4       10        6        9       11        6       10        7        4       14        6       15        6        8        4        8       10       12       13
       13       18        9       14       12       10       15       12        9       17       15        9        8       21       15        9       12        6       11       12
       12        8       10        6        6        6       15       14       13        9       14        8       10        9        9        9        7        7       12       11
        4        6        8        5        7        5        3        7        3        4        2        3        1        3        6        6        7        2        3        2
        4        6        1        1        1        7        5        3        9        9        5        3        8       10        1        3        3        5        6        6
        5        8        6       11        5       13        3       12        6       14        7        3       14       10        8        4       11        6       11        7
       11       17       12       10       12       13       12        6        9        7       11        9       12       11       15       17        5       14        7       19
        9        8       12        7        7        9        5       16       11        6       12        5        5        4       11       10        6       14        7        7
        9        2        5       10        1        5        3        4        6        4        3        5        0        2        6        6        4        7        3        0
        4        5        1        6        1        3        4        6        4        6        7        8        4        2        5        4        5        8        6        4
        4        5        6        6       10        4        4        6        8        3        6       10       12       13        7       11       14       12       12       14
       12       14        9       10       11       11       16       14       13       12       12       16        7       12        6       11        5       10       11        7
        8        9        5       12       13        5        5        6        7       12        6        8        7        8        6        7        6        4        4        5
        2        5        6        7        3        4        2        7       11        5        7        7        5        4        8        5        4        2        2        5
        5        1        3        1        3        2        7        4        8        3        6        3        8        5        4        4        2        6        6        6
        4        3        8        6        2        5        6        6        8        5       10        7        6       11        8        6       18        9        9       17
        6        8        8        9        9        6       11       15        7       12        9       10       10       13       11        7       14        6        8        8
        5       11       12       15        4        9        8       13        4        9        8        3        9       12        6        6        2        9        4        8
        4        1        4        3        3        5        8        1        3        3        3        3        3        7        1        7        2        1        5        4
        1        1        6        8        1        5        0        3        3        1        4        8        2        2        5        2        4        3        4        7
        4        4        5       12        7        6        7        6        9        9        6        4        4        6        6       11       10       11        8       12
        3        8        9       13        9        9       16       12        8       10        3        7        8        8        7       10        4        5       14       11
        7       11       14        8        8        4       10       11        8        6        6        6        8        7        7       10        3        7        3        7
        3        7        1        5        5        7        5       10        5        3        3        1        5        1        3        6        4        2        3        3
        5        4        2        2        3        1        2        3        7        4        3        2        2        3        3        4        4        4        8        6
        4        2        5       12        7        9        3        4        4        8       12        9       13        6       12       10        1        5       12        6
        9       11        7        8        7        9        9        9        9        9        9       12        9        7       10        9       11       11        4       13
        5       10       10       11       10        4       13        9        7        7        7        5        7        7        4        6        5        3        5        2
        5        4        2        5        5        5        3        4        3        3        3        3        3        3        1        3        4        3        1        6
        2        0        2        5        4        1        5        3        6        0        5        4        4        2        4        7        9        3        5        1
       11        4        4        4        4        9        4       10        4        8       10        3        8        7        7       12        9        6        9        7
        4        9        6        4        8        3        3        6        6        8        4       10       13        3        7        7        9        4        8        6
        4       12       11        5       11        7       13        5        5        4        6        7       10        4        6        4        4        4        6        5
        5        6        2        4        2        4        6        6        1        5        2        1        1        6        3        3        3        3        3        3
        4        2        2        3        3        3        4        6        3        4        1        5        5        6        4        6        7        5        5        6
        7        4        1        2        3        7        1        8        7        4        4        2        6        6        5        1        4        5        2        4
        9       13        8       12        6        9        6       11       12       10        9        3       11        8       11        7        5        8        3       11
        9        5        9        6        7        7       14        7        7        5       11        9        8        4        2        4        5        6        8        5
        9        6        1        3        2        3        4        3        1        5        2        5        3        4        2        6        0        3        2        2
        1        2        4        2        4        5        5        1        3        4        3        1        4        7        4        2        6        5        6        6
        4        6        4        5        6        8       10        5       10        7       14        6        8        4        8        6       12        5       12       12
        6        5        7       12       12        7        1        8       10        3       10        7        7        4        8       11        6        4       10        9
        7        6        8        3        9        5        4        9        3        6        7        5        6        8        7        2        3        8        8        2
        7        5        6        3        3        2        4        5        2        2        2        7        5        3        1        0        8        5        2        2
        2        2        3        1        6        4        1        3        6        2        3        1        3        3        2        7        6        5        4        7
        1       10        3        8        2        7        5        4        8        6        6        8        6        4        5        6        6        7        7        3
        7        9        9        4        8        7        6        6        5        4        6       11        6        9        4        6       14       13        5        9
        2        5        3        8        6        4        4        5       11        7        1        4        7        7        6        4       11        6        4        4
        1        4        5        7        8        8        2        4        3        5        5        5        5        7        2        2        3        2        3        1
        3        3        6        2        0        2        5        2        3        2        3        1        4        2        4        3        4        2        4        9
        2        2        4        4        5        5        5        1        5       10        6        6        3       13        6        4        4       10       13        5
        9        5        6        7        8        9        3        9        3        7        6        8        7        9        8       10        9       11        8        6
        5        8        5        9        7        1        7        4        2        4        3        6        7        8        5        6        7        7        6        2
        5        5        8        5        1        5        1        6        1        4        6        3        1        1        3        1        1        0        2        3
        1        3        3        3        1        8        5        3        0        6        3        6        2        5        1        3        5        1        2        3
        2        4        7        5        6        5        8        4        7        6        3        7        4        6        8        6       10        7       10        7
        5        4        5        7        1        8        4        5        8        7        7       12        9        9        4        6        6        5        4        5
        7        8       12        6        5        5        6        3       11        5        5        4       12        4        3        2        5        6        4        3
        3        5        5        5        5        3        3        3        4        8        4        6        5        1        2        1        3        3        2        1
        4        6        5        2        1        4        4        3        7        3        1        3        6        4        4        4        2        2        1        5
        7        2        2        4        3        5        7        2        2        3        2        8        4        1        7        5        3        7        6        7
        8        6        3        7        4        4        7        9        4        9       11        1        8        6        9        3        8        4        3       12
        3        2        4        5        1        9       11        3        5        7        3        6        5        1        4        1       13        5        3        9
        7        8        2        7       10        4        5        4        3        4        4        4        2        3        4        1        4        1        3        3
