        5        3        4        4        1        1        3        4        1        3        3        2        4        2        1        2        2        4        2        8
        4        3        6        6        3        5        2        7        3        6        3        5        6        5        9        6        7        4        7        7
        4       11        8        4        7        6        5        5        7        8        4        7        7        3        6        9        4        9        9        5
        8       11        4        2        9        7        6        5        3        6        4        6        2        1        3        4        4        3        4        0
        2        6        9        4        4        2        2        5        1        3        2        2        2        3        2        3        5        1        2        0
        1        2        1        2        0        0        4        3        0        0        2        2        3        3        2        3        6       10        1        6
        7        0        2        9       11        8        6        4        4        6        4       12        9        6        6        7        5        3        6        2
       10        6        8        6        7        7        9        8        6        9        7       11        7        4        7        5        8        4        8        8
        7        9        4        4        5        6        7        2        6        4        2        4        6        6        3        6        3        5        3        3
        8        5        2        2        3        3        9        3        2        4        2        4        1        3        4        3        2        2        1        2
        6        2        6       11        5        3        0        2        1        4        2        2        2        5        6        1        4        5        3        3
        3        2        1        1        5        7        3        3        5        8        1        6        5        7        5        5        5        8        7       11
        4        4        9        6        7        8       10        9        2       10       11       14        5        7        7       10        9        7        5        7
        7        7        6        7        7        9       10       10        3        7        6        6        6        5        6        5        6        2        4        7
        2        5        4        4        4        2        4        3        5        5        0        6        5        2        5        2        2        3        1        1
        3        6        3        0        1        3        4        3        5        3        2        3        2        1        1        2        6        4        4        4
        1        1        3        1        7        3        3        6        3        6        4        6        3        8        8        7       11        7        8        8
        6        6        5        5        2       11        5        6        7        7        8       12       10       11        7        6        5        6        9        9
        2        8        7        7        6        5        8        4        4        1        5        9        3        5        7        3        5        3        2        5
        3        6        7        2        4        6        4        4        5        2        4        5        4        4        4        5        2        3        2        3
        4        1        1        1        0        1        4        5        1        3        1        5        2        1        6        2        1        7        7        6
        4        6        7        2        5        1        8        5        8        3        7       10        7        9        7        7        8        5        4        7
        9        6        8       11        6       10        5        4       10        4        7        5       10        8        6       10        2        5        7        9
        9        3        5        7        5        5        5        9        2        5        7        2        4        8        5       10        8        3        5        1
        3        3        3        1        4        4        5        3        1        4        3        1        4        4        1        1        1        1        3        3
        1        3        2        2        5        2        5        3        8        5        5        3        5        4        6        4        1        7        2        6
        6        2        4        3        3        5        8        4       13        6        6        9       11        8        5       12        8       12        7        8
        7       10       11       15        4        7       16        7        9        8        7        4        7        6        4       11       15        8        9        9
        4        8        5        8        8        9       13        6        4        6        4        7        1       13        4        5       10        7        2        5
        5        5        2        5        5        0        6        4        5        4        6        4        8        0        5        2        2        4        1        5
        3        3        3        4        1        3        1        4        1        5        5        2        8        3        2        5        0        8        4        3
        1        7        3       10        6        4        5        3       12        8        8       10        5        8        9        5        5        6       12        8
        8        5       10        6        7       14        9       10        9        7        8        7       12       10        9       10        9       11        3        7
       11        7        4        9        7        3        3        6        4        6        8        6        5        8        5        7        6       12        3        6
        7        2        1        2        4        4        5        2        4        3        3        2        1        3        0        1        6        0        3        0
        2        4        4        5        1        1        8        1        1        1        5        2        3        2        8        6        1        4        8        6
        8        4        2        6       10        5        9        7        5        5        2        5        7       13       12        3        7        4       11       14
        7        5       10        6       18       11       11        4       10       11       14        7        6       17        9       10        4        7        9        7
        5        9        1        8       10        8        4        4       10        6        4        3        5        5        5        6        4        5        3        2
        5        3        6        4        5        5        1        4        6        4        2        7        4        4        3        4        3        3        4        3
        4        1        2        3        2        7        3        4        8        5        1        4        3        4        3        1        5        2        2        6
        7        5        4        1       11        6        4        6        6        6        8        0        9       10       14       14        7       10        7        9
        7        6        5       10       12        7       13        8       14        7       13       10       10       11        8       10       13       10        7        9
       10        5       11        6       14        5        9        4        4        7        4        4        2        7        6        5        2        2        4        3
        6        9        3        4        6        7        2        4        5        6        0        4        2        7        2        3        5        4        5        2
        2        5        0        2        3        8        4        5        4        2        6        1        1        4        3        4        5        2        3        3
        1        4        8        9        9        7        1       10       11        9        8        6        5        5       12       14       10        5        5       13
       12       11        9        8        4        8        8       11       10       15       12       11        8       13       10        7       14        9        6        5
        6        9        6        6       12        5        8       13       11        7        7        9        6        9       10        6        5        4        3        7
        6        4        9        4        1        6        4        8        5        4        4        2        4        7        3        5        2        1        3        1
        4        3        3        2        1        4        6        5        4        2        4        4        3        3        3        4        4        0        7        3
       11        5       10        9        5        6        1        5        7        7       10        7        5        9       13       13        3        6       10        8
        7       17        5        5        8       11       10        7       11        8       15        6       11       13        7        7        7        7        7       14
       14       10        9        6        9       10        6        7        9        6       11        7       11        5       10        8        8        5        6        3
       12        4        5        7        7        6        9        6        5        2        4        3        4        7        3        6        2        3        1        7
        6        1        4        4        4        3        5        3        2        1        6        3       11        2        3        3        7        4        9        7
        4        4        6        8        5        7        9        7        5        8        3        7        8        8       15       10        9       12        8        9
        9       10       10        9       12        6       11       15       14        4        9       11        7        8        9       11       15       17       11       15
        6       10        9        6        8        9       11        4       11       10        5        9        7       13        7        2        6       12       10       11
        5        5        2        5        4        4        3        6        4       10        3        1        5        5        4        1        4        0        5        2
        2        4        3        1        6        4        3        7        3        2        4        1        5        1        7        5        6        7       12        7
        3        5        6        6        2        5        4        6        9       11        8       10        8        7       10        5       11        8       12       12
       19       14       15       12       19        9       14       15        6       18       11        9       15       10       15        9       20        8       15        5
       11        6       12       13        6       14       15        9        6       15        7        9       12        8       12        7       10        7        2        7
        9        8        3        9        7        6        5        5        3        5        2        2        3        6        7        8        3        3        2        2
        4        1        2        4        4        5        2        3        2        5        4        1        6        5        9        4        4        8        7        5
        8        7        8        8        8       10       11        9        8        8        8        5       19       10       11       13        9       13       10       15
        8       11       10       12       12       12        8       13       10       12       12        9       15       21       14       13       14       12       21       12
       18        9       14        6        4        9        8        5        7       10       10        7        5        5        6        7        5        5       10       13
        7        6        4        4        4        6        5        6        7        7        3        5        6        5        5        2        4        6        6        3
        2        4        3        5        1        4        3        1        6        6        5        3        5        6        8        4        5        1        4        7
        6        5        7        3        8        7        6       13       11        5       11       16       10       17        9        6        9        9       13       13
       11        7       14       15       14       16       18       14       11       12       12       14       21       19       16       19       10       14       22       14
       10        9        8        8        7       15       12       12       15        6        5       13       12        8       12        8       10        5        7        5
        4        6        6        6        7        5        4        9        6        7        4        3        4        2        4        4        1        3        2        3
        3        3        3        1        7        3        1        5        2        4        6        1        5       10        5        6        4        6        3        5
        7        5       10        3        8       11       10       11        6        8        9        7       11        7       11       11       11       13        7       12
       14       11        9       14       20       21       16       18       14       14       15       11       13       15       29       14       17        9       11       17
       12       13       19       15       16       11       11       13       14        9       14       10        8        8       13        7        8        8        7        6
        9        5        9        4        8        8        8        6        6        7        3        7        2        2        1        5        3        6        3        0
        4        4        7        9        6        5        4        5        3        4        3        2       10        3        5        5        4        2        4        8
       12        6        4        9        5        5        5       12       11        7        8       11       11       17       14       16       15       13       16       12
       12       12       13        8       17       16       16       12       12       15       12       13       14       13       13       13        9       14       18       12
       18        8       14       13       15       16       13        6       12       10       12       12       15       13        8       13        6        4        6        3
       10        9        8        7        7        7        3        4        3        4        4        7        2        3        4        4        9        4        3        3
        6        3        4        3        3        3        1        4        5        3        3        4        5        1        8        2        6        7        9        6
        8        6       10        9        8       10       12       10       14       12       15       11       15        8       10       16       20       15       12       16
       17        5       20       25       17       15       13       17       17       16       14       12       14       12       24       15       23       19       17       19
       19       17       14       11       16       13        9       12       20        9       10        9       14       16        6        8        6       11        6        6
       12        7        7        7        8        6       10        6       10        6        4        5        6        6        1        6        3        1        7        2
        3        4        1        3        6        2        4        6        2        6        3        3        7        4        6        3        8        7       11        2
       10       14        4       10        9        8       16       12       10        7       10       13       18       11       12       18       16       26       20       16
       18       17        9       12       14       21       21       17       21       27       23       18       13       16       15       20       16       25       13       15
       24       18       17       17       17       17       11       18       11       13       19       10       13       10        8        8       12        7        7       11
        8        5       10       11        9        3        5        5        5        6        8        3        5        4        9        1        2        3        5        2
        7        3        3        6        6        4        4        3        4        6        5        4       11        1        9        8       19       11       10        7
        7        6        9        9       18       13       12       14        7       18       14       12       11        9       18       11       19       14       16       18
       12       19       21       10       12       19       19       14       13       19       25       22       22       11       16       17       21       17       23       19
       19       13       15       16       19       11       10        9       14       17        8       15       13       11       10        7        7       13       15        6
        8        8        7        9        4        4        6       13        5        9        4        3       10        3        4        4        2        6        7        2
        3        3        9       11        4        5        6        4        7        5        6       10       10        7        4       11        3       15       12       15
       10        7        9        5       11        9       12       18       13       13       14       15        8       11       15       20       10       14       26       15
       12       21       23       11       13       22       11       20       18       11       17       20       16       22       25       24       16       21       23       21
       24       24       14       19       16       13       17       17       13       23        6       18       10       13       17       14       14       16       13       12
        9       11        4        3       10        8        4       10        8        3        5        8        6        4        3        4        9        4        2        8
        6        3        4        4        4        5        2        5        3        9        7        8        9        7        7        4        6        5        9       12
       12        9       10        8        6       18        8       19        8       11       11       15       14       19       12       11       17       22       13       22
       18        8       31       16       18       23       18       30       16       25       25       23       24       27       21       15       16       18       20       19
       23       24       29       13       17       12       13       17       14       13       12       16       16       19       12       16        9       11       16        7
        6       10       14       10        5        6        5        9        8        7        8        5        9        6        6        6        3        7        2        2
        3       10        2        4        1        2        6        4        6        5        6        5        2        3        6       13       12        5       13       16
        9       10        4       12       15       23       20       17       12        7       11       12       18       15       19       24       27       18       13       15
       27       25       24       32       30       23       23       30       22       16       25       23        9       20       25       17       21       20       23       26
       30       25       29       23       29       21       26       22       17       20        9       15       16       13       15       11        8       10       10        5
        8       11        6        5        8        8        2        6        5        9       13        9        4       10        3        3        5        8        4        6
        9        3        3        3        4        4        5        8        8        2       10        3        9        4        3        4       11        7        9       18
        5        5        8       10        9       17       18       19       10       12       14       20       26       27       14       21       21       28       20       25
       27       21       25       21       20       13       30       24       34       26       25       27       29       28       28       20       23       33       18       19
       15       17       25       18       23       19       19       15       17       13       18       12       13       14        6       11       12       11       13       14
       11        6       12        1       13        7        5        5        8        8        4        9        2        3        2        2        2        6        4        4
        1        1       11        2        9        6        7        2        7        7        5        7        7        6        5       11        9        5       13        9
        5       11       15       13       19       17        8       23       14       11       16       20       23       16       18       29       24       18       24       30
       24       33       28       31       30       31       30       27       34       41       31       34       31       31       31       27       31       25       23       19
       20       35       28       23       16       22       21       18       21       13        9        9        8       15       12       14       12       12       10        7
        8       14        9       11       12        8        5        5        5        5        3        5        1        3        4        6        2        7       11        3
       10        3        4        6        4        5        7       14        4        2        6        4        8        7        7        9        9        5        9        8
       18       21        6       11       12       13        9       16       19       12       13       23       20       21       23       18       22       15       24       36
       32       27       23       40       33       37       25       29       32       25       38       42       34       34       26       22       23       25       44       31
       35       26       22       25        9       16       25       19       28       16       18       19       11       15       21       14       18       17       15        9
       11       13        9        9        7       12        5        5        7        6        7        4        4       10        8        5        5        5        8        1
        6        3        9        5        7        5        4        8        5       10        8        4        4        6        7        8       14       13       19       11
        8       10       13       11        9       16       15       11       19       23       25       11       15       22       22       27       27       21       34       21
       28       30       29       26       34       23       37       36       27       35       33       42       33       24       36       33       34       40       35       26
       25       30       32       30       25       20       18       26       20       18       24       10       20       18       11       17        8       12       16       15
       11        8       10        7       12        6       10        6        9       10        5        6        7       11        0        5        4        2        8        2
        3        4        5        4        3        7        7        9        5        5        5        6        4        6        8       10       11        9        9       12
       10       11        7       14       11       17       16       11       17       25       19       20       26       24       26       23       33       25       28       28
       35       31       31       42       28       35       35       31       39       33       28       39       46       30       48       26       25       37       29       35
       23       25       16       32       20       21       23       25       19       12       21       16       17       13       15       23       15       11       18        8
       17       11        6       15        6        7       12        6        8        9        4        4       14        5        8        7        4        3        4        3
        3        4        6        3        1        6        4        9        5       11        7        5        6       10        4       15        4        8       14        6
       18       12       11        9       14       17       19       28       23       20       18       27       23       29       24       29       21       27       20       34
       40       25       44       38       32       33       33       45       33       43       39       37       43       44       44       46       42       35       41       31
       28       28       31       29       22       13       30       19       17       21       20       21       15       14       15       22       17       11       12        8
        9       14        9       11        9        6       18        4        4        7        7        4        4        8        5        3       10        5        4        6
        1        6        5        3        6        4        1        2        4        8        3        5        9        7        8       11        6        6        8        9
       10       15       12       19       20       11       27       21       17       15       26       19       21       25       35       28       26       23       30       27
       26       26       31       29       33       47       41       43       39       42       37       44       37       39       48       20       36       44       38       36
       29       28       26       50       27       23       24       30       18       19       19       22       18       25       12       15       11       18       10       19
       14        6        9        7       13        8        9       10       10        6        4        9        6       10        8        3        6        3       10        2
        8        4        9        9        4        2        9       14        9       10        9       11        6        6       10        9        8       12        5       12
        7       17        8       14       15       15       22       22       25       25       23       20       20       29       29       24       24       34       39       40
       33       35       34       37       40       34       52       50       54       49       49       38       53       41       46       48       50       41       47       47
       49       33       38       25       32       26       26       21       26       18       27       13       15       14        8       10       14       10        7       21
       14        9        9        6       10       15        9        6        7        4       11        3       12        7        8       10        6        5        7        4
        3        6        7        5        1        6        5        5       10        4       12        9        7        7       13        8       14       12       12       13
       14       14       16       12       18       11       18       16       20       24       25       24       19       35       27       28       34       30       32       38
       39       51       40       44       39       58       54       47       47       43       53       55       44       48       58       69       44       42       54       45
       47       43       29       30       35       25       31       34       16       25       20       10       19       19       23       15       10       17        9       14
        7        6        4       13       13        8       10        4        7        4        4        6        2        6        7        2        1        3        7        7
        5        4        4        4        7       11        7        5       10        3        5        7        4       10        9       10       10       13       14       16
       20       14       12       17       18       21       17       16       23       20       24       20       27       35       25       33       35       34       37       40
       43       47       55       51       46       70       52       57       58       53       62       57       62       54       63       48       64       44       35       46
       48       45       39       32       32       41       24       30       25       25       11       16       21       14       27       11       20       20       15       21
       16        6       11        5       12       12       11       10        3        7        9        3        9        1        3        7       10        5        9        7
        6        3        2        5        8        4        4       10       10        7       10        7       10        5        6        9       12        7       13       11
       17       10       11       21       23       18       24       21       20       25       24       27       42       24       28       33       47       34       42       34
       47       47       58       57       64       69       55       64       61       73       61       70       46       71       76       59       61       52       41       55
       46       34       29       31       38       24       38       43       32       27       24       24       20       28       17       18       10       10       12       22
        7       13        5       10       11        9       14        6        9        4        8        9        2        3        9        1        4        9        9        4
        3        5        3        4        4        6        8        8        7        8        8        5       13       12        6        5       13       20       13       15
        6       13       10       27       22       19       19       29       28       26       22       25       40       25       29       37       43       41       34       50
       59       54       52       70       66       67       62       70       62       62       80       70       68       89       56       63       55       51       49       40
       56       42       47       42       52       36       33       38       40       21       30       25       11       24       25       24       21       16       19       20
       17       12       19       11       22       13       12        9        5        9        6       11        1        5        8        6        5        7       10        8
        9        1        7        3        7        9        7        9        5        8        5       11        6       10        9        8       14       22       16       18
       13        8       13       25       22       24       26       30       24       28       37       30       38       45       49       46       43       28       43       50
       52       63       73       77       71       70       72       67       81       97       94       84       97       98       49       62       66       51       76       63
       53       65       51       38       44       45       21       33       51       36       26       31       31       24       19       16       25       17       22       19
       11       14       12       13       10        9        6        8        6       11       11        7        3        7        6        5        3        3        6        8
        5        8        7        4        6        2        6       11        3       12       11        7       10        7       11        7       23        8       17       12
       11       14       22       18       22       11       19       31       41       27       28       43       44       28       46       37       44       34       53       64
       67       58       56       62       64       79       87       98      106      100      100      103       80       98       70       83       79       72       91       69
       48       65       60       47       35       52       40       41       45       40       25       27       24       17       21       23       12       22       26       16
       14        9       12       16       11       12        7        8       12        7        7        8        4       12        6        5        8       13        3        5
        3        6        5        5       10        5        7        9        4       12        7       14       12       13       10       17       17       14       20       10
       18       19       16       16       22       24       25       27       29       22       31       31       32       50       34       44       49       59       57       61
       73       82       69       67       98       94       99      108      104      107      113      106       86      116       97       90       91       62       75       50
       57       81       60       54       58       43       40       28       26       30       26       27       27       19       24       27       14       22       13       22
       12        9       23       18       11        9        9        6        4       12        9        8        8        4       11       10        1        3        9        6
        5        3        3        5        6        2        6        6       10        7        3        7       15        7       10       13       18       14       15       10
       14       19       11       27       13       23       23       29       26       24       37       35       46       48       47       51       39       41       59       58
       70       62      105       91      107      108       90      121      102      119      120      116      139      121      104       95       81       80       82       80
       63       60       54       62       64       47       40       32       36       42       26       26       15       19       25       24       20       22       23       20
       18       20       18       13       10       10        9       11       11       10        4        6        8        9        6        4        3       10        5        3
        4        6        6        5        4        7        8        5        7        8        6        9        5        8        8        9       12        7       10       24
       16       30       16       18       22       33       25       20       38       30       28       27       32       39       42       54       73       58       79       59
       69       71      126      105      109      124      122      147      128      136      132      125      120      137      111      102       98      104       79       69
       75       77       63       55       52       38       35       45       30       30       23       29       15       20       26       21       26       24       10       15
       11        8       16       12       19       17       11        7       10        2        4        8        4        8        6        5       10        5        6        5
        3       15        4       10        7        9        6        8        8        7       12        6        6        8       20        7       13       13       15       12
       15       14       26       30       14       22       23       26       21       24       27       40       39       45       36       55       60       45       66       71
       95       92      100      101      113      119      141      137      155      148      153      162      134      133      118      128      112       87      103       72
       77       67       65       74       52       54       42       36       27       32       40       40       28       23       22       16       15       23       19       14
       15       17       11       13       14       11        7        5        5        9        7        8        5        3        9        7        6        9        4        5
        6        3        3        7        4        8        4        8       11       10        7        8       11        9        9       10       11       16       14        9
       22       14       23       25       25       17       33       22       34       36       30       34       41       43       53       72       60       64       81       92
       90      110      116      118      131      135      170      194      188      178      191      180      137      160      130      135      120       99      120      111
       82       99       65       59       51       60       44       42       40       38       32       46       29       29       24       26       20       26       27       16
       15       13        7       13       10        8       14        9        9        5        9        6        4       11        3        7        6        5        1        5
        7        3        7       10        6        6        5        6        8       12        8       15       14        8        8       16       12       14       18       11
       20       18       22       16       18       25       24       24       33       24       34       48       49       45       51       56       69       67       87       92
       95      103      114      128      148      169      184      192      194      195      210      201      180      196      169      148      132      147      128       96
       82       67       81       47       53       52       50       46       43       37       35       27       32       21       31       18        9       26       12       10
       19       14       13       13       13       13        8       10       11       14        3        6        8        7        6        6        9        5        9        4
        4        2        3        8        5       11       13       16        7       10       15       19       12       12       11       14        8       15       15       23
       17       18       15       23       19       34       14       37       29       25       31       35       44       50       48       71       65       86       81      100
      116      127      128      148      162      182      217      255      247      279      261      250      216      208      178      168      144      131      137      137
       91       77       81       61       61       55       37       59       46       38       33       31       31       28       33       19       25       12       19       26
       22       21       15        8       10       12        9       10        9        8        8       10       10        4        2        5        2        4        5        5
        6        1        3        0        6        6       12        3       13       11        8       12        3        4       18       11       15       18       11       24
       21       14       15       28       17       26       16       29       39       33       39       43       43       50       59       73       84       94       79      105
      104      113      152      155      192      213      275      271      292      300      300      309      291      218      184      158      176      133      127      131
      117       99       84       85       82       67       51       48       40       42       40       30       32       34       36       23       27       20       18       19
       18       18       15       10       13       10        6       16       14       11        5        8        6        9        1        3        5        2        3        5
        2        3        3        5        3        7        9        5        5       10       11        9       12        8       15       10       19       11       19       20
       16       21       15       17       27       16       37       22       32       27       37       39       47       63       55       69       73       80       97       94
      116      155      154      177      214      235      264      326      368      376      377      359      299      280      239      204      181      165      151      122
      110       98       78       56       63       56       77       46       54       44       36       36       33       22       27       25       21       15       14       25
       10       14       19       11       11        8       14       12       12       12       15        9        7        4       12        1        9        4        3        4
        4        3        5        4        9        8        5        4        7        9        7       12       15       10        8       10        9       11       12       20
       20       16       15       26       26       28       33       32       40       43       41       45       51       46       57       83       47       85      100      130
      111      143      165      172      214      287      359      432      497      586      555      420      407      321      274      238      210      200      161      108
      104       92       86       54       78       63       56       45       43       43       29       27       19       29       28       20       18       18       15       20
       10       17       14       23       13       11       13        8       13        4        8       15       10        9        2       13        5        3        2        2
        3        8        4        4        4        4       14        6        8        7        4        6       12       11        5       10       23       17       14       26
       15       19       17       24       23       21       29       29       33       38       42       54       46       38       67       79       71       82       77       95
      132      139      169      221      242      304      338      480      701      781      708      601      429      360      275      248      202      164      163      115
      111      102       94       76       70       71       62       48       38       40       31       34       25       22       22       32       17       21       20       14
        6       18       14       15       14       12       11       16       10        8        5        5        6       12        4        1        7       15       10        4
        8        5        2        2        7        8        6       13       11       10        8       11       12        9       11       13       14       12       21       22
       16       18       22       18       17       25       29       29       27       28       44       39       56       47       59       75       70       84       93      128
      136      148      191      204      279      305      426      580      899     1262     1133      827      583      432      310      230      208      182      161      134
      129      105       85       86       85       58       61       54       38       31       39       44       30       35       18       22       22       24       13       18
       12       16       18        6        3        9       12       13       12       15       11        3        9        7        8        3        4        6        9        8
        1        4        7       11        4        6        4       10        3       11       10        6       10       17       15       14       11       14       23       18
       21       17       18       16       25       27       30       31       26       31       38       47       43       59       47       50       78       80       90      116
      130      159      165      209      292      330      465      629     1008     1793     1704      930      647      424      336      247      189      157      155      143
      129       92       84       87       73       61       47       49       49       44       29       36       42       23       19       21       27       18       25       20
       16       11       14       15       16        9        9       11       10       15       14        5       11        4        6        9       10        6        2        8
        3        7        4        5        5        5        8        8        8        9       10        6        7        7       15       19        9       12        8       21
       20       28       20       23       33       30       26       30       21       35       50       40       48       61       54       62       74       81       95      103
      124      133      160      193      252      318      403      542      744     1104     1031      794      551      400      325      249      218      174      110      118
      119       94       93       77       59       62       70       58       45       38       33       27       23       28       32       21       23       18       20       17
       13       18       10        9       11       11        7        9       12        9       12        9        7        7        6        5        6        7        2        4
        4        3        7        5        6        4        5        6        6       14       13        7        9        8       14        8       16        8       17       12
       12       11       12       29       11       20       24       38       32       30       43       46       44       54       47       66       70       95       85      107
      131      122      173      193      224      298      351      405      612      701      730      598      493      410      303      247      199      146      133      122
      138      100       70       58       77       56       51       53       46       38       38       24       28       28       29       27       12       25       21       12
       20       14       10       10       13       16        8       12       12       10       12        7       12        7        9        7        6        4        6        1
        6        2        3        7        4       10        5        3        6       10       13        9        5        9       19       11       15       18       13       26
       18        7       17       20       18       24       22       28       26       40       44       42       41       61       65       66       76       73       94      123
      116      150      165      184      207      294      291      399      464      522      501      505      372      305      294      212      191      159      129      123
       95       90       73       60       67       47       48       51       40       35       29       30       19       30       27       20       23       15       12       12
        9       10       13       13       11       10       12        9       15       11        6       10        8        2        9        5        3        5        6        4
        2        3        3        8        2        3        9        8       12        9       11        6       14       17       18       14       13       15       20       13
       17       20       18       11       18       31       22       36       31       22       38       74       43       60       52       68       74       99       89      119
      115      144      150      184      208      225      298      327      324      413      338      350      317      294      236      228      174      174      134      116
       82       93       86       78       65       51       44       44       36       33       33       23       33       34       25       23       15       16       16       15
       18       10       15       11       16       12        9       12        9       11       10        7        5        7        7       11        3       10       11        6
        6        9        5        3        2        6        5        7       10        7       13        9        5       14       18       11       10       25        8       23
       15       22       18       18       32       25       26       25       30       47       42       45       36       49       55       56       80       78       94      118
       84      119      125      159      201      222      244      256      285      295      290      301      253      233      221      166      163      156      115      127
      101       76       72       62       62       58       49       56       29       27       35       28       23       31       20       20       28       13       21       16
       16       18       13       12       10       24       10       11       13        6        7       14       12       10       13        9        3        2        2        3
        3        9       10        5        3        3       10       11        5        9        6        8       12       15       12       14       16       14       23       26
       18       18       18       28       22       18       28       25       28       33       49       47       52       50       48       61       67       64       73      111
       99      115      128      124      178      167      216      239      267      251      236      210      223      187      183      134      156      117      118       89
       87       72       74       82       42       54       44       52       43       32       35       46       23       21       23       19       18       19       25       11
       11       18       10       12       11       14       11        5       10        9        6        9        6        7        7        4        5        5        4        6
       12        6        3        1        4        6        7        9        9        8       10       16        4        8        7        6       13       13       15       12
       15       18       28       24       31       27       24       24       42       27       26       35       45       60       54       65       57       52       80       85
       85      115      119      136      131      150      169      168      184      230      213      186      188      166      152      152      141      121      116      105
       93       81       69       60       61       50       46       38       37       30       38       30       22       23       30       24       28       13       15       12
       16       11       15       12       13       13       10       10        7        5       14        9        4        5       10        7        3        3        5       10
        6        4        6        4        9       12        4        8        9        7       12        6        4       11        8       13       13       12       11       14
       10       16       19       19       20       21       29       30       38       44       46       51       47       45       44       68       51       63       80       83
       89       94      101      117      127      122      154      165      194      208      152      154      158      139      163      126      111      118       93       64
       84       61       53       65       67       39       34       40       28       32       38       38       33       26       33       24       20       20       15       16
       10       16       14        6        6       11        7       13        9        4        9        8        4        4        6        3        8        6        5        6
        5        7        2        8       15        8        5        7        7        6        5       13        8       10       14        8       14       15       22       19
       16       18       19       23       22       21       31       27       34       23       26       38       48       35       47       49       48       58       72       77
       71       85       79      111      105      110      129      152      134      163      135      147      141      142      125       97      129      117       97       62
       71       59       53       49       57       42       41       42       31       35       31       22       25       27       21       21       25       16       16       15
       12       13       16       13        9       14        3        9        9        3        8        5        3        2        5        4        4        7        6       11
        4        4       12        5        9        9        8        9        7        6       11       11        9       10       10        6       10       16       18       13
       17       13       14       18       20       23       29       32       30       30       29       44       47       33       44       45       47       65       70       68
       82       79      103      115      106      101      111      110      126      130      130      113      117      124       80       98      106       74       85       88
       54       60       51       41       33       40       48       44       52       27       36       22       21       23       22       18       21       21       17        8
       12       16       17       13       19        2        2       11       12       11        6        9        7        3        4        8        3        2       10        8
        3        3       10        7        6        4        7        5        9        6        6        4        8       12        7        6        9       12       15       12
       18       14       16       22       13       16       23       25       22       26       32       40       35       31       38       34       54       45       58       70
       62       92       82       86      104      104       94      113      101      114       80      121      100      101      100      102       86       90       78       66
       58       51       41       59       51       37       38       39       19       32       28       33       22       26       17       20       23       15       11       22
       19        8       13       10       11        8        6        6        9        3        9        7        7        5        5        7        8        5        3        6
        7       11        4        4        5        4        2        8        5       11        4        4        9       11       14       12        4        7       19        8
       13       14       15       17       20       24       22       27       14       29       26       28       35       36       35       37       47       46       55       54
       58       74       66       70       72       76       80       86       98       82       90       87      104      102      100       77       81       90       63       61
       51       45       62       48       32       45       40       23       38       42       22       31       20       27       24       20       20        9       25       23
       12       17       14       10        5       10        9        7       13        7        9        5        6       12        8        6        6        4        4        6
        5        6        5       10        5        5        5        7        7        6        9        5       11        7        3       12       17        8        9       17
       11       10       22       22       18       26       21       22       23       29       20       36       34       29       32       44       35       43       46       61
       43       62       62       61       71       73       85       88       87       88       80      102       80       77       85       71       69       76       73       51
       59       54       49       48       49       49       33       34       28       31       24       22       23       22       25       21       15       21       17       12
       14       14        7       15       12       10        8        5       10       12        4       14        6        9        7        8        8        3        8        5
        8        5        4        4        0        6        5       13        7       13       10        4        5        8        4       11       15       15       10       13
        8        7        9       14       21       21       16       23       30       37       27       34       30       31       33       49       33       44       45       56
       51       57       61       58       66       71       61       77       67       71       92       97       73       80       68       66       59       69       52       50
       55       42       44       39       36       41       24       25       32       30       32       21       24       24       13       14       17       18       19       19
       19       17       10       12       11        9        6        9       11        4        6        3        4        9        4       12        5        5        7        3
        2        5        7        5        8        3        4        5        3        5        6        7        6        7       11        9       13       14        9       20
        8       14       10       17       18       24       14       20       18       20       26       16       31       39       38       40       39       49       61       46
       46       66       67       51       59       70       67       75       71       65       70       74       74       83       63       63       52       76       48       35
       49       45       30       28       34       32       38       25       17       27       19       17       12       15       18       17       18       13       18        9
       13       21       10        6       21       10       10       13        4        8        7        8        6        8        7        3        3        3        8        4
        9        6        4        8        7       14        3        6        2        7        4        8        8        8        8       15        9       11       10       22
        8       16       17       17       31       14       18       20       18       14       27       42       27       28       33       36       31       35       39       46
       44       33       47       47       69       57       47       54       45       61       49       66       59       63       53       50       59       53       44       51
       53       42       44       36       33       30       38       36       26       24       22       18       15       19       22       22       15       18       12       11
       12       14       13        6       13        6       11       11       11       12        1        7        7        6        7        7        5        6        5        3
        4        6        3        5        5        8        6        4        7        9        6        2        9        7       13       10       11        8        8       16
       17        7       21       11       12       20       30       13       27       27       20       29       25       30       35       30       31       48       31       37
       51       40       54       51       57       59       52       56       55       55       56       58       46       54       43       45       43       56       47       29
       41       30       25       29       16       17       29       25       15       32       17       23       19       20       24       17       23       13       14       11
       11       10        6       11        9       11        7        9       14        6        1        7        6        6        7       13        7        5        9        5
        6        6        3        6        4       11        8        9        4        8        7       13       11       10       12        7        4       10        9       11
       10       21       15       13       17       16       11       14       20       19       31       23       25       32       26       29       32       35       33       45
       36       43       48       39       47       59       48       57       46       51       48       51       42       51       43       55       42       46       53       36
       32       35       28       34       42       24       23       24       17       11       31       22       17       17       17       27       12       20       20       14
        8       11       10       11        8        8        4        2        5        8        6        7        6        4        2        5        5        5        7        1
        3        6        4        7        3        6       11        7        5        4        9        6        5        4        8       13        6        5       16       11
       18       16       15       15       14       21       19       13       25       21       15       24       18       25       28       27       27       35       30       30
       36       37       43       44       40       34       44       42       49       49       34       45       45       46       48       47       45       33       37       35
       39       31       31       30       23       27       29       22       26       18       20       24       24        9       16       14       18       10       21       12
        8        7        9        3       11        9        8        5        6        9       11       11        6        8        6        7        6        3        9        4
        6        4        4        4        5       11        3        3        8        7       10        3        9        7       12        8        9       10        9        8
       18        8       11       21       11       17       17       17       13       16       16       23       20       25       30       29       28       29       30       32
       34       42       30       35       29       54       46       42       39       34       44       37       38       40       38       33       48       34       45       33
       31       37       22       23       28       24       19       29       20       18       26       25       18       19       18        7        9       17       13        9
       11        6        6       14        7       10        8       11        3        4        7        8        8        3        4        5        4        5       10        6
        4        3        4        9        6        8        4       10        2        2        3        6        5        9        5        5        8        9       12       11
        7       18       12        9       14       13       13       16       22       25       16       13       19       28       19       34       28       28       28       28
       24       29       36       35       35       38       30       26       38       30       36       35       36       29       36       30       40       25       34       30
       26       28       25       24       23       23       30       23       25       26       19       20       20       20       12       14        9       15       14       16
        9       14       10       12        8        7        5        9        5        0        7        5        4        2        1        5        9        1        5        3
        2        2        4        6        5        7        6        5        7        2        9        7        6        5       10        9        9       12        9       10
        8       10       12       11       21       12       10       24       20       14       17       17       19       20       23       34       15       35       24       24
       31       36       40       32       29       36       38       33       36       24       36       31       29       38       44       29       42       27       30       33
       34       20       25       15       22       23       21       17       18       16       21       22       14       15       17       12       15       14       19       11
        7       13        8       11       10        9        6        2        5        6        8        3        8        6        4       12        3        5        8        3
        5        5        6        2        3        6        6        2        6        6       10        9        8        7        8        9        6       10        9        5
       11       14       17        8        9       17        8       15       22       22       16       24       14       19       20       20       30       21       25       28
       15       23       29       29       30       28       30       27       30       39       34       36       28       24       24       25       23       37       21       27
       19       18       20       21       20       28       18       19       19       15       14       18       12        9        8       15       11       11        7       14
        9       15       13       13       12        7        8        9        8        5        3       11        6        7        4        5        7        8        1        2
        4        3        5        6       10        5        4        6        4       11        5        5       13        2        7        3        6        6       10        5
       12       12        9       17        9       14       12        6       14       18       11       26       25       17       22       22       19       18       16       31
       24       27       23       25       21       33       34       27       24       35       27       31       29       26       33       34       46       32       29       25
       25       18       18       14       15       16       24       13       23       17       10       13       16       13        8       12       14        8       11       11
       14        9       17        9        8        8        4        7        2        8        3        3        2        7        8        6        2        3        2        5
        6        2        5        2        2        8        9        4        3       10       10        8        4        7       10        7       10        9        8        8
        6       13        5       12       12       16       11       12       12       12       12       24       14       23       28       19       26       24       20       23
       26       25       20       23       29       30       37       26       26       25       24       33       32       31       27       31       15       27       30       22
       19       24       26       16       17       15       12       16       17       19        7       11       23       12       12       10       14       10       11        7
       14        8        8        6        7        3        3        6        5        6        5        6        2        7        7        3        4        3        1        5
        1        4        5        0        4        8        6        7        3        5        6        7        6        9        5        5        8        9        6        3
        8        5       14       16       13       12       13       13       10       16       17       21       21       18       13       17       10       19       22       18
       22       24       35       27       18       19       19       21       27       31       27       23       28       24       15       30       27       19       26       26
       19       15       15       16       22       14       17       20        7       10       14       26       13       13       16       13        6       20       12       14
        7       10       16        7       10        8        6        5        1        8        7        5        3        3        5        6        6        5        2        1
        4        7        1        4        2        4        6        5        4        7        4        6        6        5        4        6        7        9        9       16
        9        6       12        9       17        4       16       10       17       25        8       20       11       17       22       22       26       26       23       25
       25       25       20       26       21       18       15       18       18       24       22       17       24       26       19       17       13       26       17       16
       25       17       16       16       15       16       12       18       16       10       13       11       14       13       14       19       10       13        5        9
       11        4        5        8        7        6        7        5        5        8        3        7        7        1        6        8        2       10        4        4
        5        1        4        4        3        2        1       11        7        7        2        6        5        4        7        5       10        7        8        8
       12       11       10        9        4       14       16       15        7       13       20       19       17       18       12       13       26       15       23       17
       21       16       26       22       21       31       21       25       25       23       29       21       20       15       22       20       20       16       15       22
       13       11       22       19       21       13       11       14       10       22       12       13       10        6       10       11        6        7       11       17
       10        3        3        8        3        4        5        5        6        6        9        2        4        6        5        6        8        2        5        9
        3        4        3        2        2        3        7        3        4        7        5        7        5        3        6       10       13        9       10       10
        7        9        5        8       14        7       18       12       14       11       16       13       12       15       17       15       24       12       21       25
       17       19       15       21       19       17       25       19       15       24       15       33       12       17       10       13       17       14       22       22
       22       15       17        9       10       18       14       17       14       14       12       17       19       10        5       10        6       13       10       11
        8        3        6        5        5        9        6       11        5        7        6        3        3        4        3        4        6        4        4        6
        2        6        5        6        3        2        8        7        8        5        3        4        5       10        5        8       11       10        6       12
        7       11        4        7        6       12       17        7       12       18       12       17       11       17       11       19       12       19       18       17
       18       22       18       16       21       18       28       19       19       27       23       18       11       16       30       20       26       10       16       12
       17        9        9       14       18       13       22       12       18        6        7       21        7       11       11       11        7       11        7       11
        4        9       12        6        7        5        7        7        4        2        2        4        5        5        5        4        3        5        6        6
        3        9        2        2        4        2        6        6        2        4        2        7        8        3        7        8        6        5       10        6
        8       11        8        7        8        3       16       10       15       11       13       11       13       16       14        8       13       18       13       15
       19       16       18       16       12       17       14       14       11       16       16       25       18       14        9       12       24        8       16       13
       10       24       12       14       10       17       13        9       11        9        6       14        7       13        8        6        8        8        8        6
        3        4        5        7        8        3        7        7        8        4        3        5        5        6        3        7        3        4        6        3
        5        5        4        3        4        6        3        4        5        4        7        8        5        7        5        2        8        5       10        4
        4        3       11        7       10       10       10       11       10       10        9        7       11       15       10        9       14       11       17        9
       12       13       20       19       22       19       11       13       20       19       11       13       21       13       21       20        7        6       26       15
        8       19       15        7       20       13       19       11       11       14       14        9        8       11       11        6       13        8        6        6
       14        5        7        4        7       11        4        2        6        3        9        3        6        7        3        4        5        6        3        6
        1        1        8        4        5        9        4        4        3        1        4        4        5        7        4        9        8        8        5       11
        5        3        7       13       11        9       11       10        8       10       18        8        9       14        6        9        9       15       13        6
       17       12       14       13       16       10       21       15       22       12       18       15       16       17       15       13       10       16       16       17
       13        8        8       14       10        8       10        9       13       16        8       10       14        6        5        7        7       10        6       10
        8        5        7        7        7        5        6        4        4        3        8        7        1        7        3        3        1        5        6        3
        4        2        4        0        4        3        4        4        9        6        1        2        3        4       10       10        4        4        1        4
       10        5       12        9        7        8       13        8        9       12        8        8       17       11        8        9        8       13       12       10
       17        7       11       13       12       10       12       12       15       15        7       11       13       15        7       14        9       15       27       17
       20       13       10       16       12       13       10       12       11       11        6       12        9       10       10        8        6        7        5       14
        6        6        3        4        7        7        5        7       10        4        3        2        2        5        2        3        3        3        4        1
        5        4        3        1        5        2        4        6        8        1        5        4        8        4        5        5       10        5        4        5
        4        9       11        7        5        3        7       11       11        7        8        7       11        8        9        4        9       17       13       16
       13       13       11       12       12       14       12        8       14        9       19        7       14        9       10       15       13       10        9       11
       14       12       11       14        7        6        9        9        8       10       12        8        8        4       13        7        8        8        6       10
        6        6        4        7       11        7        2        5        4        7        3        1        1        6        2        3        5        5        7        7
        0        1        4        4        4        6        7        6        6        3        8        2        6        3        3        8        6        6        7        6
        6        8        6       10        5        8        5       10       11        5        8        9        9        5        9       11       10       14        8        8
       10       11       16       17       13       13       11       11       15       11       14        9        9        8       10       14       15       12       11        8
       15       16       14        9       11        6       12        6        7        8       10       12        5        7       11        8       13        7       10        2
        4        6        4        8        7        5        7        3        4        8        5        3        8        6        3        1        2        5        2        3
        0        3        6        1        2        4        8        5        6       10        1        3        5        4       10       10       10        5        7        6
        9        7        8        7        7        4        6        7        8        5        8        2       12        9       13        8        7        9       12        6
       12       20        7       12       13       13       24       14       14       17        9        6       11        9        4       15       11       11       11        6
        6        7        9       14       10        7        6        5        6        7        8        6        7        8        8        2        9       12        2        8
        4        6        6        5        3        8        2        5        3        3        1        3        4        3        1        3        1        4        2        1
        6        0        1        0        2        2        3        2        0        4        0        1        6        5        7        3        4       10        6        7
        2        2        3        4        8        7        3        6        4        4        7       13        8        9        9       14       11       12        9        5
        5        9        9       13        7        7       21       12       15       10       14       10       10       12       12       17       12       18       14        9
        6        7        9        7       12       13        8        8        7       13        8        9        9        2        7        6        5        5        6        4
        4        4        3        3       10        7        7        7        2        6        6        2        3        5        6        2        5        7        4        2
        3        4        5        1        3        3        3        2        2        8        6        3        2        6        4        4        4        3        8        5
        4        3        7        7        3        4       10       11       12        5        9        2        4        6        4        4        7       12        6        7
       10        5       10        7        8        7       11       14       11       11       11       13       13       12       10       12       12        9       10       14
        6       11        8       13       10        7       13       16        5        3       10        6        4        4        8       10       13        8        4       12
        3        8        4        3        3        3        5        7        3        2        5        3        4        3        1        5        7        8        1        3
        4        1        0        3        5        3        4        2        1        4        4        3        1        4        4        4        6        7        5        2
        6        3        3        8        8        7        7        8        4        4        6       11       11        9        7       13       11        8       13        9
        9       11       11        3        6        4       11       17       17        8       13       14        9        8       10        5        6       13        1       11
        8        5        8        5       11       10       10        7        0       12        9       12        9        7        8        9        5        3        8        8
        5        2        4        7        3        5        2        3        4        1        5        2        5        7        4        4        2        3        3        2
        0        5        2        0        2        1        4        5        1        5        5        3        8        2        6        6        3        0        3        2
        2        5        5        5        1        8        2        8        5        8        5        8       13        9        7       12        2       10        5        4
        5       11        9       10        7        0       12        9        8        9       14        7       12        8        8       19        9        8        8        6
        8       11       12        7        7        9        6        9        9        8        8        8        9        3       10        6        8        6        1        3
        3        3        2        6        7        2        2        3        0        1        2        3        0        7        4        4        4        2        1        4
        2        3        4        4        4        3        6        5        1        2        3        1        2        5        2        9        4        3        4        6
        4        4        3        9        6        8        7        7        9        5        5        7       10        8        8        8        7        4        9        3
        6        6        7        6        8        5       10        6        1        7       11        8        6        6       10       11       11        8       10        6
       14        4        8        7        3        9        6        4        8        8        7        6       11        5       10        7        3        4        4        6
        6        4        3        4        3        4        1        2        3        8        1        9        3        2        0        2        4        3        8        1
        5        1        2        4        2        1        3        5        2        5        1        4        5        3        4        3        1        3        3        4
        3        5        9        3        4        7        5        8       10        7        3        5        8        6        9        8        6        5        9        9
        6        6        7        5        9        8        6        9       10       10       12        3        7       11       11       11        7        7       10        7
        5        5       12        4        9        8       11        7        2        7        9        3        2        5        6        3        6        2        5       10
        4        2        1        4        5        2        3        1        2        4       10        4        2        3        4        3        3        6        7        2
        3        0        3        2        3        5        2        5        7        6        4        6        6        8        7       11        8        5        7        2
        9        5        1        9        7       10        3        6        6        5        2        5        6        9        9        8        4        5        6        3
        3        8        2        7        7        9        9        7        3        9        7        7        8        4        7        7       12       10        4       11
        7       10        7        1        8        7        9        3        4       10        8        8        4        3        3        4        4        3        5        6
        2        3        1        4        4        5        6        2        4        0        6        0        6        7        5        4        8        5        2        1
        2        2        2        4        0        1        4        5        2        2        2        6        2        5        2        6        6        5        5        8
        4        6        7       10        6        6        6        4        3        5        4        3       10        2        6        7        5        3        4        2
        4        5       11        9       12        7        3        9       11        7        4       12        6        6        4        8        8       10        6        4
        2        7        8       10        4        8        4        4        7       10        4        3        6        4        5        7        6        5        1        4
        2        6        5        1        3        4        1        1        4        2        1        5        2        4        3        5        2        1        1        3
        2        3        2        2        4        4        3        2        4        2        3        3        2        3        3        1        2        1        6        3
        1        7        6        5        3        3        6        4        5        7        5        9        6        7        7        6        3        2        9        7
        8       12        6        3        7        3        7        2        7        7        9        5        9        8        4        6        6        9        8       14
        4        4        3       11        8        4        8        9        6        7        4        6        8        4        4        0        5        5        7        1
        1        2        5        5        1        4        4        7        3        5        2        2        0        3        4        3        3        4        0        1
        3        1        2        2        4        3        5        4        5        2        7        4        1        6        5        7        3        2        5        7
        6        3        4        3        8        5        1        5        7        6        4        5        9        6        5        7        9        5        3        5
        6        3        7        4        8        6        7        6        2        6        5        6        3        5        5        3        6        4        8        6
       11        9        3        6        4        3        4        8        9        3        5        7        5        2        4        3        5       12        9        3
        8        7        2        3        3        5        4        3        4        4        2        0        5        2        0        0        4        5        0        3
        4        0        2        3        4        4        4        0        2        2        4        4        1        2        3        3        7        5        3        5
        3        9        5       10        4        7        4        7        2        5        4        7        4        5        7        1        6        2        5        9
       11        1        3        4        4        3        6       10        7       11        8       13        6        8        6        5        3       10        5        8
       11        4        5        2        6        3        5       10        7        3        1        4        5        3        2        4        3        7        1        6
        3        3        1        3        4        4        3        1        2        8        5        6        0        4        0        2        2        3        1        3
        2        3        1        3        7        4        5        2        3        3        3        3        6        3        1        3        2        8        0        5
        5        5        6        3        5        4        2        3        1        8        4        4        4        4        7        5        7        4        8        6
        8        6        8        7        6        8        3        8        6        5       11        9        3        5        7        5        4        2        7        3
        4        9        5        7        9        3        7        5        8        4        3        5        3        4        6        1        3        5        3        5
        4        2        4        1        6        3        3        1        1        3        7        1        2        0        1        1        3        3        3        1
        2        2        1        4        1        1        2        4        2        1        2        7        3        4        5        1        5        3        3        7
        2        6        3       10        4        1        5        5        5        2        3        4        2        8        2        3        3        7        8        4
        8        3        3        9        6        7        6        3        4        9        4        3        2        1        5        4        6        9        6        4
        9        5       13        3       10        5        1        5        5        3        2        5        6        6        4        2        2        5        5        2
        2        1        3        2        4        5        1        6        5        3        1        1        3        3        3        1        4        4        0        2
