        0        2        4        3        4        3        2        0        4        2        2        8        3        6        1        3        2        6        0        2
        4        4        3        3        2        4        0        3        3        5        2        2        0        4        6        2        3        4        5        4
        2        2        6        3        3        3        3        6        1        4       10        6        2       10        4        7        9        2        4        1
        5        5        5        5        6        6        3        8        8        3        4        5        2        6        5        3        3        3        6        0
        5        6        3        5        5        6        3        6        5        0        5        5        2        4        3        2        0        3        2        1
        1        1        3        3        1        2        1        0        5        3        2        5        5        4        2        2        3        2        4        5
        4        2        4        6        3        4        6        6        3        1        5        5        8        3        2        6        6        4        4        5
        2        5        2        8        8       12       14        4        6        9        2        4        7        7        5        8        7       11        5        3
        9        3        8        4        5        7        2        6        2        5        6        3        8        4        3        3        6        6        2        5
        3        2        1       10        3        2        7        1        1        2        1        2        1        2        1        2        1        5        0        1
        1        0        1        5        2        1        5        0        3        1        1        3        2        0        1        6        2        2        2        2
        2        3        8        6        2        3        7        2        3        8        5        7        3        3        8        3        3        4        6        8
        8        9        4        8        2        8        6        8        8       11        8        5        9        4        8        4        4        6        5        1
        9        8        6       13        9        3        8        4        7        2        6        6        3        3        7        3        6        2        9        4
        8        9        3        4        3        3        3        3        4        2        2        3        3        0        4        1        2        2        3        3
        4        2        2        2        1        3        1        7        4        5        2        3        3        1        3        0        4        8        4        6
        3        4        4        5        7        7        6        7        6        5        2        6        1        2        5        7       11        7        4        4
        5        3        5        6        8        6        7        7        7        6        7        6        7        3        9        3        6        5        6        5
        6        9        5        4        7       10        5        4        5        2        7        3        8        5        7        1        4        4        1        3
        1        2        8        7        4        2        6        4        1        3        2        1        4        0        2        0        2        2        4        2
        0        2        3        0        1        2        2        2        3        2        8        4        5        4        4        3        1        4        1        4
        5        3        3        5        3        5        5        4       11        5        7        7        8        6       10        4        4        4        4        6
        9        5        6        4        4        2        8        4       13        7        0        7       10        3        5        5        4        7        6        9
       10        5        8        6        6        4        3       11       10        2        3        5        4        3        4        4        2        4       10        5
        5        2        5       10        3        1        1        6        3        2        3        4        1        3        3        3        3        2        0        2
        1        1        4        1        3        5        1        6        1        4        5        3        2        6        3        0        5        4        4        5
        4        5        2        3        8        1        6        4       10       10        1        6        8        6        4        7        7        7        6        6
        3        6       12        6        5        7        8        8        6       10       10        6       12        7        9        4        9        7        6        6
        6        5       10        4        8        4        4        9        3        6        4        9        3        2        6        9        3        8        2        5
        3        3        4        4        5        2        1        2        2        0        1        5        3        3        1        2        1        4        4        1
        1        1        2        1        3        2        3        2        2        2        1        4        5        7        6        8        3        5        6        4
        1        4        2        2        2        7        5        5        8        8        9        5       10        7        7        4       15        8        5        9
        7        5        6        7        3        3        7        3        9        9        8       11        6        7       14        9        8        6        2        8
        5        7        5       10        1        9        4        6        5        7        8        5        2        8        5        2       12        4        7        2
        6        6        5        3        4        0        5        7        2        2        0        2        5        4        1        5        5        4        3        3
        1        3        6        4        2        2        4        6        3        2        5        2        3        3        6        4        5        3        4        0
        6        7        4        3        4        8        3       13        8        3        5        7        6        5       10        5        9        5        1        8
        4        8        6        7        4        8       13       11        9        6        8        4        4       10        9       11        5        9        7        7
        6        8       10        3        6        2        7        8        2        2        1        5        2        5        3        7        2        6        7        4
        5        6        3        5        5        6        1        2        1        2        3        1        8        3        2        6        3        4        2        2
        5        1        3        3        8        7        6        4        0        1        5        4        3        6        1        4        7        6        6        4
        8        3        5        3        0        5        6        9        8        3        4        7        2        4        8        6        4       11        4       11
        6        3        4        2       14        9        7       10       10        8        9       11        9        6        5        7        8        8        9        8
        6        6        8        8        5        3        6        5        4        5        9        8        7        2        5        7        9        5       10        4
        5        2        7       10        3        5        2        3        7        5        3        1        1        1        1        2        4        0        3        3
        1        2        2        5        3        4        4        6        3        1        3        4        3        6        4        4        5        5        3        2
        4        2        8        5        7        8        5        6        9        7        6        8       15        5        9        6        8       12        7        8
        4       10       10        7        6        7        8        8        8        7        7        5        6        7        3       13        7        5        5        8
       13       10        9        7        9        8        8        4        9        7        5        9        6        5        6        5        7        6        8       10
        6        5        4        0        5        6        5        2        5        2        4        1        1        1        5        2        4        0        3        2
        4        2        3        4        4        0        1        4        1        3        3        2        2        6        2        4       11        4        2        4
        4        4        6        4        4        1        4        8        8       10        6        5       10       12        8        6        8       11        8        8
        3       12       10        9       12       10       10        5       13       13        5        7        6       12       11       13        7        6       12       11
       14       11       12        5       10       10        7       12       10        8       11        9        4        9        8        3        5        6        6        6
        9        6        3        1        7        7        6        2        4        6        1        5        2        6        4        4        4        3        6        2
        2        2        3        2        3        2        4        6        4        2        5        3        5        5        3        1        8        9        9        3
        8        6        6        4        7        8        7        6        4        6        4        7        9        4       11        8        5        9        6       10
       12        5        6        6       11       13        9        9        7        7        5       12        6        6       14       18       11        6        9       10
        9       14       10        4        7       11        7       10        6       12       12        8        3        7        7       13        7        7        4        6
        1        5        8        4        3        6        4        1        7        6        2        3        1        0        2        3        2        4        4        2
        3        4        6        5        3        5        2        1        5        3        0        3        5        6        5        6        5        6        7        5
        2        4        5        9        3        7       13        5        3        4        7        5        6        6        4       15        4       12       11        7
       11       10        9        3       15       13       11        3       11       11       15       12       21       14       12       12       15       11       13        7
       14       15       11        9        6       13        7        7        7        6       17       14        7        6        7       10        4        7        5        3
        7        5        6        6        4        4        7        4        6        5        2        2        2        5        5        2        4        9        4        2
        4        2        1        3        0        5        6        4        2        7        4        7        7        6        5        4        5        6        8        3
        6        5        9       10       11        4        9        8        9        6        7        8        4        8        8       15       10        8        6        6
        6       11       12       14        6       14       12        9        7       21       13        9       10       10       10       14       19       10        4        9
       17       14        9        6        8        9       11        6        6        7        6       12        8        4        6        9        5       10        5        7
        4        5        5        7        4        5        8        2        6        5        5        4        3        3        4        5        2        4        3        3
        2        5        8        4        1        2        3        2        3        3        4        3        6        5        9        8        7        1        1        3
        2        8        7        7        6        7       10        7       11        4        9       13        8        9       12       11       20        5        9       13
        9        6       12       14       13       14       11        6       13       12       15       17       16       16       15       11       12       10        8       16
       11       14       11        7       15        9       11        9       14       10       10        9        9        7        8        4        8       13        7        8
        4        6        3        2        3        7        9        6        6        7        5        6        1        4        1        1        2        5        4        3
        5        5        6        0        4        2        7        4        2        5        5        3        7        4        8        5        3        4        5        1
        7       10        9        4        9        9        6       10        7        8       10        8       11       14        8       14        9       19       13       11
       10       13       15        6        9       15       11       12       15       13       16       12       10       16       10        9       14       13       13        5
       18       12        7       10        7        8        9       11        6       12       11       13        4        5        7        5        4        4        6        4
        5        4        6        4        5        5        8        3        4        5        6        1        6        4        6        3        2        2        2        2
        3        5        1        7        1        3       11        2        4        4        8        2        3        4        3        4        4        5        5        8
        3        5        7       14        7       10        8        9        6       10       11        6        8       10       16       11       15       12       12        8
       15        9       11       10       17       14       13       13       12       12       14       13       19       17       13       17        8       17       15        8
       12        7       14        3       13        8        6        8       15        5        4        7       11        9        6       11        5        8       10        7
        7       12        3        5        0        2        4        5        4        4        2        3        1        4        2        1        2        4        4        3
        1        6        6        3        7        7        4        7        6        3        3        4        4        1        4        4        4        7        2       11
        6       10        7        9       10        7       10        7        7       11       12        9       12       10       13       15       15        9       15       17
       15       15        9       12       13        8       12       12       15       16       11       10       22       16       13       19       17       14        9       14
        9       18        9       13       10       10       14       11        7       17       10       13        6        8        7       11       10        4        6        6
        7        4        4        6        1        6        6        6        4        4        4        2        8        3        5        3        4        1        2        7
        6        2        2        2        6        3        4        2        4        0        5        6       17        3        7        6        9        1        4        4
       11        6        5        4        9        6       11       17       11        8        9        8       10       13       22       12        9       12        8       15
       18       20       12       14       10       18       14       17       14       21       11       13       20       19       11       17        6       20       19       26
       13        9       22       16        8        7       14       14        9       13       11        9        8        9        7       12       13        6       10        3
        4        5        9        7        4        3        8        4        3        4        2        0        2        3        4        5        3        4        2        3
        3        4        2        2        2        3        3        2        2        7        4        7        8        3        5        8        7        3        8       13
       14        4       11        6       12        9        9        8        8       13       11        8       14        8        7       13       17        9       14       19
       20       11       18       16       13       11       11       25       17       17       13       19       18       14       20       18       12       14       15       25
       18       17        9       16       10       14        7       10       11       16       12        9       14        9       10        9       10        7       12        6
       10       14        6        7        7        2        4        4        6        3        2        2        6        9        3        9        2        1        2        2
        4        3        9        2        7        3        8        1        3        6        8        5        7        7       13        8        6        6        9       10
       10       13        9       12       11       13        7       21        5       13       13       11       20        6       14       19       15       17       19       11
       20       13       19       19       18       19       22       23       22       12       19       30       15       11       15       17       11       20       29        9
       20       18       14       14       15       12       15        7       15       17       10        6        6       17        7       13       10        7        9        5
        7       14        6        9        9        6        6        5        4        6        5        6        0        7        5        2        2        2        4        2
        4        5        3        5        7        2        3        7        5       10        4        4        3        7        4        8        6        8        3        8
       13       11        4       10        4       15       12       17       13       11        9        9       16       12       17       16       15       19       12        6
       20       18       20       20       14       27       21       26       28       16       15       11       20       14        9       13       27       17       27       17
       17       13       21       22       12       13       15        9       16       16       10        9        7       13        5       11        7       18       11        5
        5        5        7       10       16        4        7        7        4        5        7        2        5        6        2        8        1        4        3        5
        2        7        2        4        2        6        4        4        6        2        7        8        5        6        8        5        5        5        7        6
        9       13       11        9        8       12        7       14       13       15       15        9       18       18       18       17       18       15       14       28
       13       21       14       15       21       10       25       19       18       17       24       26       22       14       23       18       26       16       24       11
       15       15       15       11       12       12        9       11       15       14       11       12       14        3       13        8       10        7        6       12
       10        8        8        5        8        5        6        4        5        5        8       10        9        6        4        5       11        1        4        1
        4        2        3       10        5       12        4        6        7        5        2        2        3       11        5        4        9       12       13        5
        9       14        5        7        7       10       14       15       14       16       14       14       14       28       27       17       16       24       19       22
       21       18       22       29       21       26       24       27       18       21       22       32       26       21       23       17       17       21       25       19
       24       20       18       23       20       23       21       24       15        9       10       12       11        8        9        6       10       17       11        9
        8       12        6        4        3        9        8        5        5        6        2        5        4        6        9        8        3        3        2        3
        7        9        4        6        6        4        5        3        6        6        6        7        2        9       11        5       10        8        9        6
        9        9       11       11        8       10       13       10        7       16       11       13       18       10       17       22       22       12       18       23
       18       16       24       23       19       26       21       29       26       28       28       16       27       23       27       21       20       31       24       21
       13       18       22       19       20       17       20       14       14       16       13        9       17       10       14       17        5        9       15        6
        6        6       12        6        4        6       10        8        8        4        5        6        5        7        6        4        6        3        4        1
        6        2        3        5        6        5        4        7        5        7        5        7        4        6       10        6       10       10        8        2
        8       11       14       10        9       13        9       19        8       10       21       21       12       17       22       26       17       20       31       21
       31       17       29       28       27       29       22       23       32       25       29       19       29       27       25       25       20       23       27       25
       23       25       15       18       22       18       19       17       16       15       17       14       15       12        7       13       14       12       11        9
        8        3        8        4        8        8        9        5        5        4        7        3        3        5        3        8        5        6        3        4
        1        3        5        9        2       12        2        7        5        3        5        9        9        3        6        7        5        6        4       13
       14        9        5       14       14       18       12       17       13       10       18        9       11       17       18       15       25       17       24       23
       29       18       28       18       27       30       21       23       21       26       30       34       31       33       19       24       21       29       18       20
       29       23       18       28       12       17       22       20       17       24       14        8       15       17       17       13       12        5        5       11
       12        7        9        7        6        8       12        9        5       10        5        4        7        6        5        7        5        4        5        8
        1        6        6        5        5        3        8       12        7        6        3        8        4        6        5        3       10        6        5       17
        9       11       15        9       11        8       16       15       14       18       14       19       14       10       24       23       24       24       25       43
       22       18       34       26       27       22       22       30       28       34       35       24       25       35       34       25       19       34       39       26
       37       21       20       28       15       29       11       14       17       10       26       20       17       21       14       13       10       13       12       11
        8       13       14        6        4        7        6        5        8        4        7        3       10        8        5        4        2        5        2        2
        5        6        9        2        3        4        3        7        4        4        5        7        6        5       10       11        8       12       12       10
        9       14       13       12       13       12       11       17       13       19       18       21       26       21       19       12       29       26       38       27
       22       24       36       37       27       51       34       39       44       30       34       31       30       31       25       28       28       37       26       18
       27       43       18       17       18       18       24       19       21       16       16       16       23       11       12       14       13        7       19        9
       10        5       11        9       17        7       10       11        7        5        4       11        3        3        8        4        1        3        5        2
        4        6        5        5        2        9        5        5        7        6        9        6       10       10        9       11        7       12        7       13
       14        7       10        9       15       17       16       22       22       20       12       21       18       17       31       21       33       36       38       25
       32       27       31       30       34       28       41       39       31       27       34       36       30       27       38       24       33       36       28       32
       29       31       21       20       25       23       17       11       27       19       10        6        5       19       22       17       13       10       16       14
       10        8       13       11        7        3       12       10        7        5        7        7        5        3        5        4        5        4        5        2
        0        6        5        6        3        4        4        7        6        3        5        4       10        3        3       14        6       14        8        7
       16       10       20       12       17       10       15       16       16       22       21       20       26       27       26       31       26       37       22       29
       44       31       35       26       37       31       37       48       39       46       35       30       41       35       36       37       36       32       29       38
       42       33       27       34       23       26       26       19       13       22       18       25       18       11       11       14       13       13       11        8
        8        8       10       21        5        4       11        9        4        6        6        7        6        8        3        4        5        1        4        2
        4        2        1        7        6        4        3        3       10        2       12       10        7       10        9       10       12       16       12       11
       10        8       13       10       11       13       14       22       10       15       21       14       18       34       24       23       28       40       35       36
       33       30       38       37       36       30       41       32       44       43       52       39       42       46       40       40       30       33       45       38
       26       29       26       33       31       35       30       26       19       28       27       25       17       15       15       15       16       18       16       11
       13       13       13        9       14        7        7        9        8       12        8        5        4        5        3        3        4        6        4        5
        3        6        7        8        2        7        2        7        5        0        3        4        9        8       14       13       10       12       13       16
        8       18       11       22       13       12       14       25       19       13       25       24       24       28       35       26       11       39       41       38
       42       46       40       47       50       52       56       50       49       42       44       50       42       33       49       54       52       41       38       40
       36       40       30       29       33       32       13       30       18       21       19       30       27       15        5       18       16       18       10       10
       12        7       13       10       10       19        8       15       10        9        8        2        3        4        7        6        4       10        4        5
        4        4        5        5        8        6        9        9        9       10        6       12        5       12       13       11       11       10        7       14
       15       14       20       16       14       15       16       14       17       14       17       26       15       18       42       31       35       29       35       42
       39       46       43       53       61       50       40       37       43       48       54       59       55       52       46       40       48       51       49       44
       26       33       37       40       31       33       32       22       23       19       30       19       22       21       13       16        9       17       26       13
        8        7       16       12       18        6        8        9       11       17        9        8        8        6       11        2        2        3        4        5
        8        2        9        6        4        8       11        3        9        7        5        3        9        4        7        5       12        9       12       11
       10        7        7       13       20       20       18       14       16       19       19       26       31       19       25       22       30       46       38       31
       53       43       50       45       33       43       63       58       58       56       61       57       63       62       57       54       46       43       37       47
       31       48       40       48       41       36       22       31       19       19       31       16       21       15       13       20       11       17       12        9
       17       17       15       11       10       15       11        4        9        6        8        6        8       12        4        3        3        1        4        3
        4        3        0        4        5        5        6        7        4        4        7        8       12        8        9        3       16       14        5       10
       19       15       12        9       17       21       16       17       25       19       26       38       31       27       28       36       34       36       42       38
       46       44       58       54       46       48       69       59       49       54       46       60       72       89       65       54       45       53       46       48
       58       36       39       42       23       25       23       32       24       19       21       15       21       14       15       15       16       17       15       19
       10       14       13       15       11        9        6       13        6       10        6        6        1        2        6        4        5        3        8        5
        5        7        9        4        4        7        7        9        6        5       13        7       11       16        9        9       14       18       10        7
       24       13       15        8       12       17       24       30       17       24       21       30       33       32       28       44       36       34       36       37
       46       48       67       76       57       66       76       73       57       74       59       63       62       77       64       66       63       69       56       64
       49       47       44       34       38       26       28       22       34       29       16       32       20       16       14       19       19       17       13       14
       21       19        9        9       10        6        4        4        5        7        3        3       11        6        4        5        4        5        7        9
        5        7        6        7        4        6        5        6        3        8        7       11        7        4        1        4       12       12       11       12
       15       12       21       18       22       32       15       18       22       25       18       21       40       25       27       46       35       42       40       58
       62       71       69       71       60       64       56       67       81       82       78       95       69       79       53       53       76       56       59       65
       54       41       54       41       29       35       39       28       27       28       24       28       13       19       19       20       17       12        8       19
       20       12       16        5        7       12        6        6       11       11        5        7        7        6        6        6        6        6        5        4
        7        1        6       13        8        8        8        7        7        8       10        5       12        5        9        9        7        9       16       12
        6       19       14       15       22       14       18       27       27       23       34       32       40       42       40       38       40       56       59       62
       74       59       74       62       77       75       87       77       79       85      109       90       86       85       74       91      100       71       72       68
       59       52       44       30       49       44       33       29       30       25       29       27       22       17       22       17       13       20        7       19
       10        7        8        6       11       10        8       10        0        5        8        7        3        8        7        3        4        4        5        3
        3        7        3        8        8       10       11       12        6        6        6        7       13        7       15       12        4        8        6       10
       12       10       15       16       15       11       19       22       23       28       25       29       26       44       39       35       54       66       56       68
       66       90       86       87       88       74       85       88      103      104       88      115       94      116       71       94      109       72       77       71
       53       50       42       43       32       49       40       41       35       27       29       29       17       16       22       19       16       22       16       13
       14       14       11       17       20        5        4        4        8        8        5        4        3        5        4        8        8        5        9        8
        2        6        5       11        7        4        2        7        4        9       11       18       14       11        8       10       10        6       11       21
       19       21       24        9       15       15       22       31       21       27       41       28       39       35       50       44       51       43       68       64
       56       52      108       80       84       94       90      103      142       97      112      121      108      109      115      105       86       83       64       67
       71       49       65       52       42       43       38       35       46       10       26       30       26       29       17       21       17       21       19       17
       13        9       12        9       15       10        8       11       15        7        2        4        4        8        3        3        5        5        6        1
        5        4        7        7        5       10        8       10        4        8       14        5        8       14        6       12        6       12       11        8
       19       15       20       20       14       29       22       37       20       38       22       29       28       41       40       51       53       43       64       73
       77       91       92      103      123      116      121      145      138      151      149      142      140      146      140      115      103      104       70       72
       61       55       50       64       38       31       50       41       32       27       29       34       24       19       22       25       14       12       26       18
       11       12       12       14       11       13       15        6        2        4        8        7        5        8       10        7        6        3        6        4
        6        4        3        7        6        9        9        2        7       13       11        7       14       15       10       14        8       12       12       21
       14       15       13       14       22       24       23       22       22       23       26       32       34       43       41       48       65       54       70       80
       74      102      103      115      127      110      128      151      154      167      159      174      166      150      139      124      102      103       86       74
       82       70       69       76       54       47       42       46       23       31       26       23       33       28       22       22       22       20       15       14
       10       13        9        8        7       15        2       22        7       12        8        5        9        7        7        0        8        5        5        7
        2        2        5        6        3        8        5       10        8        4       10        4        9        9       14        9        8        8       16       10
        9       10       12       18       14       26       26       22       28       37       32       28       42       41       48       59       67       70       66       75
       88      113      114      135      113      119      169      173      190      161      185      234      189      167      153      149      106      112      103       82
       70       67       67       56       53       52       54       40       40       36       37       16       33       28       19       15       15       29       13        8
       19       17       12       17       18        9        9       13       17        2        9        6        8       11        9        4        3       11        9        4
        3        5        2        1        2        9        8        8        6        7       11        8        5       15        8       17       13       12       13       14
       18       13       16       18       20       18       33       35       23       20       32       34       41       26       34       52       63       57       83       58
       88       97      122      135      142      156      174      209      243      226      230      239      207      197      184      171      138       96      121      105
       88       78       70       59       50       39       45       56       33       44       30       45       35       27       26       27       20       23        9       21
       10       14       13        4        9        7       11       11        5        9        9        7        9        6       10        6        3        2        1        4
        6        5        8        6        6       12       12        3       14       11        6        8        8        6        9        5        8        9       11       16
       15       17       14       20       18       22       20       23       27       19       37       39       51       48       46       47       49       69       68       96
      110      109      103      130      163      188      210      219      298      303      358      284      266      285      199      190      165      130      113      102
       80       75       66       52       40       45       46       48       30       40       27       26       43       30       23       22       10       14       22       21
       11       11       17       13       10        5        8       15        8        7        5        7        8        4        6        4        6        7        5        3
        8        9        9        7        5        4        8        7        5        8       12        5       11       11       13       14       13        7       12       11
       22       15       24       17       13        8       17       25       31       32       37       35       52       51       45       71       67       80       62       78
      105      121      142      153      179      190      220      281      333      421      375      364      348      286      229      183      149      143      121      103
      102       96       68       49       59       58       38       43       39       24       38       39       27       29       32       24       22       19       19       11
       18       17       18       18        8        8       10       11        9        6        3        8        3        6        9        6        6        8        4        2
       10        6        5        5        9        7        5        6        2       11        8        9        5        7        4       10       14       11       12       16
       15       16       24       24       14       19       20       28       26       33       25       35       31       49       44       52       60       66       72       92
       98      104      138      155      174      202      269      298      420      510      472      482      459      318      293      200      176      152      134      110
       72       83       75       58       59       49       47       39       32       37       33       36       25       23       19       21       29       13       17       12
       14       17       14       13        7       10        7        3        5        5        4        7        8        9        7       12        5        6        3        3
        5        6        7        5        3        3        7        8       20        9       12        7       11       10        2       10       18       17       12       13
       16       24       17       11       20       25       23       29       30       29       28       40       35       44       52       44       74       55       94       97
       98      132      160      163      196      214      305      338      488      756      888      569      440      344      265      204      181      148      133      145
      104       93       68       75       62       59       47       37       45       43       44       44       34       28       24       14       15       23       19       11
       16       13       12        8       15       14       11       15       12        6        4        4       10        8       10        4       11        8        7        6
        4        3        5        5        8        6        6        5        8        6       10       11        8        5       13       11       13       19       16       19
       14       10        8       28       27       17       23       24       25       36       32       36       34       38       53       51       61       60       71       91
      105      115      154      181      202      225      297      360      521     1083     1316      678      426      321      283      230      196      160      113      106
       99       88       87       74       61       71       61       48       33       24       31       26       26       26       28       11       21       15       18        8
        8        9       14       19       13        7        9        4        2        4       12        6       12        3        4        4        7        2        7        7
        1        6       11        6        8       10        5        7        2        7       16        6        9       17        9        9       12        9       13       12
       21       15       16       23       19       22       28       30       31       37       29       33       43       57       45       52       61       58       75      100
      118      115      156      186      196      256      300      360      495      671      782      543      401      343      302      228      184      139      128      116
       96       92       74       58       57       56       48       53       45       24       36       35       29       37       29       27       18        7       21       14
       19       14       15       13        9       13       16       10       11       10        8        7        6       13        7       10        8        3        9        4
        6        1        5       10        7        8        9        3        7        6        9       13       12       16       10        9       10       12       16       17
       14       18       13       18       21       23       27       30       19       30       33       32       35       34       47       63       65       80       98       89
      106      124      133      169      197      194      247      315      420      530      505      450      362      320      233      216      172      153      132      103
       90       85       75       61       53       45       46       35       47       32       35       29       32       29       14       24       17       20       15       16
       13       10       13       15       18       17        6       10       13        8       10       11       11        4        5        3        0        8       11        5
        2        3        5        7        5        4        6        4        6        5        3       10        6       13        7        9       12       20       15       15
       18       22       16       16       28       18       24       29       27       29       38       31       44       43       39       52       68       55       69       88
       87      106      128      164      182      184      246      274      341      376      385      357      327      285      237      211      146      149      123      126
      101      109       78       55       59       46       40       45       33       33       37       36       35       32       25       15       23       25       22       17
        8       12       19       15        9       13       13        8       11        9        4       10       10        8        5        5        6        6        3        4
        3        1        3        6        3        3        6        5        4        6       12        9        8        9        9       13       11        7       11       12
       16       19       23       23       15       14       29       38       21       30       35       36       40       46       54       60       52       48       78       83
       78      107      130      139      168      183      215      254      276      290      312      271      242      232      207      184      138      144      111      117
      117       88       73       50       46       43       33       53       34       40       41       29       32       30       21       20       14       15       27       11
       15       14       19       15       20        6       13        7        6        6        5       10        9        4        5        8        7        8        2        4
        5        3        7        3        7        5        8        8        8       10        7        7       10       10       12       15        6       12       14        9
       15       12       21       15       19       29       22       26       23       48       26       40       37       42       43       59       47       62       65       84
      113      101      111      109      150      178      188      205      195      208      222      225      216      186      184      146      131      144      114      103
      101       65       81       47       46       44       37       45       35       40       30       18       26       32       23       15       24       16       17       22
       19       16       11       14       13       12       10        5        4       11       10        7        5        8        8       12        7        2        8        6
        8        3        0        2       11        2        3        4        5        7        4        6       11       10       15       11        7       14       13       10
       18       15        9       20       24       20       28       28       25       32       32       49       42       39       34       33       61       59       70       80
       83       83      110      117      123      140      165      176      171      166      207      156      203      175      166      129      125      105      104      101
       83       72       67       69       33       43       45       44       31       32       31       24       36       28       19       15       20       16       12       14
       14       15        9       14       13       12       11        7       13        5        6       15       12        6       11        2        4        8        5        4
        4        4        6        5       12       11        7        7        7        7       10       10       14       10        8       10       10       11        8       15
       13       14        9       20       22       17       20       26       39       26       23       35       36       51       39       49       50       61       57       84
       76       85       96       98       97      116      128      171      162      139      144      134      155      151      142      166       88       94      109       68
       49       78       53       63       54       43       40       40       37       40       29       31       25       22       17       22       18       19       15       18
       14       11        9       16       10       13       12        6        6        3        4        7        8       10        4        6        2        5        4        5
        4        6        6        5        7        9        6        8        4        9        3       15        8        9       14        9       11       13       15       13
       16       13       26       19       15       18       28       24       41       34       41       26       40       33       41       36       48       51       51       70
       61       69       88       89      102      111      154      131      125      150      134      105      117      147       97       97      118       97       77       70
       68       67       55       57       48       43       38       49       45       42       28       35       21       17       17       22       15       21       17       20
       13       13        7       15        6        9        6       13        7        5        6        6        1        4        7        8        8        5        7        3
        8        6        2        4        6       10       10       15        6       10        7        6       10       11        6       15        8        9        9        5
        7       13       14       16       15       21       27       28       43       30       22       30       39       33       31       42       52       44       45       59
       78       91       83       97      106      124      114      104      108      129      129      122      113      117      115       95       79       88       93       70
       61       62       49       57       38       31       30       31       38       37       32       22       22       25       20       22       34       23       12        7
        9        7       14        9        5       15       12       10       12       13       10        4       10       12        8        9        4        2        5        6
       10        5        5        6        2        7        7        6        6        4       12        9        6        9        7        7       17        9       12       13
       17       18       19        8       14       18       19       19       29       21       38       27       28       30       37       36       45       59       46       45
       73       61       83       91       89       99      101      108      113      110      112      107       82      102       87       94       76       74       76       58
       77       63       44       44       54       42       39       30       26       32       20       25       25       14       10       17       19       24       16       10
       19       17       11       15        8       14       10       11       12        7       10        8        8        9        4        3        3       10        3        3
        2        5        4        2        8        6        6        8        8        7        8       14        4       12       14       18       18        9       17       14
       25       19       14       13       18       22       22       24       19       32       26       32       40       45       38       41       40       60       48       58
       59       76       64       66       76       92       83       79       92      108       91      108      102       91       89      108       71       84       62       67
       65       58       36       43       33       24       36       30       23       49       23       27       21       16       21       21       20       32       18        9
       10        9       11        9       18       14       14       10       11        9        1        9        3        6        8        4        6        6       11        3
        4        4        3        5        4        8       18        4        8        8        8        7       11        8       10        9        9       12       11       13
       16       15       18       11       15       23       27       18       25       21       17       22       25       38       40       31       36       54       39       44
       58       56       64       81       76       67       71       55       83       76       93       79       95       83       73       76       79       64       63       80
       70       41       54       37       54       42       41       30       25       26       28       31       29       10       17       17       16       15       16       13
        7       15       11       11       14       13        5        8       10       12        9        6        4        8        5        3        3        8        5        6
        1       10        3        5        5       10        6        7        8       10       12        6       13        9       11        7        9        7       18       16
       14       17       10       14       13       23       21       26       35       21       16       37       29       43       26       37       39       48       39       43
       47       60       63       66       73       69       58       65       73       79       83       51       84       77       65       74       75       59       47       58
       47       54       54       36       35       30       25       39       23       23       28       18       16       23       11       17       13        7       12       17
        8       13        9       15        9        8       11        7        9        6       10        4        6        9        8        7        3        9        2        7
        3        4        3        2        7        7        8        4        3        3        8        6       13       11        9       15       11        7       14       14
       15       15       15       15       11       16       26       20       22       18       16       34       29       28       36       31       38       33       46       34
       50       60       55       70       66       72       66       61       68       70       52       77       59       57       60       55       58       54       56       49
       43       48       46       39       35       23       39       25       25       26       16       32       24       18       15       20       17       14       11       11
       11       15       13       13        8       10        6        4        6        7       13        7        5        5        7        2        6        1        5        4
        4        4        7        1        7        6        2        6        7        4        4        6        4        6       10       13       10        9        6        8
       17       13       17       10       15       28       17       31       22       18       26       25       23       26       30       34       32       34       32       34
       38       44       58       62       52       47       61       62       62       55       71       53       61       67       53       66       70       53       46       50
       35       44       40       36       43       52       29       27       18       22       25       23       21       12       15        7       28       21       16       12
       16        7       15       11        6       14        6        3        6        7       11       12       12        4        4       12        6        4        5        6
        4        3        7        4       11        5        7        2        9        3        8       11        6       10       12        9       12        6        8        7
        5       11       12       20       17       19       16       27       19       27       29       21       23       23       23       19       25       41       37       32
       30       40       52       47       39       44       55       51       51       57       57       43       44       44       57       63       35       43       47       50
       37       47       36       38       37       38       30       21       31       16       19       19       14       14       18       12       21       17       18        8
        7       12        9       10       10        4        7       10       15        6        3        6       11        8        4        2        3        6        9        4
        9        6        6        6        3        6        7        7        5        6       10        6        7        6        8        6        9        8       10       11
       10       17       12        9       12        8       16       15       17       23       16       20       23       28       43       25       23       44       29       43
       39       37       40       48       39       44       56       42       48       57       51       52       52       56       39       38       33       45       44       40
       23       43       33       33       32       32       24       28       25       20       26       19       18       13       13       10       11       17       15       10
        8        6        9        8        6       15        9        7        7        6        8        9        7        8        6        6        2        5        9        4
        6        5        7        4        2        5        8        5        6        4        3       12        5        8        8        7        9        8        9        7
       11       13       13       17       22       14       11       21       15       15       17       20       24       13       23       25       23       22       32       32
       35       36       38       32       47       47       35       49       60       41       46       57       51       47       35       43       52       45       45       40
       31       39       36       24       21       22       23       25       25       15       13       15       13       20       17       10        8       10       12       10
       13       13       12       14        8        8       10       15       11        5        6        6        4        5        7        6        7        8        6        3
        5        6        6        5        4        5        7        5        3        8        8        7        8       10        6        3       10       13       11       21
       10        6       16       13       21       16       14       16       14       16       19       25       27       26       17       21       20       32       34       35
       26       31       44       25       41       33       38       46       46       36       44       38       47       46       42       36       26       23       28       34
       26       28       35       25       28       24       31       17       27       29       15       21       14        9       20       17        8       10       10       12
        6       10        8       13       14       13       11        5        6        7        7        4        3        6        4        3        5        6        1        5
        5        7        6        8        3        4        8        8       10        2       11        6        4        8        7        9       12        8       11       10
       13        9        9       19       22       13       16       11       15       18       13       16       23       20       26       18       27       20       31       16
       38       41       31       26       37       27       23       40       41       43       29       45       42       30       29       31       26       19       31       34
       39       20       28       26       23       30       23       21       13       18       31       18       16       18       16       10       13        8       10       13
       12        8        7        7        7        9        8        7        9       10       11        4        5        8        5        1        6        1        7        3
        3        5       10        3        3        4        7        3        7        3        6       16        6        5        6        7        4        8        6       12
       14       10       15       13       11       12       16       16       16       18       17       18       27       18       19       21       22       22       36       24
       26       25       20       35       30       29       43       23       29       37       44       28       34       36       35       30       24       30       39       19
       24       27       30       30       25       20       14       19       24       19       10       18       17       14       10       17       19       14       13       12
       12       10        7       12       13        7        6       13       10        5        9        4       10        7        3        7        8        2        4        4
        7        9        5        1        2        8        7        3        7        0        8        7        5       10        9        7        9        8        7        9
        9        9       11       10       15       20       15       14       15       15       16       18       14       21       16       19       19       17       12       20
       28       25       29       32       32       33       38       26       28       32       26       34       21       37       30       30       35       30       34       22
       19       29       26       21       23       19       25       19       20        9       18       19       15       16       12       21       13       14        9       12
        6        6       12       15        9        9        5       11        9        9        3        6        5        5        4        7        7        4       11        1
        3        4        3        4        3        5        4        4        8        6        4       13       14        8       11       10        8       11        8        8
       17       12       13        6       12        8       16       12       19       13       24       19       23       16       19       14       12       25       22       30
       21       27       19       10       31       26       27       25       27       19       21       28       29       29       29       29       32       23       34       30
       24       24       27       18       17       16       18       15       21       18       15       23       13        7       13       13       14       13       18        3
        5       10       10        6        8       11        9        4        2        7        5        4        6        3        5        5        3        3        6        2
        7        2        4        1        1        6        3        6        4        3        3        7        3        6       15        8        9        8        7        8
       16       13        9       12       18        7       17       12       10       17       20       15       12       18       15       19       24       19       27       23
       25       28       24       21       23       17       23       20       19       34       28       24       20       18       30       25       29       32       14       32
       17       25       23       20       13       22       14        6       17       19       14        9       13       11       14       14        3       13       11       12
        9        3        6        7        3        6        9       10        7       14       10        7        8        5        3        8        2        4        9        1
        2        0        1        4        4        6        4        3        4        6        7        7        7       11        5        6        3        8       13       12
       13       17       10       13        5       18       15        7        9       11       17       10       12       13       24       19       22       19       32       19
       17       22       23       22       13       15       21       23       24       26       26       21       19       20       16       19       16       26       19       16
       18       16       20       17       20       19       14       15       14       21       16       13        8        9       10        8       11        7        8        9
       11        9        8       12        7        6        4        2        2        4        4        4        4        8        7        3        1        2        6        1
        3        2        2        4        4        6        2        7        4        2       10        7       16       11        5        7       10        9        9       11
       11       13       13       10       11       10       10       15       15       13       18       17       13       16       21       24       17       21       18       20
       24       20       15       24       18       26       19       24       21       19       22       13       20       23       26       24       17       21       14       14
       26       24       20       22       18       12       14       16       10       16       12       14       14        7        7        9       12        7       13        4
        4        5        2       14        6        5        7        4        6        5        3        3       11        6        7        4        5        1        3        5
        3        7        1        4        1        6        2        5        1       10        2        4        9        5        7        6        8       10        9        9
       11       13        7       13       11       14        6        9       13       13       13        5       11       13       18       24       22       19       23       14
       27       21       18       13       22       17       16       22       19       26       23       17       18       18       23       20       26       15       16       23
       10       22       15        9       20       17       16       24       14       11       12        8       11       11       15        7        9        5        9        9
        6        6        9        9        9        9        5        4        6        5        1        2        5        3        5        8        5        1        5        5
        2        2        5        3        3       10        4        4        3        4        7        6        9        7        5        5       16        8        7        7
        9        7        7        6        9        6       13        9       12        8       12       14       17       22       18       23       15       18       21       10
       17       18       19       22       20       14       16       23       19       19       13       24       19       18       19       18       24       21        9       13
       24       16       20       15       14       13       10        8       16       10        9        6       12        8        7       17       10       14        5       13
        8       10        6        3       10        5        8        5       10        5        4        3        3        5        7        4        5        5        3        3
        1        1        5        2       10        4        4        1        6        8        6       10        5        4        6        4        8        5       10        9
       12       12       10        7       13       10        3       15       15       10       16        9       12       13       17       12        9       12       14        9
       17       27       18       20       19       27       16       17       16       13       15       19       13       20       20       19       19       21       12       14
       21       17       20       13       18       13       14       12       14       14       12        7       16       10       13        9        5       11        9        7
       10       10        9        2        6        2        7        7        4        5        6        4        4        4        5        9        5        6        5        1
        6        1        1        1        4        4        7        2        1        6       10        9        4        3        8        5        9        7        6       14
        5       14        8        7       12        6       10       14       18       11       11        8       14       15        9       13        7       13       11       15
       15       13       20       13       19       14       19       13       17       23       25       20       19       22       19       20       12       13       10       14
       22       24       14       11        9       18       17       15       16        9       10        5       11        8       10        6       16       10        7        2
        7       11        7        6        2        3        7        6        2        6        2        6        1        4        5        3        4        6        4        4
        3        0        7        5        6        4        3        3        2        5        7        4        6       10       13        8       14        5        5        5
        5        6        6        3       14        7        7       10       11       10       11       10       12       10       17       11       18       11       13       22
       10       16       17       19       14       13       24       12       21       19       20       16       15       17       13       20       13       20        7       19
       19       12       14        8       10       12       12       12        8       12       10        4        6       17        7        8       10        3        4        7
       10        7        7       13        4       10        7        7        4        4        5        5        4        3        4        2        6        3        3        3
        3        6        6        4        2        4        2        6        8        4        4        5        8        7        5        9        5       10        4       10
        6        9       10        7       12        7        8        9       10        9        4       10       11       17        8       14       13       10       13       13
        9       13       18       20       12       11       17       11       21       12       11       18       21       17        9       15       20       16       12        8
       15       12       18       14       12       10       11       18       16       11       19       17       11       13        8        5        5        6       11        7
        3        6        9        2       10        3        7        4        7        5        5        8        6        4        8        7        2        6        7        3
        5        3        3        2        2        3        4        1        1        2        6        4        6        4       10       10        8       10        2        8
        9        4        8        5       15        5       12        7        9       13        6       14       13       10        9        8       14       11       15       13
       15       19       13       11       19       14        7       13       20       15       13        8       12       17       16       13        6        8       14       16
       17       11       14       13       13       12       14       14        7       11        9        8        7       10        3        7        6        5        8        8
        8        4        4        7       10        6        4        4        6        3        3        6        6        2        4        4        9        6        3        5
        3        1        4        5        2        5        1        4        5        4        2        1        7        2        3       10        5        6        5       12
        7        4        5        5        6       11       11        6        5       15        6        8       14        5        3       12        9       16       12       17
       12       18       17       12       13       14       11       14       15       11       13       15       12       11       22        7       11       17       11        9
        8       15        6       12        9       14       11        9       12       13       12        7        4        8        7        6        6        5       11       10
        3        5        9        6        7        8        4        3        2        3        5        5        8        2        2        2        3        3        8        5
        5        8        2        3        3        1        1        6        3        1        5        3        8        6        7        7        4        5        5       12
        5        5        8        8        8       10       10        9        4        9       20        4        7        7       11       15        5        9       17        3
       12        8        9        8       14       15       12       10       12       15        9       20       17       12        8       17        6       10        7        4
       16        2       10       12       10        9       10       18       14       11       12        6        3        3        9        7        4       12        3        6
        9        6       10        5        7        1        9        4        8        7        3        4        8        2        3        2        4        4        5        2
        1        1        3        2        3        5        6        4        5        1        6        8        1        6        7        6        5        8        7        8
        9        4        8        7       12        4        7        8       10        5        4        5        3        9        8        6        8        7       10        7
       16        8       17       15       18       12       13       10       19        6       13       14       11       13       12       18        9       12       11       16
        7        7        5        6        8       12        5       10       10       10        9        3       10        7       11        8        4        7        5        2
        5        6        9        5        4        3        5        5        6       14        4        3        6        2        2        3        4        1        1        5
        4        4        4        0        3        7        1        7        4        8        6        1        1        2        5        9        4        6        5        5
        7        4       10        7        7        9        9        8        9        9       12        2        9       18        3       10        7        9       13        4
       12       10        6       10        7        4       11       14       12       13        8       11       10       14        7       11        9        9        6        8
        9        6        7        5        7       10       12        5       15        8       10       12       10        9       10        7        8        8        5        6
        8        6       11        2        6        4        5        2        8        1        3        3        3        3        5        2        4        3        4        1
        2        0        3        4        3        2        8        6        7        2        7        5        4        6        5        8        6        2        6        8
        5        4        7        7        7        8       10        5        9        3        8       10       10        5        6        7       11       13        9        7
        8        9        6       13       11       11        9       16       11       10        6        9       12        9       10       12       10       11        6        7
        8        6        8        9        3       11        8        7        9        6        3       10        1        3        5        4        8        2        9        3
        3        3        6        5        8        7        7        7        4        7        1        4        1        0        5        1        4        5        5        2
        0        2        0        4        4        2        5        3        4        3        1        5       11        6        2        8        5        3        3        4
        4        6        6       13        4        4       12        6        7        7        5        9       13        5        8       10       11        8        9       10
        7        5        4       13       17        7       10       10       16       13        5       12        6        8       10        7        8        6       13        4
       10       11        9        7        8       12        8        2        9        2        5        5        5        6        5        5        5        5       10        2
        4        2        4        6        4        4        5        7        3        4        9        3        5        3        7        3        4        0        2        1
        2        2        6        5        4        4        6        6        1        3        8        8        7        6        5        7        3        7        4        2
        2        7        7       10        7       11        4        4        7        7        4        6        7       15        4        8        9        9       10       12
        6        5       10       13        4        8       14       11       10       17        7        7        9        9       12        6       10        6       10        4
       10        8        5        6        6        3        6        5       10        6        8        7        7        3        8        8        2        4        4        7
       11        3        1        2        6        2        1        3        3        5        3        5        2        4        3        2        4        3        2        4
        4        2        7        0        4        3        1        3        4        4        2        6        3        6        6        4        4        6        9        4
        3        5        5        9       13        5        3        4        7        7        5       10       10       11        6        9       13        7        9       13
        9        7       11        7       12       13       10        7        6        9       11        8        6       11        3        5       12       15        4        6
        8        8        8        4        9        6        5       13        6        4        6       10        3       15        7        5        7        3        7        6
        8        5        5        4        3        3        2        2        5        8        7        8        2        0        2        2        3        1        1        2
        1        1        1        1        4        3        3        6        5        4        2        7        3        1        6        4        2        7        7        6
        2       10        8        1        7        6        5        7        5        6        4       10        9        6        8        8        7        9       11        6
        9        5        3       19        9        6        6       10        8        2        5       10        5        9       10        6       12        4        9        6
        7       10       10        8        4        2        4        5        9       10        5        6        6        7        3        6        5        5        5        4
        2        7        3        7        6        6        2        4        5       11        9        8        3        1        2        0        6        3        4        2
        0        3        3        2        4        2        5        5        5        3        1        6        2        1        4        1        4        4        7        4
        2        0        6        2        7        4        4        7        9        8        6        7        5        7        9        7        8        8        8       10
        5        6        9        9       11       10       10        7       10        7        7        4        6       11        9       12       10        8        8        6
        4        6        3       11        3        5        6        3        4        4        6        8        6        3        7        7        6        7        5        6
        2        1        4        6        4        6        2        3        2        5        1        5        3        3        4        4        0        0        5        2
        2        4        4        1        4        2        4        0        2        5        2        1        4        6        5        4        0        0        4        4
        5        2        3        6        5        6       10        1        9        4        7        4        6        7        8        7        1        5        7        9
        8        9       10        8        5        6        6       10       13        9        7        6        9        3        5        6        8        8        7        8
       10        7        8        8        5        8       10        6        4        5        6        4        3        2        7        6        2        4        4        2
        4        2        8        3        2        3        5        1        4        2        2        3        1        4        1        2        2        0        2        0
        2        4        1        3        3        2        3        3        3        3        3        0        1        6        2        8        4        2        4        3
        4        4        7        7        4        8        6        3        6        5        5        4        5        3        7        8        3        4        7        6
        7        7        5        5        8        8        6       11        6        6        3       15        2        7        8        8        9        5        7        5
        6        1        7        8        6        7        3        2        5        6        5        4        4        6        6        3        5        4        5        5
        4        3        5        3        9        5        2        2        4        5        3        3        3        2        2        1        3        1        0        1
        3        2        4        3        2        4        2        2        5        4        2        5        2        7        5        4        6        5        5        7
        3        5        5        2        6        7        8        8        4        5        1        2        4        5        3        3        7        4        6        8
        6        3        6        5        8       11        4        5        6        8        7       10        8        6        8        6        6        7        7        4
        3        4        8       10        5        7        2        5        7        5        3        2        6        6        5        4        4        8        8        5
        8        1        1        3        4        6        5        4        6        5        2        4        2        1        5        2        2        1        0        1
        3        5        4        2        1        6        3        3        6        3        2        2        2        4        1        2        6        3        5        4
        4        3        5        6        6        4        6        3        4        5        1        6        5        6        3        2        3        6        5        8
        3        3        4        5        5        4        8       14       10        3        5        8        3        8        6        2        8        8       12        4
        6        5        7        4        7        8        8        4        4        2        7        7        3        3        2        1        3        4        5        6
        6        2        6        3        3        5        2        3        3        4        4        2        6        4        2        3        1        0        1        2
        5        6        1        2        2        4        3        0        1        1        3        1        4        1        3        2        2        4        3        3
        5        6        5        1        3        5        3        6        5        3        6        4        6       11        4        6        2        5        4        6
        8        4        7        5       12        5        8        6        6        4        4        3        7        7        9        5        5        3        5        5
        6        9        8        2        3        2        2        6        3        6        3        4        7        7        8        7        2        3        4        4
        4        2        1        2        4        3        5        5        3        3        4        5        4        3        2        3        0        3        3        7
        4        3        2        2        4        2        2        4        1        3        3        0        4        2        3        1        2        3        2        2
        6        3        5        4        1        6        4        6        4       10        5        0        3        6        5        1        4        9        5        6
        2        2        5        4       10        7        2        7        9        4        8        6        7        5        6        7        5       10        6        7
        7        4        5        4        8        2        4        5        6        8        6        4        3        2        5        7        2        4        7        2
        4        6        3        4        2        4        6        5        4        6        3        1        1        4        3        1        4        3        5        1
        3        2        2        4        2        1        3        2        2        4        2        6        1        4        3        2        9        5        5        2
        2        5        4        6        3        3        5        2        5        1        3        1        5        5        2        4        6        5        4        8
        6        3        5        8        6       12        5        5        7        5       11        7        7        7        3        2        4        6        4       10
        5        3        4        8        8        4        5        5       10        3        5        3        4        2        5        3        2        1        4        6
        2        3        3        8        6        3        2        5        4        2        6        5        6        6        4        3        0        3        3        3
