         100          10
    1 10 57 34 -13.0  33.0
        7       15        8       16        7
       16       15       24       17       11
       34       45       33       17        9
       55      162      120       51       16
       55      172      121       58       14
    2  6 56 57 -11.0 -13.0
       41       62       80       44       22
       76      303      217       58       34
       52      187      135       45       19
       24       42       40       31       17
       17       27       18       30       10
    3  3 61 33 -21.0  35.0
       17       17       11       11        4
       15       26       22       10       10
       34       46       54       18       12
       89      186      100       17       17
      110      475       98       38       21
    4  5 64 35 -27.0  31.0
       18       15       13       10        8
       33       26       22       20        5
       68       65       38       23       21
      158      243       58       39        7
      159      255       75       36       15
    5  4 63 52 -25.0  -3.0
       40       44       29       19        4
      116      137       65       29        7
      173      493       70       28       10
       66      104       62       20       14
       40       29       25       14        8
    6  1 50 66   1.0 -31.0
       19       96      303      102       40
       32       80      166      101       32
       27       32       57       50       16
       13       20       19       14       16
        5        7        6       16       10
    7  2 50 46   1.0   9.0
       23       33       33       19       18
       30       54       84       57       34
       51       96      407      114       31
       32       89      274       96       40
       26       50       76       47       27
    8 10 59 55 -17.0  -9.0
       36       53       42       18        9
       70      252       99       43       16
       58      187       99       42        9
       23       60       62       30       18
       18       16       22       22       10
    9  1 44 41  13.0  19.0
       12        6       19       11       14
       12       27       26       35       34
        9       35       80      109       52
       23       57      186      343       58
       13       45       66       91       43
   10  9 45 48  11.0   5.0
       14       23       40       32       21
       28       42       89       92       50
       31       74      264      338       65
       26       51      127      140       58
       13       33       50       53       45
   11  7 32 62  37.0 -23.0
        5       25       46       95      162
       12       21       48      150      518
        8       21       41       88      109
        5       15       18       24       34
        5        8       13       27       18
   12  6 70 49 -39.0   3.0
       28       26       16        9        8
       99       67       27       17       15
     1094      130       40       21        9
      164       79       42       20        9
       44       29       20        3        7
   13  2 32 31  37.0  39.0
        6        3        8        9        9
        7        7       19       12       18
        5       10       19       45       34
       13       13       56       90      148
       12       14       42      164      848
   14  1 41 64  19.0 -27.0
        9       32       88      185       70
       16       35       78      312      117
       15       16       50       52       43
       16       20       25       28       17
        7        6       12       13        8
   15  3 65 68 -29.0 -35.0
      202      314       72       21       10
      114      140       52       24       15
       38       40       29       12       11
       25       12       26       14       10
        9       10        2       12        1
   16  5 33 51  35.0  -1.0
       16       12       27       32       41
        9       19       56      101      147
        7       20       44      161      513
        9       15       27      103      124
        3       14       26       42       40
   17  3 59 57 -17.0 -13.0
       63       75       76       35       10
       97      361      147       46       18
       78      205      103       48       19
       32       47       51       20       12
       14       31       18       14       11
   18  8 49 34   3.0  33.0
       10       20       12       21       13
       13       20       24       18       11
       25       38       55       51       34
       24       75      234      106       54
       30       92      336      135       43
   19  3 32 50  37.0   1.0
        7        9       19       44       37
        5       10       41       74      107
        9       19       49      135      705
        7       17       40       92      111
        8       15       19       31       32
   20  8 69 52 -37.0  -3.0
       37       39       16       16        4
      160       94       38       11       15
      570      131       44       12       10
       93       76       32       15        4
       49       34       24       11        3
   21  7 34 53  33.0  -5.0
        9       18       34       46       58
        9       27       41      110      148
       13       24       62      197      293
        8       18       40       62       69
        6       15       19       33       25
   22 10 58 36 -15.0  29.0
       18       12        9       10       12
       21       21       25       15        8
       38       63       50       19       17
       85      263      135       45        8
       49      133       91       41       20
   23  5 37 33  27.0  35.0
        8       14        9       13       14
        9       17       26       29       18
        7       21       34       51       63
       14       38       64      181      136
       21       28       92      300      183
   24  3 64 45 -27.0  11.0
       26       24       26       19       12
       54       75       46       20       10
      148      201       70       24       10
      137      214       79       24        8
       57       82       38       14       17
   25  7 64 62 -27.0 -23.0
       97      143       54       27       10
      182      361       87       31       20
       85       75       49       28       18
       31       26       30       17       12
       14       18       18        8        5
   26  9 61 41 -21.0  19.0
       31       25       24       17        6
       53       54       34       22       17
      101      169       81       32       11
      156     1286      118       46       17
       77      133       75       31       22
   27  7 52 56  -3.0 -11.0
       26       60       71       51       29
       47      129      341       85       28
       56      131      230       79       25
       35       49       73       36       22
       17       18       28       23       14
   28  6 39 40  23.0  21.0
        4        8       10       16       16
       18       16       27       39       36
       13       27       52      112       90
       18       30      114      910      153
       11       27       80      128      112
   29  2 67 51 -33.0  -1.0
       41       37       37       11        8
      117      107       39       19        8
      432      228       60       29        9
      113      114       51       17        8
       40       34       24       20       13
   30  4 32 62  37.0 -23.0
        8       14       34      110      180
        7       11       46      122      598
        4       14       28       74       87
        7       10       17       36       31
        8        3        7       13       13
   31  2 41 43  19.0  15.0
        9       16       18       20       16
       11       24       48       61       32
       24       32      105      244       94
       21       40      115      566      124
       10       28       66       86       64
   32  5 31 31  39.0  39.0
        2        7        5        6       11
        6       11       11       12       16
        6       14       25       45       63
       15       20       31       76      166
        9       18       40      123     1010
   33  9 38 66  25.0 -31.0
       20       39      105      354      172
       10       40       78      272      164
       13       27       40       62       73
        8       12       25       22       33
        5        8        9       11       12
   34  5 57 41 -13.0  19.0
       13       25       22       13       15
       33       49       46       31       10
       65      138      105       44       25
       77      442      231       63       26
       53       90       93       41       30
   35  7 31 50  39.0   1.0
       12       10       27       35       44
        9       13       26       90      130
        6       14       43      142     1178
        4       18       27       74      168
       11        7       27       37       41
   36 10 54 51  -7.0  -1.0
       23       34       40       24       15
       46       87      100       32       25
       48      158      265       73       32
       38       52       65       41       22
       22       32       29       22       11
   37  2 66 45 -31.0  11.0
       21       28       24       12        5
       61       81       50       22       11
      236      208       61       30        9
      211      238       62       27       10
       73       68       35       29       10
   38  2 42 32  17.0  37.0
        6        5       14        5        9
        6       23       28       22       19
       16       26       48       46       44
       25       47      107      182       90
       27       43      163      637      107
   39  1 33 63  35.0 -25.0
       14       13       34      103      166
        6       16       44      128      327
       13       10       29       63       84
       14       13       23       19       29
        6        8       13       13       12
   40  3 53 35  -5.0  31.0
        9       11        6        4        9
        8       29       25       22       13
       17       61       70       44       13
       59      130      220       78       25
       51      141      268       81       23
   41  7 66 65 -31.0 -29.0
      195      160       60       21       11
      191      191       58       26        9
       64       68       30       12       12
       28       30       25       15        9
       17       17       19       11        4
   42  9 62 58 -23.0 -15.0
       70      136       61       28        9
      163      679      120       36       18
       98      179       82       34       16
       47       56       52       20       18
       22       24       27       14       15
   43  1 39 33  23.0  35.0
        7        3       11       11       13
        7       13       14       18       24
       13       19       41       49       38
       12       22       70      154       86
       15       27       69      341      123
   44  5 42 51  17.0  -1.0
       16       27       33       39       39
        9       45       87      155       80
       21       36      136      696      104
       17       33       79      141       83
       14       23       28       35       25
   45  9 61 52 -21.0  -3.0
       46       63       43       17       11
      107      203       94       32       11
      126      780      121       51       16
       78      103       69       44       15
       35       47       43       18       11
   46  7 59 66 -17.0 -31.0
       87      361      132       33       19
       89      228      108       33       14
       51       46       50       22       10
       26       23       18       15       12
       14       16       13       11       10
   47  5 61 65 -21.0 -29.0
       94      318       91       48       28
      103      301      113       40       22
       63       74       61       22       12
       29       36       15       25       12
       15       13       12        5        8
   48  8 68 53 -35.0  -5.0
       49       58       34       13       12
      183      118       35       16       14
      394      149       55       10       10
       83       76       30       10       11
       23       34       17       15        7
   49  8 62 67 -23.0 -33.0
      134      396      107       39       17
      112      168       75       36       17
       39       59       39       25        7
       23       19       29       15        4
       13       14       16        9        9
   50  4 65 42 -29.0  17.0
       18       21       17       12        5
       39       58       35       23       13
      131      130       51       24       10
      224      303       77       29       13
       72      100       32       24        5
   51 10 39 67  23.0 -33.0
       13       21       76      325       97
       13       23       49      140       76
       13       11       24       46       33
        9       14       15       19       18
        2        9        3        6       15
   52  3 63 48 -25.0   5.0
       28       29       20       18       10
       82      104       51       14        9
      151      413       89       33        8
      107      147       58       34       10
       37       44       25       19       15
   53  6 36 35  29.0  31.0
        1        5       14       14       16
        6       13       19       31       23
       14       14       32       47       52
       15       31       58      191      180
        8       22       49      206      192
   54  7 45 59  11.0 -17.0
       21       57       81       97       44
       22       58      273      302       70
       17       46      120      127       53
       22       26       39       53       31
       12       13       18       29       12
   55  3 35 35  31.0  31.0
        3        7       19        7        6
       11       12       13       31       26
       12       18       32       67       61
       11       24       57      171      209
       10       17       54      177      192
   56  2 65 36 -29.0  29.0
       14       14       15       10        2
       29       30       18       18        8
       66       86       34       17       14
      224      261       67       30       15
      155      218       69       32       18
   57 10 58 36 -15.0  29.0
       18       12        9       10       12
       21       21       25       15        8
       38       63       50       19       17
       85      263      135       45        8
       49      133       91       41       20
   58 10 37 50  27.0   1.0
       13       17       19       34       31
       13       28       40      123       87
       14       24       58      300      169
        9       24       53       79       69
       11       12       26       34       37
   59  6 40 67  21.0 -33.0
       13       32      120      483      122
       15       40       96      181       79
        8       29       46       55       35
        9       10       20       29       20
        5        3       15       13       10
   60  3 54 54  -7.0  -7.0
       34       62       57       27       15
       41      130      167       60       26
       39      158      232       68       34
       41       50       84       41       11
       20       19       42       30        9
   61  7 50 42   1.0  17.0
       11       11       12       17        6
       24       41       57       33       32
       45       70      175       86       35
       43       99      623      113       40
       33       38      108       55       25
   62  8 59 37 -17.0  27.0
       12       15       15       18       10
       24       38       28       20       19
       52      102       74       27       12
       85      424      156       49       14
       66      189      121       40       27
   63  1 43 39  15.0  23.0
        5       10       12       20       22
       13       26       36       30       18
       14       40       74       86       44
       17       35      160      440       68
       14       39       83      113       49
   64  7 56 58 -11.0 -15.0
       51       72       67       42       19
       58      308      214       65       23
       71      153      117       43       26
       23       44       49       31       13
       16       19       29       11        8
   65  7 38 56  25.0 -11.0
       16       17       55       76       57
       15       40       74      289      152
       10       39       81      207      115
       14       29       50       55       59
        8       12       22       28       20
   66  2 48 33   5.0  35.0
        7       12       16       10       13
       17       36       25       18       15
       21       32       59       51       29
       32       67      176      132       52
       32       94      431      179       59
   67  1 37 61  27.0 -21.0
       10       22       51       90       86
       12       28       61      300      184
       18       22       40       83       71
        4       16       22       43       24
       14        7       18       24       13
   68  9 32 58  37.0 -15.0
       10       18       45       70      136
       10       16       48      163      679
        8       23       40       98      179
        3       20       27       47       56
        5        9       24       22       24
   69  3 38 32  25.0  37.0
        5       14       12        5       10
        7       19       17       22        9
       10       18       23       44       45
       11       21       78      176      107
       14       33       92      369      148
   70  9 47 45   7.0  11.0
        9       28       35       22       16
       30       39       75       70       35
       34       85      274      187       48
       31       88      252      202       72
       36       53       67       79       42
   71  2 44 64  13.0 -27.0
       25       56      165      212       60
       18       46      191      291       74
       15       31       62       91       40
        9       18       35       25       24
        9        6       12       11        8
   72 10 32 70  37.0 -39.0
        7       23       32      127      573
        5       14       25       67      110
        6       13       22       21       41
        6        5       23       20       21
        4        7        8        8        8
   73  6 54 63  -7.0 -25.0
       53      150      176       56       26
       50      190      366       78       19
       42       64       75       50       14
       19       21       28       22       11
       13       18       13       14        8
   74  4 52 32  -3.0  37.0
        7       10       11       10        9
       15        8       23       24       16
       24       51       55       43       10
       34      110      180       99       46
       46      122      598      100       24
   75 10 64 45 -27.0  11.0
       21       20       13        7        3
       58       57       37       24        7
      115      173       53       22        3
      136      164       50       24       10
       43       53       34       20       10
   76  8 69 65 -37.0 -29.0
      257      110       27       16        7
      280      124       37       15        8
       76       45       31       15       12
       31       24       11       13        4
       16       11       10       12        5
   77 10 51 41  -1.0  19.0
        8       17       17       28       10
       19       28       34       31       22
       27       71      122       65       29
       22       88      678       87       34
       35       52       84       48       23
   78  5 69 66 -37.0 -31.0
      349      130       34       22       12
      238      138       43       14       10
       62       49       27       18        8
       37       22        8        3        8
        6        9       16       10        2
   79  5 43 46  15.0   9.0
       12       26       37       28       26
        3       28       60       65       40
       28       44      157      300       70
       18       57      123      253      103
       14       27       63       62       35
   80  4 60 53 -19.0  -5.0
       40       53       46       25       21
       92      195       96       37       10
      123      522      123       35       12
       61       88       51       31       12
       28       39       27       15       14
   81  9 67 49 -33.0   3.0
       47       42       28       23       15
      118      112       42       22       15
      457      231       66       21       10
      156      116       53       31       18
       52       59       29       20        4
   82  3 69 47 -37.0   7.0
       22       18       22       10        6
       75       76       35       10       10
      361      147       46       18        3
      205      103       48       19        7
       47       51       20       12       13
   83  2 38 31  25.0  39.0
        5        5        7       14       12
       11       10       13       16       19
       11       19       31       53       43
       14       28       61      133      105
       18       37       99      583      202
   84  6 46 36   9.0  29.0
        7        6       13       21       11
       13       24       26       27       19
       31       38       83       58       32
       29       72      231      208       54
       21       59      168      175       47
   85  7 32 56  37.0 -11.0
        7       20       26       60       71
       12       15       47      129      341
       12       16       56      131      230
       10       14       35       49       73
       16        8       17       18       28
   86  2 40 66  21.0 -31.0
       18       51       96      407      114
       11       32       89      274       96
       21       26       50       76       47
       13       16       18       37       31
       11        9        7       13        8
   87  4 35 51  31.0  -1.0
       10       15       29       40       46
       20       14       36      113      118
       15       33       54      252      325
        7       13       38      104      100
        5       14       19       35       36
   88  9 63 39 -25.0  23.0
       14       23       28       13        5
       29       35       40       24       10
       80      133       62       35       10
      200      637       87       30       15
      106      171       61       38       20
   89  8 53 62  -5.0 -23.0
       38      125      176       75       32
       43      182      417       81       32
       27       77      105       63       22
       24       42       32       24       20
        9       19       13       11       16
   90  2 52 36  -3.0  29.0
       11        7       16        9        6
       17       25       41       17       15
       35       67       91       52       26
       43      165      397      109       38
       44      130      259       93       44
   91 10 34 46  33.0   9.0
        7       11       21       26       20
        4       12       30       48       55
       11       30       41      164      210
       13       21       28       80      153
       11       12       19       44       36
   92  3 31 39  39.0  23.0
        6        8        8       12       19
        9       12       25       18       40
        7       11       44       69       95
        9       20       36      111      926
        8       15       32       73      153
   93 10 59 52 -17.0  -3.0
       37       39       28       20        8
       55      129       73       38        8
       89      435      115       34       19
       44       81       51       18       10
       29       41       16       18       14
   94  1 68 52 -35.0  -3.0
       32       33       26       18        9
      145      104       41       12        6
      315      153       35       20       10
       55       64       30       15        8
       26       30       19       14       11
   95  9 45 46  11.0   9.0
       13       20       32       26       28
       25       46       71       67       50
       21       69      242      269       81
       22       64      204      242       58
       18       38       55       60       35
   96  3 60 54 -19.0  -7.0
       39       52       62       34       14
       96      227      101       37       20
      102      323      107       37       14
       41       65       38       24       12
       26       27       28       16       19
   97  6 65 40 -29.0  21.0
       16       20       17       11        7
       37       39       24       18       10
       87      110       43       23        7
      284      338       65       20        3
      102      130       62       31       11
   98  8 68 40 -35.0  21.0
       23       24       13        7        7
       35       43       23        9        4
      134       85       42       18       11
      537      170       57       16        7
      119      111       34       28        9
   99 10 50 56   1.0 -11.0
       17       49       59       52       34
       37       72      314       74       39
       32       68      145       78       25
       15       39       49       29       22
       12       14       15       20       14
  100  2 65 43 -29.0  15.0
       24       29       13       16        9
       54       46       29       25       12
      155      178       56       24       14
      256      282       71       29       17
       71       83       51       23       10
