   193959.9   246397.3   269092.7   281645.1   289591.8
   259846.9   328198.4   359601.3   377640.7   389350.3
   241302.5   307269.2   337774.2   355344.1   366764.9
   270618.6   346089.7   380580.1   400261.7   412970.5
   224999.6   259648.6   271806.3   277949.7   281649.2
   206121.8   243665.0   256783.2   263372.5   267324.2
   282785.6   404563.0   504059.5   610923.2   776191.2
   208459.2   263973.2   288415.8   302071.3   310771.6
   207087.5   252494.8   270606.1   280254.3   286233.4
   268728.7   338511.8   369544.9   387033.0   398244.6
   248553.3   293435.2   308911.7   316644.8   321269.3
   239831.3   268955.1   278779.8   283680.5   286613.0
   249209.0   297294.2   316356.7   326513.9   332813.9
   212944.6   268171.0   291849.8   304885.5   313115.4
   343072.7   398863.2   417042.8   425937.9   431200.2
   240052.4   277351.2   289749.2   295869.6   299508.2
   230059.3   264835.8   276596.6   282447.4   285940.8
   262605.9   372184.4   458121.4   543495.6   650332.8
   223379.8   268019.1   284822.3   293534.4   298850.4
   223941.1   259417.2   271325.5   277225.7   280740.0
   235439.1   288553.3   309805.5   321126.2   328138.9
   196981.9   248195.0   269614.3   281248.2   288533.0
   314498.2   406199.6   453164.2   483395.5   504993.0
   232232.6   275134.6   290044.6   297514.3   301987.2
   241984.4   302793.8   327800.9   341263.8   349649.3
   294562.1   369170.0   402198.2   420771.9   432665.3
   252377.1   309392.6   332901.2   345634.7   353603.7
   245162.1   285105.9   299325.8   306547.5   310907.2
   252729.5   300634.2   318577.8   327876.9   333551.8
   239463.3   284651.2   302590.5   312163.2   318106.6
   262151.5   309247.8   327659.0   337415.9   343450.2
   498191.2   553001.2   572631.9   582687.5   588795.1
   275096.2   315086.2   328621.6   335361.9   339389.0
   270357.9   349581.9   388732.7   412274.8   428037.2
   273195.5   334280.9   362647.6   379357.3   390412.7
   201647.1   260396.5   285780.5   299736.8   308529.2
   265275.9   310970.2   327617.7   336155.9   341338.4
   267095.5   321806.2   342659.4   353538.2   360200.0
   225630.1   286273.7   312586.9   327152.2   336376.5
   223993.5   254900.2   265123.1   270171.2   273174.2
   268382.4   301077.6   310560.1   315028.5   317624.0
   278079.2   335556.4   357307.3   368602.1   375498.8
   209693.4   254882.0   272066.4   280999.2   286455.2
   226250.3   255298.1   264469.0   268921.4   271546.8
   268937.8   314274.2   330162.5   338169.2   342981.2
   247104.9   315497.0   348501.9   368060.2   381025.6
   268390.1   336622.0   365596.8   381476.8   391477.0
   242558.4   290511.0   308544.9   317897.4   323605.8
   246931.0   300951.3   320751.6   330857.8   336965.7
   238480.6   283155.6   299614.1   308076.6   313217.7
   186594.3   244798.0   274620.0   292972.8   305461.4
   216746.7   248674.2   259370.5   264673.4   267833.9
   240694.5   303836.6   333741.3   351292.6   362858.5
   250128.3   307589.4   331387.5   344302.8   352394.3
   235736.1   280944.5   297775.4   306467.6   311760.8
   267767.0   325588.8   349352.3   362217.6   370269.1
   196981.9   248195.0   269614.3   281248.2   288533.0
   202548.3   292451.1   372431.2   488707.6  4979219.5
   246594.7   308969.8   335681.8   350394.2   359687.9
   222022.8   263793.3   278515.2   285931.2   290384.8
   230021.2   272724.8   288551.9   296716.5   301686.5
   256594.7   319104.2   345650.7   360233.0   369433.7
   214905.9   273627.8   300385.2   315655.5   325521.1
   238083.5   289547.7   310247.8   321328.1   328214.9
   236496.7   288193.5   307744.5   317904.9   324113.3
   276804.2   349102.3   380607.9   398117.2   409237.9
   220670.8   310813.6   366368.4   405808.7   435941.3
   271255.0   319959.2   337326.2   346131.5   351439.9
   237031.4   272776.3   284300.8   289925.4   293249.5
   284144.6   340846.2   362282.8   373428.6   380241.8
   243619.4   280794.5   294057.2   300808.0   304889.9
   366518.9   431969.8   457966.6   471859.3   480495.0
   239414.7   277721.4   291871.9   299184.8   303644.0
   254434.0   312650.2   337527.1   351270.6   359977.6
   184401.8   212944.0   222461.4   227166.1   229965.1
   875421.0   953721.4   981129.1   995053.8  1003475.2
   204418.2   271269.6   304344.0   324104.9   337250.7
  1433296.8  1556703.5  1599103.9  1620483.6  1633360.8
   256560.8   315883.1   340417.2   353723.3   362056.4
   247363.3   298021.3   317607.8   327896.2   334221.3
   289277.3   353528.2   378117.9   390931.2   398767.3
   228147.3   267213.1   281394.8   288656.2   293059.7
   286775.4   953841.1   208000.1  3473835.0   304351.0
   248978.9   305288.0   328508.5   341082.0   348948.7
   259727.8   324091.6   351519.4   366598.2   376114.7
   271982.6   352393.4   393711.7   419285.6   436780.0
   240622.5   290454.0   310055.8   320438.3   326852.4
   283852.6   356350.1   388383.5   406375.6   417887.2
   257274.4   309172.5   328858.7   339101.1   345363.1
   258396.7   294965.6   307453.0   313698.9   317440.2
   200530.5   276950.5   328176.1   368728.8   403745.0
   476189.1   531793.6   554823.6   567499.8   575537.2
   189231.6   223596.7   235532.0   241512.1   245093.5
   214752.7   294417.1   351151.8   400209.2   448074.4
   286374.1   351951.0   381472.8   398329.8   409245.7
   246704.2   324598.1   363462.8   386866.7   402531.0
   249449.9   300041.5   320107.8   330791.7   337413.7
   364724.3   433303.0   458890.4   472123.5   480189.4
   189778.2   234328.3   251145.7   259829.6   265110.0
   272702.3   343227.2   376130.7   395244.0   407748.6
