   2.44252
   1.23477
   1.57940
   0.80395
   0.41623
   1.90413
   0.82892
   2.25548
   0.48265
   1.37426
   0.74862
   5.43712
   1.35579
   2.25585
  14.49235
   0.45403
   0.64139
   1.57948
   0.82705
   0.89856
   0.83431
   2.85149
   6.80913
   0.93113
   0.95729
   1.59670
   1.23482
   0.56348
   1.07489
   2.29620
   1.77198
   9.82154
   0.67608
   1.41004
   1.84915
   2.21089
   1.40069
   1.14097
   1.70358
   0.06317
   3.68553
   1.16315
   1.21467
   1.18178
   1.03068
   1.19184
   1.61926
   1.36160
   1.28350
   1.20365
   0.63630
   1.55705
   0.76724
   0.49289
   1.47819
   1.01138
   2.85149
   3.05952
   1.60848
   0.45991
   1.63060
   2.05422
   1.66653
   0.97301
   1.28505
   0.58345
   0.95856
   1.25202
   1.28341
   0.91202
   0.89920
  11.68805
   0.99907
   3.07077
   1.32381
  26.92819
   2.64763
  34.20395
   0.50578
   1.51240
   1.02610
   1.09748
   2.12953
   1.13985
   0.69457
   0.57657
   0.60070
   0.60441
   1.94868
   1.28826
   2.14459
  10.54266
   1.42358
   3.17978
   0.24398
   1.75388
   0.50735
  13.04617
   2.67421
   1.28620
