         100          25
    1 10 218 160 -17.5  40.5
   1604206   1797571   1752019   1484978   1120930
   2598977   3064608   2942591   2325882   1648140
   4179333   5537211   5104944   3540813   2258357
   6277836  12466188   9547513   4854180   2760949
   6634048  15874061  10844813   5060482   2819544
    2  6 213 218 -12.5 -17.5
   4566210   6874222   6853333   4557916   2825218
   6087563  14353062  14404189   6091835   3322740
   5610431  10680452  10566226   5638937   3181044
   3880653   5308983   5330416   3890158   2526159
   2487411   3024574   3029818   2500419   1794858
    3  3 227 156 -26.5  44.5
   1400322   1502161   1386670   1123297    847754
   2412219   2672041   2373669   1766205   1210068
   4301181   5069240   4136142   2716061   1655050
   7704918  11990768   7131690   3728668   2048655
   9671378  27767226   8632821   4052376   2166263
    4  5 234 162 -33.5  38.5
   2030029   2078563   1853493   1480880   1073972
   3242321   3353982   2872515   2140391   1495694
   5279616   5620306   4306475   2915325   1894346
   9184967  11280938   5989018   3536123   2184217
   9580164  12117761   6094030   3580014   2194728
    5  4 231 203 -30.5  -2.5
   4524097   4904182   4045388   2859510   1875417
   7579883   9400657   6078997   3705289   2285290
  10381600  20413021   7268356   4031142   2430407
   6829946   8036988   5639828   3559027   2221895
   4105429   4411478   3723854   2690092   1804300
    6  1 200 240   0.5 -39.5
   3955252   7331211  15010852   7579214   4059908
   3881605   6963362  12136798   7160372   3988301
   3079909   4490278   5394422   4556103   3147403
   2185867   2819215   3135611   2843818   2221746
   1485089   1793871   1933355   1810089   1507148
    7  2 200 189   0.5  11.5
   2431524   3218667   3604714   3260922   2477611
   3470438   5208902   6438602   5290459   3536727
   4312285   8040201  15763837   8296730   4426944
   4267397   7824885  14127832   8054138   4386526
   3400197   5022741   6113808   5088356   3452563
    8 10 221 211 -20.5 -10.5
   4456775   5775512   5048171   3409270   2150175
   6888289  13745383   8935967   4554614   2594224
   7186330  16545869   9578082   4654494   2644597
   4808156   6424508   5524418   3628608   2247813
   2967872   3448959   3197225   2450013   1687608
    9  1 185 177  15.5  23.5
   1582180   2104925   2520958   2573966   2236259
   2171150   3153672   4110678   4267552   3403506
   2722111   4450243   7325568   7999044   5002876
   2948078   5118241  11430827  15642163   5993157
   2678855   4297232   6807239   7357895   4827837
   10  9 186 195  14.5   5.5
   1981635   2909854   3770811   3838491   3063150
   2655277   4408896   6918293   7242102   4777555
   3074846   5675023  13665206  16654063   6369414
   2906551   5117002   9499993  10279921   5609229
   2292930   3536629   4848228   4988248   3756222
   11  7 155 228  45.5 -27.5
   1536485   2474018   4013891   6764897   8669432
   1611041   2641487   4499463   9197639  21074044
   1502610   2386536   3817668   6063443   7342843
   1238258   1898131   2761171   3636876   3950301
    957485   1408241   1875591   2271040   2386864
   12  6 250 197 -49.5   3.5
   4237307   3731870   2708601   1782994   1125883
   8379487   6280577   3827395   2291435   1384487
  31980128   9303253   4513818   2547160   1484605
  10719198   7267371   4090338   2390917   1425899
   5037292   4324375   3019074   1926757   1199960
   13  2 155 153  45.5  47.5
    813476   1072896   1400098   1657723   1727559
   1056767   1567297   2161250   2699793   2860485
   1376957   2151497   3242703   4428007   4873559
   1621991   2677846   4434624   7502725   9688575
   1702603   2870535   4972151  10250500  23527219
   14  1 176 234  24.5 -33.5
   2371751   3916528   6932489  11170054   6789722
   2440935   4082156   7735687  16782650   7533000
   2152579   3363998   5101646   6311958   5029011
   1693981   2413257   3195584   3527286   3152672
   1207095   1641504   2015247   2161433   2000833
   15  3 236 244 -35.5 -43.5
  14000233  17062519   6367040   3205716   1744015
   9996809  11008080   5679146   3010348   1678689
   4893524   5058425   3678949   2327356   1401762
   2651031   2707522   2238008   1586468   1059967
   1512154   1527369   1336490   1038641    780792
   16  5 156 201  44.5  -0.5
   1410653   2159934   3143876   4145958   4469693
   1675398   2690957   4286224   6845340   8241001
   1778363   2902655   4869064   9722315  19563691
   1674554   2674774   4260905   6748597   8030836
   1405114   2146097   3115935   4088790   4416399
   17  3 223 216 -22.5 -15.5
   5070878   6844815   5558821   3422742   1999790
   8019996  20392769   9611100   4458132   2361274
   7399276  14321364   8612490   4269716   2304484
   4483983   5722520   4818979   3129236   1887970
   2581336   2968160   2695136   2031195   1371305
   18  8 198 160   2.5  40.5
   1461365   1780491   1939715   1827145   1534925
   2159795   2822073   3173684   2934863   2294749
   3064288   4462829   5494162   4761313   3325594
   3870463   6837130  12073363   7806770   4306181
   3977838   7341222  16051750   8536182   4469403
   19  3 154 199  46.5   1.5
   1035342   1665432   2628653   3742944   4176101
   1260432   2189259   3885165   6866729   8973421
   1353050   2440566   4666706  10758228  34272284
   1276132   2246350   4032183   7368352  10036763
   1065448   1746428   2775588   4019605   4559950
   20  8 246 205 -45.5  -4.5
   4859653   4400259   3200601   2140163   1391043
   9749728   7447289   4313233   2626450   1612880
  20030401   9621561   4753213   2782470   1676292
   7303514   6155946   3955433   2482954   1553405
   4017956   3708692   2825002   1952775   1263455
   21  7 159 206  41.5  -5.5
   1448468   2211822   3258471   4405795   4646873
   1678213   2717850   4509236   7904091   9187880
   1735515   2857007   4908124  10448769  14943325
   1586664   2521051   3963230   6028362   6580601
   1309405   1948905   2774550   3524567   3662913
   22 10 219 165 -18.5  35.5
   1782182   1999812   1929364   1603308   1199969
   2889842   3427083   3240593   2509738   1733966
   4647541   6397036   5681987   3747509   2327661
   6782175  15937729  10285753   4894357   2747586
   6484729  13095538   9446912   4780258   2715314
   23  5 168 158  32.5  42.5
   1023782   1378732   1734712   1919666   1876067
   1431790   2045480   2686630   3111520   2998603
   1855247   2833592   4095520   5154300   4831527
   2177146   3526554   5869279  10042567   8255748
   2238807   3665673   6416813  14368644   9944026
   24  3 235 186 -34.5  14.5
   2878267   2963149   2432642   1713198   1127659
   5380747   5665067   4032809   2488945   1481895
  11002564  13171009   6134228   3178592   1737750
  12216281  15334641   6371376   3236393   1771228
   6001375   6368438   4371970   2617596   1534106
   25  7 234 228 -33.5 -27.5
   7332130   8321650   5125716   3117613   1933400
  10751521  16093809   6104883   3389042   2042429
   6465134   7145618   4808237   2997516   1884755
   3736639   3895327   3213560   2298902   1549108
   2309580   2374453   2087625   1619178   1143663
   26  9 227 176 -26.5  24.5
   2360929   2560208   2306808   1785324   1271842
   3964462   4532508   3846483   2684749   1736500
   6846693   9422317   6396658   3690203   2178060
   9640288  42427539   8604694   4185002   2354162
   6696459   9112513   6296863   3662019   2161427
   27  7 204 214  -3.5 -13.5
   3367856   4944959   5743473   4487238   3014559
   4283139   8096898  13740023   6657280   3663401
   4210255   7835000  12349386   6493669   3645744
   3290922   4751513   5452494   4360042   2942001
   2307740   2941753   3149059   2795768   2117804
   28  6 171 175  29.5  25.5
   1216110   1746914   2283213   2586995   2439567
   1683946   2605728   3756264   4532069   4121403
   2100640   3518312   6014571   9160021   7227902
   2279622   3999348   7904170  28274649  10912402
   2114880   3568382   6126238   9486038   7413570
   29  2 241 202 -40.5  -1.5
   4666769   4522926   3435158   2322771   1517593
   8838871   8117456   4888442   2953684   1794167
  17180440  12618567   5659305   3210047   1907298
   8134791   7504335   4711227   2899155   1769052
   4387927   4256136   3297804   2245668   1484277
   30  4 153 229  47.5 -28.5
   1630975   2667316   4333903   7278184   9863391
   1697856   2826677   4787954   9269511  23534336
   1586413   2561742   4077108   6368300   7936702
   1294275   2027171   2971920   3943793   4350356
   1014246   1466700   1992822   2464469   2629809
   31  2 177 183  23.5  17.5
   1598595   2267796   2910345   3178148   2850168
   2149503   3316915   4752611   5521975   4586077
   2594150   4342176   7763127  11859815   7214128
   2687565   4588117   8890616  19621664   8121042
   2366432   3771571   5833794   7176634   5538361
   32  5 153 152  47.5  48.5
    812095   1065718   1370782   1646068   1730284
   1042816   1546298   2098282   2610545   2787493
   1328922   2081838   3057307   4109761   4585016
   1587626   2556669   4084466   6597547   8626002
   1673465   2744605   4565666   8758828  24565249
   33  9 170 238  30.5 -37.5
   2107859   3680673   6972492  15226205   9757192
   2105499   3686522   6979191  15082433   9793378
   1811093   2949319   4626495   6179716   5449500
   1400694   2075380   2843224   3335105   3131609
    996596   1389844   1743605   1944387   1864000
   34  5 217 177 -16.5  23.5
   2407270   2762321   2690419   2242699   1671675
   3670969   4509210   4319070   3329157   2299220
   5348679   8231560   7353389   4607052   2885664
   6365190  15840151  10888428   5238513   3109380
   5166788   7636512   6897933   4457832   2824881
   35  7 152 200  48.5   0.5
   1183424   1846089   2712700   3665869   4121626
   1434565   2283041   3680224   6018313   7945265
   1518306   2492434   4212141   8281660  31359430
   1444958   2305741   3723989   6090440   8179974
   1203553   1863152   2750917   3745483   4248873
   36 10 208 202  -7.5  -1.5
   3120848   4227851   4533738   3593474   2445285
   4465771   7834074   9228784   5609223   3238034
   5182240  11949826  21159697   6915142   3588813
   4323208   7165467   8278262   5327199   3163924
   2973491   3966439   4206551   3394688   2356244
   37  2 240 188 -39.5  12.5
   3459068   3398631   2765035   1971951   1312888
   6015124   5846275   4131329   2676190   1678674
  12308640  10968494   5522107   3199138   1916692
  12324399  10950157   5534704   3210430   1916362
   6028633   5818971   4125553   2681690   1683712
   38  2 179 155  21.5  45.5
   1089788   1447178   1715936   1793452   1665102
   1587628   2207053   2788173   2983559   2656282
   2160336   3285731   4561392   5124069   4243020
   2660632   4419279   7666836  10444668   6576674
   2809202   4839886   9746975  22521825   7801947
   39  1 157 231  43.5 -30.5
   1634044   2627075   4357061   7560875   9465386
   1690492   2760331   4727713   9778720  16747480
   1553379   2462334   3856579   5914793   6716951
   1263016   1918584   2736340   3538573   3732138
    970778   1391398   1841541   2190682   2274814
   40  3 206 162  -5.5  38.5
   1343788   1625380   1710525   1521206   1201655
   2169920   2870346   3077427   2600361   1851858
   3406463   5269792   5973297   4421888   2739090
   4665697   9889436  15243389   6982290   3531116
   4744579  10286169  16709118   7110836   3553006
   41  7 238 236 -37.5 -35.5
   9892068   9890326   5145839   3005413   1840827
  10981178  11029999   5302311   3070413   1871145
   5591403   5618415   3998966   2604620   1663954
   3268273   3258975   2691555   1950661   1341886
   2024406   2022834   1756510   1385836    987852
   42  9 229 220 -28.5 -19.5
   6220243   7666768   5459707   3329930   2005268
  10169987  24276625   7870465   3965110   2258372
   8007120  11351679   6697285   3710506   2149859
   4523864   5134729   4159069   2806645   1772078
   2666113   2873704   2522454   1911902   1339201
   43  1 173 157  27.5  43.5
   1006057   1349312   1644245   1770854   1680552
   1434614   1997408   2573210   2875254   2661054
   1875029   2830105   4040434   4883403   4290796
   2221244   3631531   6255573  10216857   7079513
   2305869   3839191   7198223  18611728   8451042
   44  5 179 202  21.5  -1.5
   2112399   3098177   4150526   4581704   3893472
   2607606   4163435   6744634   8615917   5904829
   2797891   4665542   9046226  22465616   7311168
   2560327   4053738   6384080   7878979   5657542
   2057423   2980235   3955897   4332689   3714594
   45  9 226 205 -25.5  -4.5
   4275170   5031361   4220722   2893213   1843803
   7268495  11063015   7074132   3915554   2285810
   9166197  28773020   8817241   4283857   2407137
   6037136   7975265   5930321   3581220   2146443
   3547171   4021587   3523135   2537334   1674449
   46  7 222 240 -21.5 -39.5
   6692730  14469233   8231830   4290409   2558397
   6374146  11772248   7706186   4204511   2524398
   4263772   5316403   4670562   3276938   2147485
   2729966   3077557   2874004   2277160   1628037
   1750654   1900501   1811353   1528697   1135384
   47  5 228 236 -27.5 -35.5
   7698103  11912918   6827083   3963786   2438035
   8163132  14341231   7136912   4042282   2471198
   5280446   6228515   4951793   3347658   2175442
   3329212   3613080   3207409   2442056   1703690
   2111122   2231168   2046886   1671273   1215522
   48  8 244 206 -43.5  -5.5
   4940746   4586879   3343216   2239514   1456560
   9889761   7933857   4537541   2746126   1685356
  17247437  10285008   4966123   2890952   1742761
   7028995   6207562   4066451   2564527   1599949
   3919567   3685402   2856098   1986339   1303053
   49  8 229 243 -28.5 -42.5
   8997008  17775724   7237229   3942543   2347825
   7720776  11013497   6531131   3758496   2277154
   4648473   5258813   4285381   2960496   1925707
   2864711   3068544   2716468   2089222   1484141
   1787781   1878925   1722573   1404948   1043538
   50  4 236 178 -35.5  22.5
   2869727   2905922   2484331   1877137   1281952
   4704498   4826400   3803125   2651395   1717201
   8297136   8856886   5495912   3370268   2068545
  12659350  15265003   6359783   3634230   2191268
   7365421   7694436   5150721   3244969   2015880
   51 10 171 241  29.5 -40.5
   2169455   3772198   7287089  17769402   9748580
   2127030   3663711   6769863  12982852   8695062
   1803884   2875714   4364119   5585532   4917072
   1373710   1992866   2688067   3099174   2886419
    970159   1333063   1663329   1826970   1742873
   52  3 231 195 -30.5   5.5
   3463407   3766524   3099265   2110340   1353235
   6434733   7720671   5198950   3025903   1736216
  11357116  23419472   7528071   3649252   1964966
   8561983  11527635   6381076   3378137   1874320
   4551225   5052950   3911771   2518643   1537107
   53  6 165 161  35.5  39.5
    939486   1284682   1655680   1893509   1879671
   1286778   1922545   2673441   3236245   3179404
   1665038   2697145   4231108   5796088   5606458
   1947261   3353826   6089691  12414543  11031077
   1966543   3406112   6322551  14193806  12220501
   54  7 187 221  13.5 -20.5
   2680491   4251542   6440414   6568951   4411033
   3044966   5313909  12074600  13308572   5585955
   2868728   4730646   8099222   8440597   4936029
   2298496   3368271   4401942   4471168   3487549
   1678249   2242158   2662634   2691891   2293035
   55  3 162 162  38.5  38.5
    785756   1077681   1421415   1668420   1689133
   1048234   1610796   2340713   2992213   3008357
   1365238   2315924   3818904   5642807   5742139
   1590207   2875817   5518722  12083690  12936920
   1596967   2899344   5607828  12797176  13776036
   56  2 236 163 -35.5  37.5
   2059734   2079813   1824851   1438794   1028149
   3399341   3462185   2884201   2096253   1428377
   5828321   6017139   4405571   2876561   1808958
  10955913  12384389   6095754   3477496   2074704
  10957073  12348081   6123271   3472675   2070676
   57 10 219 164 -18.5  36.5
   1747155   1962107   1885964   1574914   1177333
   2838146   3362564   3180416   2466786   1711787
   4563535   6224446   5557448   3698440   2300691
   6731177  15197801  10081562   4879646   2742939
   6573148  13693410   9653247   4818482   2733139
   58 10 167 198  33.5   2.5
   1478470   2279893   3287562   4096029   3919401
   1831975   3066989   5135403   8007773   7174904
   2006277   3496667   6696549  19396074  12455965
   1893599   3210805   5556248   9366610   8117283
   1564942   2452041   3633796   4618760   4364957
   59  6 174 242  26.5 -41.5
   2411877   4238315   8380579  20535576   9249438
   2342287   4046166   7541140  13195680   8168345
   1955040   3123076   4660951   5730877   4868605
   1471667   2131321   2829996   3181012   2898459
   1028661   1399853   1715272   1863522   1742865
   60  3 208 209  -7.5  -8.5
   3364248   4987467   5433463   4019250   2526321
   4808446   9795357  12728199   6334231   3294501
   5116849  11773322  18093874   6891794   3432242
   3854796   6159477   6897747   4734817   2799909
   2475630   3303472   3478049   2833461   1957250
   61  7 200 180   0.5  20.5
   1958940   2487755   2738391   2506443   1982466
   2822763   3946080   4650163   4010830   2865813
   3696064   6300974   9498778   6473738   3777165
   4003845   7655722  22162666   7951337   4077460
   3408594   5354361   6989807   5454020   3487967
   62  8 221 167 -20.5  33.5
   1995806   2212078   2106295   1748436   1300760
   3158770   3663476   3399562   2622904   1843225
   4922966   6550070   5642408   3745275   2400080
   7002270  16374705   9176955   4684727   2754526
   6436309  11319162   8064260   4478093   2683598
   63  1 183 173  17.5  27.5
   1463558   1929430   2311968   2386133   2114034
   2010196   2889062   3741798   3941258   3260655
   2557537   4075055   6426612   7274630   4931346
   2824696   4871216  10436247  17450446   6328874
   2643408   4316195   7224587   8486877   5306013
   64  7 214 219 -13.5 -18.5
   4273449   6240354   6111504   4131900   2642992
   5559888  12733498  11690614   5286334   3033246
   5063536   8917736   8592473   4837780   2907143
   3576291   4686551   4614762   3502925   2364713
   2365997   2800939   2782790   2315068   1734408
   65  7 169 214  31.5 -13.5
   1836907   2848164   4295538   5686733   5120844
   2088386   3442953   6120616  12840683   8910575
   2075664   3415568   5994018  11691076   8548116
   1801706   2791995   4143764   5402226   4942607
   1429897   2022425   2704251   3137292   2984686
   66  2 194 157   6.5  43.5
   1331634   1677106   1864018   1797810   1552997
   2016917   2679624   3088137   2947876   2369255
   2858395   4208842   5318557   4906039   3556967
   3652378   6307891  10852048   8588970   4805920
   3855281   7109598  17708349  10706882   5186572
   67  1 168 227  32.5 -26.5
   1976290   3170633   5227416   8194369   7060647
   2100719   3471222   6325408  17620366  10548082
   1949477   3118416   5010514   7495018   6575747
   1606828   2381010   3331240   4062429   3841756
   1183505   1681027   2159745   2460292   2380899
   68  9 155 220  45.5 -19.5
   1409886   2349260   3902865   6344212   7626946
   1545147   2678845   4839263  10564452  23069674
   1485187   2541533   4405593   8210619  11237555
   1285510   2048015   3211702   4582208   5114095
    997359   1496750   2110978   2679639   2870911
   69  3 169 154  31.5  46.5
    771056   1017216   1284386   1426985   1380535
   1075356   1581921   2155913   2529534   2406553
   1452449   2376609   3660650   4750268   4358980
   1799141   3229975   5986433  10548226   8362427
   1913365   3552838   7330928  23944263  12106314
   70  9 191 186   9.5  14.5
   1873427   2611668   3148817   3063368   2452059
   2662824   4161446   5716517   5429901   3785612
   3328166   6123169  12688972  10632040   5223739
   3389586   6360964  14701381  11719765   5385965
   2806050   4480241   6381747   5996716   4027781
   71  2 184 234  16.5 -33.5
   3008409   5120075   9380883  11296990   6146440
   3097430   5392262  11174220  15149540   6631248
   2667803   4235019   6271504   6762209   4842202
   2017400   2885243   3664245   3816961   3172028
   1419824   1873193   2233802   2290190   2011293
   72 10 155 248  45.5 -47.5
   1554413   2672216   4790283  10516307  26419359
   1477462   2487374   4239103   7459593   9784184
   1251192   1981615   3026056   4219727   4674724
    962540   1434268   1997476   2510662   2660766
    740391    978308   1279624   1523888   1587954
   73  6 209 232  -8.5 -31.5
   5024897   9451470  11198405   6115915   3443377
   5489723  12290836  17693540   6867655   3639809
   4288010   6695408   7370128   5043863   3095546
   2883899   3749078   3913015   3208134   2254886
   1841419   2211173   2273641   1982825   1526339
   74  4 203 153  -2.5  47.5
   1421934   1710659   1809172   1669636   1351372
   2192777   2754221   2948899   2654102   2073445
   3218069   4400127   4940790   4178176   2994298
   4301205   7153207   9543460   6470057   3914959
   4788792   9301955  25207371   7939349   4294974
   75 10 233 187 -32.5  13.5
   3053617   3203195   2703212   1964093   1339396
   5352868   5846632   4335681   2783956   1723175
  10046889  13510650   6427772   3465536   2014905
  10390782  14577925   6516400   3506274   2024079
   5601831   6152286   4480415   2860838   1758365
   76  8 247 236 -46.5 -35.5
  12483452   8136580   4426657   2652684   1607627
  14962734   8696211   4541871   2699846   1625840
   6266513   5344560   3620170   2329066   1476092
   3537592   3278043   2541857   1785930   1167775
   2149712   2031816   1691599   1257598    909592
   77 10 201 177  -0.5  23.5
   1860529   2372174   2594441   2364213   1836235
   2800073   3949900   4611232   3926511   2748437
   3842126   6733799   9686615   6571036   3754144
   4331398   9014387  40322704   8695049   4238083
   3718412   6300904   8574982   6155201   3658854
   78  5 246 239 -45.5 -38.5
  13251853   8562292   4635234   2823601   1738642
  12216341   8279170   4613341   2805161   1728712
   5744320   5111269   3620868   2397018   1550342
   3398961   3188193   2546869   1823424   1211242
   2106108   2017120   1701635   1269585    937890
   79  5 181 189  19.5  11.5
   1872708   2632181   3310803   3508227   3054698
   2466799   3736241   5347051   5984411   4644937
   2853023   4734599   8771581  13020128   6560592
   2836724   4685370   8493833  12054739   6420516
   2420488   3667911   5137331   5741370   4507023
   80  4 225 208 -24.5  -7.5
   4678916   5550453   4745344   3352090   2206629
   7288707  11495245   7475968   4321491   2628248
   8255077  18694350   8474384   4535138   2727587
   5630312   7133143   5712241   3769785   2404230
   3565129   3995835   3603505   2724505   1880499
   81  9 242 198 -41.5   2.5
   4146881   3961182   2982909   2002964   1295006
   8139196   7275703   4425432   2628503   1565564
  20153116  12860967   5413157   2953404   1695501
   9599326   8330071   4703799   2730978   1612466
   4704994   4452705   3261150   2139467   1363508
   82  3 246 193 -45.5   7.5
   3582883   3291438   2403638   1578624   1000685
   7229343   6039516   3676232   2129976   1248748
  21950280  10661671   4735844   2485943   1388839
  12806921   8771766   4417705   2399173   1347945
   5357951   4709257   3146261   1923545   1170854
   83  2 169 152  31.5  48.5
    940327   1222975   1542668   1684287   1642040
   1290832   1869105   2437029   2790184   2675413
   1752596   2697466   3851783   4727475   4422033
   2137588   3513310   5880794   9143515   7690926
   2275670   3876685   7192026  20825337  11137387
   84  6 189 164  11.5  36.5
   1344696   1745287   2015984   2003772   1721373
   1980386   2798506   3443141   3405623   2737499
   2749359   4360609   6235220   6112358   4214660
   3323446   6086649  13277139  12401195   5768946
   3285925   5976086  12437737  11645153   5705750
   85  7 155 214  45.5 -13.5
   1433703   2228187   3423035   4996036   5722635
   1587001   2592050   4371684   8348835  13518134
   1581890   2579391   4309666   8061154  12184097
   1413066   2191073   3339565   4820029   5433217
   1102135   1665619   2334556   2954175   3155548
   86  2 174 239  26.5 -38.5
   2493827   4210723   7820871  15610471   8549976
   2482541   4180805   7616839  14044721   8259743
   2115226   3338065   4954722   6115174   5153002
   1622829   2335545   3093151   3481801   3178469
   1141707   1566708   1924410   2081697   1960854
   87  4 161 202  39.5  -1.5
   1584798   2430802   3540450   4611842   4715859
   1882441   3071234   4996549   8095961   8601731
   2001470   3338470   5783136  12714787  15365836
   1866929   3025754   4837087   7539914   7914021
   1566733   2359430   3396888   4329580   4425832
   88  9 232 172 -31.5  28.5
   2243991   2332184   2051965   1576785   1100536
   3816747   4081251   3335468   2333235   1512351
   6866308   8010057   5358993   3196999   1913173
  11673240  22443691   7255438   3704961   2113948
   8195172  10158122   6028071   3402548   1988131
   89  8 208 229  -7.5 -28.5
   4550728   7716376   9161983   5619852   3366836
   5081404  10829921  17501149   6617300   3651208
   4215799   6560708   7416243   5091402   3203779
   2969057   3845403   4061628   3374059   2417119
   1973758   2372774   2450576   2155750   1682060
   90  2 203 165  -2.5  35.5
   1694419   2059976   2194524   2016795   1622453
   2571899   3372394   3684630   3231543   2419762
   3692104   5547919   6593265   5163339   3402137
   4631817   8884364  16367206   7701021   4154479
   4542756   8372143  13323779   7321802   4081062
   91 10 160 189  40.5  11.5
   1179818   1799044   2562237   3219177   3328148
   1500982   2445567   3908509   5761460   6123870
   1700089   2924446   5260494  11229666  13833184
   1698592   2909651   5193410  10595650  12691547
   1486579   2411939   3770067   5443268   5735533
   92  3 153 171  47.5  29.5
    766820   1097929   1535554   1951934   2106534
    983596   1573130   2450785   3434217   3872097
   1212188   2084134   3643197   6248963   8082911
   1325224   2385097   4503789  10141039  29887690
   1267153   2233401   4066526   7717554  11381358
   93 10 222 204 -21.5  -3.5
   3926586   4827987   4274913   3031284   1962476
   6351790  10307774   7520427   4179376   2443543
   7784199  26578237   9997028   4668809   2616772
   5600572   7952864   6383625   3882427   2345077
   3438680   4046530   3665130   2715367   1808840
   94  1 245 203 -44.5  -2.5
   4435695   4072644   3036829   2070008   1361622
   8647217   6941093   4139217   2556939   1585394
  19909354   9691433   4662794   2753566   1674124
   7387132   6203088   3945782   2481789   1555573
   3991722   3710366   2834035   1961357   1289721
   95  9 187 189  13.5  11.5
   1852149   2643961   3305548   3333870   2706090
   2559216   4096314   5975281   6069799   4246923
   3097461   5644759  12410126  13235745   5950500
   3069879   5553219  11655428  12368555   5843325
   2517621   3975677   5698935   5770682   4109357
   96  3 225 208 -24.5  -7.5
   4377026   5374042   4458491   2911645   1760337
   7599577  13156466   7812935   3979628   2172262
   8804769  23916295   9107646   4253206   2262818
   5514363   7320151   5628764   3371135   1963075
   3140047   3623310   3167470   2275942   1475780
   97  6 237 174 -36.5  26.5
   2478124   2491301   2109254   1581033   1087614
   4257571   4315211   3367064   2286948   1480269
   8004325   8228502   5110704   3046540   1814474
  14988801  16730687   6398952   3426695   1966120
   8728992   8972235   5359503   3118945   1846605
   98  8 245 174 -44.5  26.5
   2532801   2415424   1982965   1484202   1014023
   4234615   3938968   2969384   2037178   1328746
   7936169   6659529   4150539   2587518   1594060
  21111019  10098618   4886525   2844726   1714926
   8735211   7134341   4306082   2645709   1628112
   99 10 199 214   1.5 -13.5
   3202976   4955577   6334446   5194880   3367579
   4004797   7807092  16731978   8555745   4319593
   3971590   7555902  14739004   8260197   4270359
   3116552   4761678   5931091   4952098   3284151
   2151206   2871715   3243330   2932548   2243738
  100  2 237 181 -36.5  19.5
   2967403   2992176   2514825   1857173   1265749
   5014464   5080385   3884505   2604838   1678622
   9309653   9734757   5558705   3296905   1983236
  13194096  14481101   6203494   3487666   2063066
   6989647   7102119   4808377   3031196   1871011
