       30       27       31       24       28       26       25       26       39       40       24       36       35       42       47       45       37       53       54       43
       45       44       42       37       63       45       68       62       57       67       67       54       60       65       54       49       70       49       61       85
       69       67       73       76       91       88       86       82       83       66       70       72       59       67       84       58       79       81       54       77
       83       70       84       66       67       59       65       66       61       43       52       48       50       51       52       45       34       41       50       56
       48       40       45       52       43       40       39       40       25       39       40       32       22       32       34       30       36       23       32       19
       23       34       25       27       23       20       34       34       46       36       39       41       54       31       54       47       42       71       44       66
       54       48       58       50       65       54       57       36       70       60       79       67       69       78       65       98       55       95       53       74
       75       83       75       82       64       82       84       85       73       83       70       92       96       77       89       71       83       86       68       78
       85       61       54       61       70       74       81       74       68       50       62       57       52       59       56       60       44       48       47       44
       60       48       48       36       28       33       38       44       50       37       23       27       39       25       42       28       22       26       30       22
       28       33       35       34       34       39       35       52       30       29       33       36       44       41       44       32       38       41       53       41
       55       53       63       43       59       55       71       48       57       47       61       72       66       72       88       65       78       83       61       83
       70       76       64       77       74       98       84       94       80       89       82       66       84       97       88       87       78       76       70       93
       82       92       78       67       55       80       65       73       78       65       65       69       65       58       48       52       46       42       51       61
       57       45       63       36       42       34       29       41       38       39       35       31       32       35       33       30       23       23       30       26
       27       29       30       31       33       28       29       34       41       49       43       43       34       44       34       46       58       41       55       59
       48       46       70       61       75       65       66       60       75       69       79       77       78       80       74       87       75       69       89       85
       79       79       77       90       89       82       88       81       89      112       89       91       92       96       93       97       80       88       86       79
       78       90       94       72       86       64       82       86       60       66       70       56       56       62       54       57       64       63       52       56
       56       62       52       58       40       48       44       37       43       29       37       23       29       35       32       37       26       21       40       29
       27       26       32       27       40       34       34       33       39       53       45       36       50       37       45       52       44       51       51       72
       68       51       51       56       81       69       77       62       61       64       80       74       76       66       90       78       91       82       75      117
       87       90       72       80       81       99       86      106       88       98       78       93       88       80       90       89       88      105       76       85
       93      105       92       74       82       73       75       85       87       81       64       60       73       63       53       57       64       59       50       59
       53       47       63       57       46       61       52       46       48       36       43       30       35       35       36       31       39       39       23       33
       40       30       36       40       31       32       47       43       42       38       37       42       47       39       48       57       39       57       58       52
       66       64       67       70       65       71       68       71       78       80       73       83       69       93       73       82       95       85       89      102
       88      101       97      111      103      108       95       92       85       90      100      107      101      117      105      100       86      105      107       97
      102       91       86       93      100       80       78       76       85       71       76       73       78       78       78       67       54       65       53       77
       55       50       56       51       48       54       49       51       40       40       34       43       37       36       30       37       39       44       27       32
       29       32       32       33       37       37       35       50       38       41       46       46       46       48       53       57       46       57       54       52
       60       67       69       61       64       85       75       52       79       79       70       89       76       98       88       95       97      104      102      118
      108       98       99      106      100      119       91       93       95       92      119      111      114      102      105       99      101       94       86      105
      102       82       86       90      110       82       93       79       77       87       79       68       86       73       91       52       73       69       75       65
       59       72       45       57       39       45       51       36       40       41       45       44       50       35       37       41       21       42       31       30
       31       31       33       45       45       41       25       53       41       53       42       46       42       46       48       46       34       69       75       57
       56       58       65       62       71       74       80       66       77       82       84       89       83       85       87      102       80      105       84      109
       85      110      113      109       95       92      108      105      111      121      129      122      114      105       96      112      123      100      111      102
      107       77       90       82       80       63       94       89       86       78       81       71       87       79       82       90       69       84       69       58
       73       66       46       60       47       60       55       52       37       62       52       53       51       38       40       38       39       41       40       26
       37       40       38       44       40       31       43       44       45       42       33       44       38       57       59       53       62       63       61       80
       69       71       73       76       68       73       83       77       64       93       74       98       83       88      107       88      113      112      120      117
      113      115      116      110      116      114      141      121      106      108      107      124      146      122       89      112      118      122      131      102
      111      116      126       95       99      101       92       97      110       95       86       88       85       74       80       86       79       75       80       56
       53       52       53       61       63       60       46       41       53       39       50       52       27       33       49       34       46       36       29       36
       24       34       50       53       44       46       47       51       25       51       46       31       56       48       40       50       56       59       51       63
       78       63       59       86       87       82       79       77       86       89       82      102      100      109      117      101      120      119      113      119
      123      122      117      124      110      117      131      107      121      121      128      131      123      111      130      132      105      119      113      111
      125      102      111      121      132       85       87       91       91      104       92       91       82       83       69       71       81       77       71       64
       64       77       55       62       63       56       53       39       47       52       59       43       42       47       38       37       36       48       39       45
       36       43       41       31       33       53       37       45       38       52       39       53       51       67       72       72       75       66       67       70
       60       72       80      102       80       76       72       85       83       92       90      111      114      118       90       94      106      111      112      139
      105      118      123      114      117       95      138      134      124      144      125      124      121      131      137      130      141      136      134      136
      113      121      128      135      101      118      127      111      102      114       97       90       74       95       84       87       85       92       72       67
       56       76       54       58       59       59       42       46       55       58       43       44       37       36       43       39       35       36       46       29
       45       38       43       40       40       43       53       38       36       47       35       50       54       69       57       68       63       75       48       71
       76       76       84       76       95       82       96      104      106       94      109       99      104      110      148      112      102      111      125      128
      135      146      132      136      112      148      144      139      122      149      124      131      117      132      115      130      123      115      137      122
      125      121      144      121      116      128       98      112      116      107       84       97      109       95       80       99       73       97       74       79
       67       63       69       65       54       71       55       48       47       47       65       44       41       43       47       41       33       60       36       38
       42       37       43       53       37       48       44       49       44       43       53       50       57       56       67       85       88       77       67       71
       65       93       91       93      103       89      104      120      104       95      119      113      128      130      130      119      123      136      120      141
      150      144      133      153      146      150      160      143      143      154      145      162      151      126      157      145      158      134      145      150
      153      125      148      111      118      130      110       96      123       95       95      102      101      108       96       83       85       89       80       85
       94       63       65       78       62       54       53       51       59       69       41       49       66       54       58       39       43       46       36       40
       27       41       44       48       46       51       40       33       58       56       51       68       55       57       64       64       68       77       81       76
       78       72       73       81       95      106      108       97       80      112      106      125      132      118      114      129      135      139      125      154
      160      172      154      170      138      131      176      167      158      155      153      158      150      157      156      161      134      170      159      146
      136      139      142      134      102      129      119      122      127      113      112      105      103       94      103      101       80       93       70       98
       85       75       72       68       78       63       71       54       63       55       50       60       60       54       47       41       52       38       44       42
       32       31       37       52       45       37       39       63       63       52       60       64       60       60       64       62       71       69       80       82
       87       88       95       94      107      111      113      101       99      106      123      108      132      136      160      135      138      127      146      153
      149      151      156      199      165      151      189      153      166      146      166      164      174      163      188      186      179      179      201      126
      190      144      157      150      155      104      121      131      141      122      103      102      101       94      103      124       88       87       78       85
       79       84       91       80       71       68       58       53       60       63       47       61       40       48       33       54       43       44       37       36
       31       37       47       43       52       48       49       47       64       49       49       62       63       54       58       68       85       76       78       82
       73       76       94      106      106      106      105      134      101      125      111      126      142      109      168      143      151      139      164      166
      152      190      153      167      158      199      193      180      170      184      195      186      164      166      187      166      172      185      168      184
      176      160      158      142      150      135      146      143      128      122      127      120      109      112      103      108      100      114      113       93
       83       82       85       75       64       66       46       71       67       59       58       63       65       55       45       42       49       48       47       39
       45       41       39       53       52       50       41       48       60       39       70       55       67       71       75       82       70       82       89       90
       75       80      103       98      112      113      108      116      147      134      113      149      132      147      164      178      147      176      191      159
      169      171      185      215      180      176      215      205      227      193      206      202      191      187      182      189      198      181      174      183
      178      191      152      126      153      155      128      118      146      143      130      130      115      117      117       95      110       86       89       98
       68       78       74       77       72       91       84       68       62       73       60       48       54       57       63       50       62       38       51       26
       49       60       37       50       47       51       54       58       52       59       63       73       55       58       70       76       85       80       92       87
       86       97       91       92      113      106      113      126      132      146      126      149      165      162      163      170      156      196      189      179
      178      203      183      178      220      189      182      208      211      195      229      227      228      210      168      184      199      179      197      210
      204      187      193      168      177      156      170      142      174      161      130      131      125      119      112      111       98      111      113       83
       94       93       92       73       77       81       62       54       76       61       57       48       50       62       66       45       42       43       48       30
       40       40       62       46       53       50       39       55       55       72       56       64       76       73       81       76       80       96       75       88
      104       85       94      127       96      118      121      127      140      151      147      146      156      151      187      185      149      181      178      178
      213      213      178      225      197      225      202      220      192      245      239      208      216      235      179      219      211      180      191      194
      193      174      193      176      174      172      133      143      161      156      172      129      120      126      112      129      134      126      109      102
       91      104      104       85       82       74       59       74       72       71       62       75       55       53       66       59       42       46       46       38
       39       43       52       50       60       45       64       61       55       68       85       83       60       63       78      102       84      120       90       89
      113       88      125      116      129      120      143      148      165      138      146      149      154      197      202      179      213      200      217      215
      229      203      220      232      198      226      245      262      292      238      267      227      217      227      235      213      212      232      246      231
      193      212      164      177      205      195      182      178      178      168      145      118      144      115      128      112      111      118      119      111
       97      112       80       89       75      115       98       73       68       84       67       65       53       65       70       57       43       37       48       42
       40       41       45       42       53       54       54       69       66       46       66       81       69       77       77       82       89      114      104      105
      115      130      115      110      145      145      129      136      164      152      147      167      176      195      202      212      228      201      250      238
      214      238      247      257      261      258      253      261      249      287      267      290      256      229      240      226      259      250      205      216
      228      243      267      224      194      205      175      178      183      180      155      184      127      162      135      122      112      117      113      106
      101      115       92       89       94       90       60       86       80       60       83       47       71       60       53       47       49       57       42       48
       46       51       43       58       57       52       55       66       59       82       68       64       69       84       71       98       97       88      101      104
       96      126      129      148      136      136      140      127      168      148      167      182      204      199      202      208      212      244      258      250
      249      260      259      261      260      274      260      278      281      261      272      299      255      264      276      266      249      258      229      255
      255      220      250      211      193      179      199      186      198      140      186      133      137      137      138      135      116      130      119      109
      107      110      100       72      103       87       83       63       71       89       81       66       63       55       58       56       43       43       42       53
       41       34       49       50       31       65       52       65       79       87       89       70       83       86       84       99      119       92       88      107
       90      117      135      132      138      143      149      136      148      171      180      183      228      212      195      249      223      247      233      250
      254      289      267      299      270      304      299      309      306      292      313      296      280      301      308      313      288      254      266      229
      260      237      259      259      213      221      205      222      207      201      145      155      157      168      162      135      154      105      120      111
      114      103       96       97      111       95       76       75       81       81       61       53       75       54       56       59       52       46       36       48
       38       52       59       44       50       53       64       58       61       84       82       75       72       88       91       70       79      120       97      112
      138      131      162      149      141      175      157      182      170      182      200      214      227      233      207      238      250      255      241      305
      307      283      299      323      286      331      325      311      309      327      347      328      335      351      329      317      299      297      317      277
      278      287      253      264      245      228      204      234      239      191      199      182      191      196      136      170      127      139      117      119
      121      106      107      100       93      107       82      107       77       78       65       71       70       56       59       55       62       58       71       44
       38       56       61       56       52       61       60       65       66       61       84       84      101       95       95      101       89       95      129      118
      114      145      160      149      166      169      173      206      207      179      221      240      191      268      239      276      262      264      290      306
      298      305      316      344      332      360      336      370      331      355      348      359      376      374      348      320      329      306      342      302
      314      306      280      292      245      226      246      227      228      169      185      200      153      155      158      180      171      141      133      153
      113       98       94      104      106      103       93       78       81       70       87       69       80       61       51       71       42       71       47       50
       55       57       53       50       59       50       57       57       63       59       65       85       98       80       90       83      114      122      112      104
      129      132      135      156      145      150      166      189      195      219      197      255      254      257      269      285      318      274      278      319
      314      367      385      371      381      404      365      397      402      387      413      373      412      395      403      321      383      340      320      324
      310      302      299      278      299      274      247      243      218      216      201      194      193      194      154      150      146      167      145      151
      138      109      110       98      102       96       91       89      103       67       72       79       50       59       61       65       55       52       50       52
       52       52       45       69       60       51       67       70       65       82       65       78       76       84      112       95       94      113      122      122
      134      142      174      147      170      187      211      186      210      214      242      251      247      272      258      300      305      303      301      362
      393      365      384      393      400      432      437      415      408      437      405      418      403      400      396      418      367      381      390      358
      325      343      358      286      279      302      300      250      202      243      222      204      201      193      174      186      139      148      142      153
      155      132      111      120      104       97      110       85      103       94       77       81       53       73       62       60       53       61       60       45
       54       56       58       52       69       69       60       70       75       80       70       83       94       91      109      115       89      122      130      136
      132      132      158      144      173      194      175      214      224      222      261      260      269      281      289      324      354      335      393      373
      398      406      430      431      443      490      445      439      484      445      456      471      446      446      423      452      446      395      398      377
      338      352      357      334      325      297      281      314      231      238      238      248      235      213      184      195      157      147      160      135
      112      119      119      120      110      117      101       96       89       91       78       77       76       57       66       50       55       54       58       62
       58       45       53       59       66       84       65       65      103       81       72      104      107       85      118      123      136      115      121      136
      132      177      176      171      167      180      187      208      208      246      267      249      287      308      322      302      376      392      366      433
      407      420      484      462      507      474      483      520      493      482      491      468      499      506      511      483      449      420      412      409
      413      400      370      351      330      320      306      317      255      261      208      223      221      264      203      180      151      164      149      142
      126      127      143      111      110      118      109       92      116       98      101       86       89       68       69       68       59       50       63       57
       38       65       64       76       76       65       81       92       87       84       95       94      100      111      101      107      118      139      140      149
      168      169      150      182      159      219      210      208      249      243      251      245      284      313      312      368      385      369      380      403
      461      436      525      525      524      547      531      578      609      567      609      565      590      549      552      533      481      524      452      463
      416      400      418      413      357      334      333      339      281      284      266      257      238      210      180      176      191      175      164      153
      151      128      117      128      114      105      106      104       93       92       80       66       73       74       73       85       55       59       60       52
       53       68       51       66       70       79       84       69       91       92      106      115      105       82       98      132      133      131      144      167
      157      149      178      173      192      209      236      240      285      263      277      291      327      344      341      362      411      419      433      466
      489      490      531      570      510      568      611      554      649      659      649      616      609      644      565      555      542      517      490      529
      482      492      480      393      409      349      343      320      295      287      255      254      240      221      239      225      190      166      152      153
      153      123      134      101      118      118       97      107      103       93       77       93       82       75       77       65       64       65       54       58
       50       66       53       61       72       70       77       94       90      105       99       90      101      130      100      118      121      136      129      164
      150      170      193      187      205      200      207      223      262      283      304      327      363      343      401      376      472      445      459      503
      506      555      529      570      646      617      661      633      643      720      724      711      649      674      677      651      588      589      549      548
      501      486      425      413      417      366      368      314      316      294      290      265      247      218      229      197      225      189      141      165
      169      127      128      129      123      120      114      111       93       86       74      101       70       59       66       62       55       63       78       46
       57       65       63       70       76       79       73       91       67       81       91       87      118      120      106      132      150      145      149      155
      167      186      176      208      206      235      273      232      271      302      318      354      371      383      434      404      492      454      526      541
      575      580      626      688      626      681      721      684      818      713      795      758      763      738      779      680      666      669      610      540
      563      546      520      452      480      416      387      352      359      315      295      273      272      237      221      218      191      189      189      154
      172      170      145      135      128      156      111      106       92      100       92       87       78       71       60       64       78       59       75       56
       57       64       68       64       70       74       69       82       68       93      101       77       99      129      130      121      127      119      140      155
      175      166      178      215      217      252      254      291      285      333      331      338      357      398      442      442      509      519      579      584
      638      676      705      721      721      782      749      817      794      823      866      812      835      836      788      727      704      729      660      602
      585      558      543      524      484      453      387      398      392      347      309      289      289      255      252      193      209      189      171      152
      163      173      151      136      147      115      127      126      111      115       83       88       81       66       71       71       66       58       55       59
       56       58       73       76       58       79       81       77       87      104      109      100      118      122      107      129      151      154      185      168
      152      180      198      190      236      224      265      277      318      342      336      390      397      445      462      500      541      576      660      659
      650      701      704      823      799      847      894      927      865      913      929      992      932      878      912      816      799      770      712      708
      670      574      580      497      536      491      440      406      372      358      315      265      299      252      265      226      234      208      189      194
      157      148      147      133      135      112      124       94      119       88       87      100       79       78       67       52       77       65       69       65
       60       81       57       79       84       79       79       86       87       87      108      111      122      103      127      159      136      159      192      166
      198      182      200      203      253      255      262      277      296      330      356      384      457      441      414      493      584      575      681      686
      754      763      843      895      850      957      946     1011     1018     1022     1008     1045     1033      994      907      870      892      833      851      766
      728      723      623      563      531      475      454      410      405      343      323      325      281      285      270      263      236      210      212      194
      179      176      141      164      139      124      140      114      105       89       95      111       89       85       86       71       77       79       84       55
       58       73       71       45       77       78       81       97       77      105      103      102      114      118      116      136      144      170      161      151
      173      190      214      224      252      281      286      280      342      354      393      428      484      448      531      545      593      638      693      742
      787      875      895      930      967     1116     1182     1107     1183     1225     1151     1202     1092     1107     1070      977      963      920      892      781
      791      764      677      578      583      545      471      408      420      396      358      364      321      301      258      222      241      210      212      198
      160      169      188      146      117      142      121      116      113       89       93       95       91       82       91       77       78       77       54       56
       60       56       60       69       71       72       76       73       85      111       94      125      121      131      120      138      146      154      145      198
      179      205      217      219      249      292      300      345      320      397      390      418      490      468      545      552      651      755      759      830
      817      922     1044     1076     1128     1188     1224     1257     1291     1341     1327     1354     1251     1247     1225     1128     1132     1080     1008      850
      806      726      700      686      614      548      505      450      444      420      337      314      315      319      278      225      226      259      201      214
      193      171      179      138      136      129      131      111      117      111       96       83       88      102       75       90       71       56       57       45
       54       62       66       63       83       65       76       91       92       98       87      119      110      140      156      144      176      195      168      160
      232      200      219      260      255      283      292      327      373      421      414      493      481      533      629      686      697      771      829      903
      977     1089     1017     1149     1305     1373     1431     1412     1547     1495     1540     1415     1512     1359     1291     1249     1136     1134     1008      997
      906      786      763      740      658      596      564      501      447      434      415      384      347      302      263      269      250      243      211      201
      194      213      191      167      145      152      134      134      118      114      108       99      105       70       92       74       71       73       58       77
       56       59       64       74       86       96       85       84       85       90      106      138      110      109      141      138      161      187      180      194
      189      204      218      265      253      273      322      345      390      401      455      483      492      553      613      632      717      778      860      905
      996     1053     1270     1403     1419     1504     1572     1685     1659     1712     1743     1700     1677     1553     1492     1455     1316     1258     1139     1073
      989      842      800      732      710      607      548      499      458      468      409      389      362      325      306      271      268      245      194      221
      204      202      159      169      138      133      127      118      118       99       76       89       81       95       81       74       81       67       54       65
       54       73       71       88       81       98       88       98       99      102      118      113      146      127      119      160      158      158      167      212
      203      231      235      254      283      313      335      369      406      422      476      477      529      583      695      657      792      777      903      985
     1101     1245     1333     1528     1575     1699     1821     1882     1921     2037     1993     1949     1833     1810     1714     1550     1532     1382     1326     1112
     1108      941      901      828      667      650      598      547      491      521      418      388      397      295      329      278      264      280      210      188
      193      188      173      183      171      132      120      129      103      117      116       88       88       76       74       77       72       77       67       74
       83       63       58       63       85       86       97      100      108      112      119      126      147      126      123      150      164      160      189      207
      206      284      229      265      290      296      334      354      403      398      484      528      566      573      635      722      811      857     1029     1090
     1261     1407     1483     1685     1771     2021     2091     2239     2328     2328     2308     2336     2161     2143     2063     1776     1749     1470     1355     1190
     1104     1060      939      809      792      656      614      590      580      474      434      423      378      350      331      294      261      265      239      243
      182      193      171      154      137      154      126      125      127      118      119      112       86       81       91       76       95       84       75       67
       67       63       69       78       84       89       82      102       93      101      117      122      151      138      162      155      180      188      189      209
      234      273      235      281      303      337      362      377      399      456      476      536      590      612      674      804      926      952     1125     1255
     1329     1455     1616     1828     2101     2192     2428     2699     2795     2811     2737     2701     2691     2420     2199     2007     1837     1621     1567     1289
     1135     1086      974      842      732      762      626      632      519      515      452      423      317      327      291      282      282      265      247      239
      164      181      181      181      166      153      143      115      120      126      108      105      109       96       77       68       85       71       77       68
       70       67       87       80       74       64      109       76      107      115      111      111      126      127      138      153      151      206      186      204
      225      225      245      285      285      346      366      421      389      476      498      588      597      737      769      843      898     1017     1175     1233
     1434     1606     1809     2072     2259     2556     2898     3066     3434     3341     3423     3308     3098     2849     2564     2322     2099     1858     1559     1389
     1234     1119     1037      948      860      725      650      635      553      487      464      400      372      312      322      295      257      246      250      211
      228      202      202      168      152      158      125      132      144      125      112      119      116       69       87       79       82       69       80       63
       72       62       83       77       79       69      110       87      102      108      109      113      112      132      126      164      196      154      203      245
      257      229      260      306      302      329      354      413      430      511      522      552      666      664      798      828     1000     1196     1170     1361
     1517     1703     1956     2167     2563     3071     3299     3701     4020     4236     4132     4186     3624     3359     2927     2615     2307     2080     1737     1499
     1340     1219     1148      967      855      834      684      669      597      547      458      477      410      377      366      302      288      257      249      247
      225      179      197      142      166      138      129      143      127      114       97       82       93       95       70       78       63       79       68       64
       68       62       68       74      100       90       90       86       86       95      120      133      137      132      144      154      186      191      216      227
      231      256      270      262      288      346      336      414      472      473      558      601      640      730      814      858     1050     1128     1353     1456
     1737     1962     2146     2446     2880     3364     3901     4472     4947     5327     5257     4828     4577     3971     3361     2966     2462     2111     1945     1697
     1462     1299     1138      961      939      795      767      621      628      520      467      462      406      334      354      299      321      294      257      258
      223      212      182      195      151      147      140      131      131      116      115      106       95      104       86       63       77       76       68       67
       63       71       81       65       88       78      102       91      106      122      105      103      115      142      179      179      168      189      224      215
      223      285      275      319      324      327      415      406      438      486      539      567      629      749      866      971     1024     1135     1317     1544
     1782     1938     2307     2730     3278     3829     4574     5520     6509     6966     6840     6213     5392     4628     3740     3188     2737     2253     1924     1615
     1563     1308     1168     1045      906      817      754      680      577      513      467      457      403      376      352      306      300      271      270      218
      218      223      215      181      159      160      146      164      117      108      108      102       97       88       77       62       77       61       73       60
       56       67       73       64      102       83      116      112      118       91      107      106      126      138      139      166      185      198      199      210
      219      258      298      308      323      377      398      436      475      536      531      630      708      757      833      975     1061     1247     1318     1623
     1850     2129     2421     2980     3587     4396     5403     6815     8498     9597     9906     8360     6740     5460     4346     3594     3054     2486     2097     1724
     1564     1353     1224     1068     1002      895      763      676      639      573      535      443      445      366      333      347      313      283      254      253
      252      217      187      180      139      160      130      135      138      143      116      114       97       90       82       68       85       65       75       53
       60       78       73       83       82       80       88      100       94      112      119      111      114      137      160      176      204      219      178      223
      234      249      274      300      309      365      354      417      460      507      556      585      646      760      916      959     1035     1203     1383     1608
     1825     2199     2571     3191     3834     4812     6111     8185    11380    15075    15271    11435     8197     6136     4765     3726     3109     2577     2120     1799
     1513     1377     1261     1103      940      846      791      682      629      563      517      452      421      382      334      336      304      285      252      246
      207      201      181      157      158      163      146      144      139      100      101      101       93       73       88       77       83       68       73       65
       69       74       78       75       88       90      117       92      111       93      114      164      154      137      166      168      184      163      202      233
      253      287      292      298      329      364      412      452      452      521      528      635      695      785      852     1007     1092     1255     1414     1670
     1873     2224     2629     3132     3827     5133     6548     9077    14413    28262    28423    14314     9056     6433     4969     3817     3121     2709     2162     1810
     1629     1421     1206     1070      959      916      767      667      592      586      453      523      396      362      367      371      327      266      260      234
      214      203      190      177      184      153      136      130      146      117      105       87      103       80       94       94       97       72       64       64
       62       74       78       80       94       86       84      107       99       98      131      123      115      144      155      161      168      191      197      206
      247      230      293      286      290      354      398      425      477      524      534      599      671      721      874      987     1104     1211     1371     1588
     1851     2225     2626     3254     3951     5138     6757     9042    14117    25753    26244    13855     9007     6496     4775     3814     3230     2607     2236     1912
     1604     1308     1247     1074      980      875      755      703      625      594      517      481      426      397      350      344      318      300      260      243
      221      189      180      156      146      151      161      142      117      143      126      100       98       96       85       93       65       67       80       73
       59       64       93       82       73       96       94      101       92      107      103      117      135      151      139      164      184      181      230      222
      218      269      294      276      333      365      429      414      452      532      550      593      669      747      860      967     1085     1210     1415     1581
     1850     2175     2626     3127     3685     4831     6094     7933    11071    14302    13943    10796     7918     5970     4640     3774     3024     2674     2113     1879
     1581     1293     1163     1010      928      801      751      692      606      553      566      431      421      425      370      323      306      277      255      223
      211      192      195      172      159      160      130      142      116      140      125      125      111       86       65       82       80       54       69       63
       68       65       75       68       75       91       91      105       86      113      118      132      138      123      171      194      173      176      212      205
      231      265      276      293      354      357      368      447      464      480      559      605      713      728      866      977     1166     1232     1345     1555
     1851     2160     2385     3040     3518     4323     5422     6711     7972     9321     9322     7857     6575     5288     4223     3530     2898     2464     2012     1802
     1516     1349     1253     1104      880      795      766      658      580      539      509      492      438      366      346      327      299      289      255      240
      230      174      191      194      156      145      141      120      146      107      113      117       89       84       80       81       85       70       59       71
       63       61       83       95       95       79       83      103       86       98      109      137      145      147      166      152      168      186      191      209
      210      275      296      270      293      335      341      431      455      508      538      624      696      714      821      982     1017     1178     1221     1529
     1747     2042     2442     2768     3262     3836     4560     5531     6202     6701     6556     6106     5325     4558     3905     3230     2754     2300     2012     1815
     1450     1287     1155     1050      935      790      757      671      582      551      477      443      370      355      358      329      312      235      278      220
      205      183      204      178      169      162      140      153      113      122      119       75      109       93      100       70       72       70       75       74
       72       64       83       89       81       79       70       90      117      110      108      109      121      153      150      149      172      207      201      210
      207      259      275      299      332      336      382      413      426      458      555      540      616      733      828      885     1021     1117     1205     1455
     1603     1872     2093     2600     2769     3292     4024     4534     5012     5127     4994     4962     4464     3795     3235     2973     2567     2104     1969     1592
     1435     1306     1169      995      882      797      766      671      590      542      482      451      403      390      326      328      328      301      254      242
      199      208      187      158      170      135      135      157      120      110      120      117      109       83       88       78       69       68       64       64
       81       54       53       82       80       87       94       91      100      103      134      123      118      134      150      163      165      167      210      220
      220      259      256      301      270      341      327      386      429      519      533      614      648      675      791      845     1007     1008     1248     1453
     1607     1816     2026     2306     2619     2975     3379     3719     3907     4042     4063     3985     3597     3305     2837     2620     2308     1984     1756     1621
     1368     1244     1075      935      862      766      670      611      598      507      524      441      399      378      321      310      276      262      225      209
      216      198      215      149      173      142      145      125      130      106      108      124      104       72       98      104       68       64       76       65
       56       92       64       75       72       86       96       93      101      102      105      130      124      152      125      180      179      177      201      221
      243      249      267      293      302      310      383      399      465      445      514      573      672      757      754      865      969     1116     1161     1327
     1445     1610     1848     2067     2291     2581     2848     2978     3262     3333     3213     3228     3075     2689     2565     2344     2091     1835     1538     1433
     1287     1205     1009      933      836      692      677      593      550      546      392      415      423      377      330      326      278      244      237      228
      221      211      209      157      165      162      122      134      134      116      113      100       95       99       83       76       69       75       70       69
       58       63       73       75       77       88      101      100      121       99      118      114      128      151      152      174      216      147      209      212
      252      222      264      253      271      299      347      340      407      443      485      531      592      620      734      799      951      932     1110     1243
     1356     1458     1625     1876     2030     2339     2496     2660     2612     2753     2773     2687     2549     2385     2221     2052     1775     1680     1445     1382
     1154     1108     1038      887      814      740      662      606      545      477      459      418      368      345      300      302      281      254      245      195
      207      180      172      167      193      146      118      131      121      109      112      118       93       91       83       89       77       72       84       78
       91       67       83       80       57       69       88       82      126      115      110      140      143      149      132      156      162      188      205      246
      217      226      245      258      281      314      389      376      396      435      451      502      616      649      690      716      873      906     1037     1105
     1263     1413     1455     1729     1802     1991     2113     2240     2234     2403     2336     2314     2181     2094     1936     1757     1661     1602     1399     1205
     1057      938      934      805      747      675      667      599      505      466      427      445      379      347      324      284      282      261      240      211
      203      208      146      187      155      132      137      136      125      118      103      104       89       92      104       94       87       71       87       60
       60       67       72       73       72       96       87      110       90      103      100      131      137      137      149      145      164      176      191      209
      228      221      233      263      276      319      294      357      413      399      463      505      582      575      618      733      772      895      890     1058
     1111     1307     1374     1593     1574     1740     1826     1949     1937     2014     1943     1910     1880     1836     1686     1599     1395     1365     1257     1178
     1030      949      894      751      688      662      606      516      507      451      436      369      341      332      290      256      303      237      236      213
      173      183      196      173      160      147      135      130      108       98      107      104       82       84       78       90       81       64       59       65
       58       76       82       91       85       72       83       93       78       98      115      120      122      126      125      174      162      189      190      202
      207      217      220      255      276      289      324      327      393      414      438      458      536      564      633      689      714      794      895      934
     1103     1147     1238     1341     1379     1486     1615     1594     1739     1729     1732     1649     1771     1621     1490     1418     1377     1245     1163     1022
      983      858      829      683      657      620      565      555      476      463      367      412      346      316      285      264      253      222      199      241
      173      152      214      150      142      163      134      133      124      120      100      102      113       81       92       80       62       65       76       49
       50       64       55       91       86       85       76       91       86       99      120      109      127      117      151      156      181      166      188      195
      217      229      226      217      281      306      306      351      378      405      439      521      501      558      629      655      698      774      826      924
      951     1063     1086     1272     1239     1351     1433     1379     1574     1463     1521     1504     1469     1403     1319     1359     1150     1162     1040      988
      912      794      795      740      646      583      570      516      448      439      408      359      342      320      270      242      243      232      242      204
      194      187      195      161      131      154      137      132       91      113      108      107      102       85       73       81       94       78       60       61
       61       56       65       77       71       94       86       85      110       94      108      127      124      115      143      139      172      176      179      185
      190      221      224      239      260      285      307      328      345      393      453      427      478      516      544      604      655      753      785      756
      900      974     1034     1125     1123     1186     1318     1260     1323     1324     1264     1283     1289     1296     1148     1111     1083     1011      897      884
      817      790      720      677      607      564      468      508      409      418      397      357      341      293      256      259      227      215      193      186
      174      162      154      116      150      133      133      125      119      122      102      119       84       95       63       86       65       63       58       62
       59       79       77       69       82       70       74       99       87       96       95      130      136      143      155      135      173      160      184      190
      179      200      216      216      273      288      337      294      337      347      414      427      474      536      543      627      554      640      717      797
      816      872      917      978     1063     1127     1130     1156     1133     1245     1199     1183     1114     1056     1082     1022      975      859      916      803
      776      682      663      612      562      553      481      464      415      391      387      310      302      292      243      276      233      238      217      195
      189      164      161      149      132      133      135      137       95      110       88       85       95       73       76       72       76       61       60       58
       67       72       74       84       70       75      103       83      102      102       95      113      123      117      136      146      187      159      160      174
      201      204      220      219      260      289      297      307      327      354      361      433      466      443      519      537      591      627      672      675
      746      821      838      801      948      907      948      980     1019     1032     1091     1069     1000     1006      978      894      901      828      823      732
      673      665      638      572      592      498      461      413      414      357      346      336      348      283      266      236      228      217      218      173
      173      168      152      144      143      105      130      115      111      119      109      101       92       74       75       65       78       64       67       59
       53       77       69       89       73      103       91       81       84      118      123      109      123      108      120      133      138      163      168      175
      191      193      216      223      239      247      274      278      284      315      370      388      448      456      460      519      559      566      597      588
      691      764      795      812      827      853      881      882      957      956      948      934      910      896      894      816      783      738      763      690
      674      652      596      507      559      471      458      390      418      372      319      368      275      280      246      222      227      192      181      179
      159      174      144      163      130      124      130      105      113      105       95       76      103       85       76       79       53       54       57       57
       47       65       70       59       57       74       84      108       83      108      111      105      127      124      126      127      147      116      165      178
      174      144      192      203      238      276      267      247      302      325      313      357      348      403      469      446      489      532      532      598
      590      708      675      770      751      778      778      850      838      869      844      825      810      788      767      799      702      660      644      623
      599      562      542      497      490      434      424      426      379      335      282      288      279      289      233      240      184      195      193      174
      159      175      134      146      130      106      124       82      112       93       83       85       87       69       68       74       68       72       63       75
       55       48       57       66       74       83       69       78       72       99       85      109       88      105      102      138      124      122      160      150
      176      190      185      191      220      235      256      307      297      310      326      345      342      414      390      397      444      505      549      514
      587      662      628      669      707      753      707      707      769      801      812      773      739      726      718      670      591      616      634      605
      581      540      462      501      454      419      382      335      329      320      314      290      281      234      225      209      220      194      191      162
      173      156      146      171      145      128      100       95      113       89       84       89       89       78       66       75       77       39       66       55
       44       74       58       61       58       69       70       81       91       92       95       90      112      110      107      119      135      141      136      149
      173      179      175      174      210      202      264      255      278      279      276      316      354      358      409      451      475      442      469      535
      505      577      589      640      637      676      593      677      694      679      640      725      710      656      612      674      561      580      541      544
      519      499      491      474      396      399      350      303      333      286      308      227      267      251      258      197      191      191      166      167
      140      155      117      119      135      127      110      108      120      104      106       69       78       82       79       73       77       73       55       57
       52       57       52       51       59       69       70       85       83       79       84       99       88      107      101      113      136      120      145      121
      159      178      181      201      188      201      216      257      267      272      258      324      307      365      381      431      381      414      465      456
      500      495      505      555      546      618      604      594      640      671      580      628      651      583      525      550      587      511      510      479
      473      443      435      407      391      398      366      348      290      267      297      268      261      227      242      212      200      184      165      159
      147      143      146      130      140      125      137      105      109      112      117       82       78       88       56       53       61       67       61       48
       62       54       65       66       66       66       65       83       79       95       86      108      108       95       92      131      154      130      126      178
      142      134      187      150      188      201      205      269      257      260      291      341      297      306      350      398      338      367      438      416
      505      482      540      498      534      565      503      568      506      539      525      568      590      524      543      488      524      467      469      486
      429      400      381      424      346      342      316      295      303      263      268      250      233      250      187      216      187      185      149      150
      138      159      126      125      125      105      118       94      102       88       86       77       71       66       81       60       56       68       57       46
       55       62       59       61       67       64       60       99       87      111       86       94      104       95       99      134      118      150      134      149
      172      143      171      153      189      187      215      214      225      245      260      294      296      323      323      330      361      354      383      401
      410      466      474      459      474      500      490      479      517      512      511      515      513      501      510      444      498      427      389      435
      410      380      365      340      345      334      321      250      276      246      243      231      232      203      210      182      185      184      171      171
      142      143      114      112      119      110       99       84       85       69       81       70       78       69       75       56       59       44       47       78
       49       50       59       67       75       64       83       81       74       83       80       75      104      108      111       94      128      114      141      149
      141      143      158      181      224      185      222      208      212      239      262      237      283      265      298      328      340      342      374      364
      395      445      414      428      410      409      473      455      467      508      475      463      430      476      433      413      431      398      428      394
      371      378      351      334      328      310      293      243      287      245      221      212      198      223      212      198      184      182      159      150
      159      134      116      110      138      107       97       91       87       85       67       83       66       69       67       73       61       54       50       50
       66       55       55       79       84       73       58       87       97       81       95       83      116      109      108      112      121       99      130      135
      128      145      157      160      167      185      185      230      200      197      208      220      261      266      278      305      296      363      312      354
      370      339      372      382      398      419      423      441      411      435      429      454      448      426      391      428      395      395      391      373
      378      347      345      327      296      253      287      270      256      245      226      193      198      187      180      172      182      157      146      145
      143      127      118      109      105      110      109       93       94       90       82       89       70       72       82       59       52       56       71       61
       50       55       66       65       54       46       82       65       89       79       70       80       85      116      101      118      126      156      142      124
      125      139      131      174      173      179      194      198      180      208      211      251      265      255      246      289      303      303      326      338
      337      360      343      319      377      386      458      380      385      420      391      403      376      370      403      405      359      342      409      322
      300      309      293      243      285      268      266      255      251      234      214      212      198      184      187      145      152      165      138      119
      127      128      110      121      104      103       95       98       97       86       69       75       77       56       55       63       42       50       54       52
       54       61       57       63       70       77       66       62       72       83       81       81       96       99      102      112      109      123      109      142
      111      153      147      149      132      143      159      166      178      185      230      242      225      242      225      235      260      283      310      300
      292      345      336      310      337      375      381      356      358      350      400      369      352      363      333      350      328      306      340      303
      291      310      321      267      296      272      209      244      204      208      208      201      183      199      173      185      162      132      119      127
      118      119      113      101      101      113       85       70       70       82       73       75       63       70       71       67       55       66       46       45
       56       46       47       70       68       83       70       87       66       81       89       88       93      104       80       96      103      116      108      127
       98      137      151      161      151      150      163      176      166      188      175      176      232      229      263      274      253      257      283      262
      270      302      323      281      311      342      319      339      303      303      308      359      312      304      372      340      284      324      311      284
      279      298      282      280      257      218      206      210      211      192      187      184      193      182      145      156      121      139      116      138
      117      112       96      111       96       85       79       94       77       85       82       76       83       60       65       60       45       64       48       46
       63       50       49       63       62       53       53       63       78       63       75       73       78       88       99       99       93       89      128      116
      124      121      126      152      141      154      143      165      139      184      173      181      193      234      240      234      248      232      284      234
      266      283      258      257      301      312      319      305      304      293      315      304      323      321      287      263      322      318      256      249
      274      265      218      235      240      203      217      180      201      185      179      171      149      154      126      154      126      128      136      123
      114       98      109      135       94       91       83       73      101       86       64       53       64       60       60       59       60       58       48       58
       49       49       50       61       73       59       61       58       78       72       54       78       71       78       98       96       86       99      101      102
      131      128      113      123      131      171      144      165      169      171      195      200      190      205      219      222      245      233      221      258
      250      254      266      267      256      253      248      259      268      273      280      257      305      262      273      289      270      278      271      262
      216      220      240      230      233      237      196      178      171      190      167      147      157      162      132      143      117      122      137       98
      112      115      100      108      108       66       87       80       95       85       76       70       62       64       63       50       55       53       55       39
       37       52       51       50       55       54       66       51       57       73       58       64       60       92       98       93       93       98       87       89
       94      122      107      126      137      162      138      152      174      140      154      166      171      174      211      212      204      213      193      254
      221      241      244      265      263      238      266      236      235      247      275      268      280      276      242      270      261      266      247      270
      235      211      208      215      200      196      173      188      177      156      182      148      135      134      172      120      112      116      109      131
      110      115       84      104       80       87       71       79       83       74       71       72       69       57       69       57       61       55       37       50
       39       44       47       51       38       48       64       59       64       74       72       76       86       68       74       86      106      100      102      102
      116      128      109      129      127      137      153      153      142      171      199      143      181      175      197      192      198      203      242      222
      204      210      235      185      230      222      205      265      232      234      237      250      248      290      233      232      235      253      257      231
      239      202      210      237      187      220      190      162      163      169      156      148      131      126      130      106      119      106       97      108
      115      103      105       95       83       83       92       61       90       69       79       58       68       64       45       70       55       50       59       50
       31       49       40       43       52       60       57       66       49       56       56       61       79       73       69       71       94       88      107      100
       98      101       93      120      113      126      129      132      145      132      163      158      171      183      174      196      186      184      192      215
      202      211      191      253      240      239      195      195      229      254      229      226      222      230      206      220      199      204      231      197
      168      172      190      167      187      178      174      172      160      147      157      145      144      120      140      126      108       95      109       98
      109       90       91       84       85       91       63       77       82       60       73       57       50       53       57       57       43       42       49       47
       50       41       58       57       57       52       47       64       57       70       87       68       58       83       83       90       76       81       91       97
       76       99      103       98       94      118      135      132      130      140      121      164      144      172      182      184      173      189      182      181
      204      162      196      202      193      188      211      203      218      193      233      213      209      214      167      245      230      186      183      191
      198      184      186      174      168      152      148      158      158      135      139      144      142      118      145      110      109      112      107       93
       92       97       80       90       81       90       68       64       67       81       62       71       57       57       51       58       44       43       41       34
       37       45       34       61       44       52       56       54       63       64       66       88       74       58       83       91       87       77       73       97
       88       92       93      105      128      138      108      141      139      120      145      111      130      149      156      170      174      163      160      185
      177      188      204      177      185      208      187      181      196      186      177      204      195      205      196      186      221      196      181      167
      172      173      170      212      158      149      122      167      149      150      151      112      131      100      118      100      123      100      102       85
       75       91       84       70       64       80       70       81       73       58       68       49       52       40       59       43       40       47       50       43
       35       44       42       53       50       53       42       45       45       75       57       66       69       70       66       76      104       91       72       83
       92       98      103       98       91      102      112      102      121      135      122      143      131      140      120      160      160      162      173      166
      156      172      191      167      188      196      196      174      167      165      198      208      184      196      174      208      177      164      166      167
      203      152      134      153      155      143      152      133      116      136      140       99      100      109      105      103      109       93       97       89
       97       95       72       75       60       72       74       61       56       57       65       54       50       46       55       45       56       48       39       44
       38       34       37       46       39       63       55       49       58       38       48       60       61       57       78       78       66       77       71       61
       88       86       77       85      118      133      111      103      109      140      127      123      112      128      145      133      143      173      154      167
      140      164      154      173      169      207      177      180      200      149      157      173      190      173      167      175      158      167      142      162
      163      147      133      146      143      165      138      141      130      115      128      118      106      107       87      104      116       89       76       72
       94       80       80       60       66       75       63       73       57       61       55       65       57       43       49       35       50       43       33       36
       32       42       50       46       42       49       45       53       54       49       61       52       53       80       68       63       64       58       74       77
       84       95       93       93      102       93       74      114      103      119      126      112      120      139      139      136      138      138      108      135
      142      142      177      135      156      159      147      143      175      162      154      168      161      182      141      180      149      177      162      147
      144      148      126      134      143      133      120      116      135      118      118      112      108      101      102       88      110      105       83       98
       82       60       87       83       72       63       72       56       51       67       57       55       46       48       46       41       53       37       41       39
       35       33       34       39       61       58       59       43       45       50       51       64       48       59       76       65       81       73       79       95
       71       76       86       76       98       90       77       94       88      120      119      121      127      111      126      109      137      130      151      144
      136      133      133      129      142      137      137      144      143      150      143      144      145      151      161      141      143      155      148      128
      143      119      130      123      122      123      136      110      109      107      117      107      100      107       94       87       90       84       81       78
       79       87       74       64       75       58       63       57       65       50       60       49       51       44       45       36       40       44       40       40
       28       29       45       51       40       48       59       49       46       48       61       45       48       53       77       60       66       73       81       68
       79       91       81       91       83       86      104      127      102      114      102      115      112      102      120       97      129      128      111      118
      140      120      124      143      140      136      139      127      153      118      133      142      164      143      131      121      143      130      141      139
      129      131      115      127      117      111      107      125      104      120      116       90      100       91       81       92       80       71       61       84
       82       85       59       56       72       59       58       42       70       56       42       55       46       43       45       34       33       38       35       40
       46       37       39       37       47       37       39       45       50       59       50       57       57       65       63       63       65       72       65       75
       73       64       87       86       80       74       77       87       95      103      103      114       98       95      116       98      121      110      131      119
      112      128      157      117      109      146      137      124      147      120      144      148      124      148      161      155      121      131      130      106
      131      131      112      125      131      109      129      106       97       96      105      111       86       78       93      108       91       79       64       74
       61       67       63       60       59       50       69       61       46       50       46       44       48       36       58       52       32       24       33       40
       34       30       39       24       37       33       41       48       50       50       48       51       66       44       50       59       51       58       60       61
       69       67       67       81       67       79       97       87       93       81       78      105      117      110      101      115      118       91      102      114
      129      123       96      106      126      128      101      110      118      121      131      132      117      118      120      105      118      127      134      108
      118      113      103      108       89      100       94       98       93       98       94       74       94       90       77       77       83       62       80       69
       64       54       58       42       60       48       46       59       56       62       35       42       50       50       57       40       36       29       41       35
       27       44       29       35       51       26       48       48       47       49       56       56       60       57       50       52       64       73       62       72
       66       89       82       63       59       76       73       76       71       86       90       80      114      106       91      106       96       95      121       96
      109      120      127       86      124      100      100      121      131      134      129      111      153      112      124      119       97       89      103      126
      108      102      119      126      106       95       94       90       96       91       92       90       62       80       80       82       78       80       76       70
       66       63       63       61       55       50       50       54       45       41       45       44       35       34       29       35       36       47       35       26
       23       39       34       42       51       48       52       45       50       37       35       56       45       54       48       54       64       61       62       67
       63       65       68       71       67       81       75       83       73       92       76       96       70      103      100       79      122       92       85       97
      121      107      107      126      105      108      115      119      119      113      106      128       88      102      118      111      113       94      105      106
      121      125      110      105       99      116       89       89       81      103       98       82       89       79       89       76       73       89       61       53
       48       44       60       55       49       48       56       49       62       33       46       38       35       37       42       37       30       28       35       40
       23       33       40       38       38       41       32       44       36       37       51       43       51       57       58       48       59       49       69       68
       61       76       65       50       63       81       59       92       76       75       84       72      100       93       80       92       86       91       96       81
      100      111      107       96      104       96      118       88       97      107      116      117       99       96      102      103       94      121      111      106
       99       87      105       93       95       91      108      102       90       79       70       89       70       76       66       82       80       69       54       52
       62       54       47       48       41       46       52       39       31       49       30       50       41       38       37       44       34       30       32       46
       31       39       41       33       31       44       40       30       40       40       41       41       42       44       51       49       46       53       68       68
       51       64       76       62       60       63       65       61       79       75       66       67       83       76       95       96       92       99      101       70
       92       93      100       99       88      102      119       84      102       83      102      100       77      112       91       95      122      112       89       85
       99       90       97       89       74       78       95       85       77       65       62       67       73       77       79       67       63       54       66       55
       63       53       40       58       56       56       43       49       48       27       40       36       40       35       40       38       37       37       25       41
       49       39       34       35       35       34       34       35       39       41       33       53       41       45       59       58       56       56       53       64
       50       67       65       48       78       52       64       80       71       75       59       81       78       83       72       87       89       80       70       79
      113       75      105       90       93      107       91       93       85      100       97      107       86       86       90       81       98       97       89       79
       96       81       69       84       83       94       68       79       63       76       63       68       88       78       76       56       69       64       50       55
       60       60       53       43       53       44       38       55       52       40       43       41       39       45       44       31       30       28       42       22
       32       32       25       30       37       36       32       33       40       40       36       41       45       50       43       43       65       46       56       49
       53       65       52       48       48       65       58       53       70       59       95       81       79       71       82       71       80       93       80      101
       81       83       83       97       87      105       78       83       80       95       91       82       84       86      111       98       82       76       76       89
       80       95       95       78       58       75       60       70       69       76       65       58       75       68       60       66       64       59       60       51
       54       54       53       45       56       51       47       48       36       43       37       49       30       37       44       22       35       31       33       31
       26       28       31       26       31       28       33       41       31       33       34       45       54       41       51       43       37       45       49       46
       48       52       45       61       41       51       52       58       78       61       57       76       71       67       72       72       78       72       72       80
       97       85       80       71       78       88       85       93       96       98       93       86      114       89       66       75       75       78       79       78
       84       76       72       80       78       78       72       66       76       76       71       58       60       56       51       63       51       56       40       45
       41       54       51       50       55       41       56       45       38       37       48       30       35       27       32       40       37       38       21       22
       26       34       25       28       36       41       29       40       38       40       44       35       38       34       53       46       48       49       54       56
       39       46       50       66       51       69       75       65       55       70       67       71       65       81       63       63       60       69       66       73
       72       79       85       79       66       71       85       91       74       76       75       76       81       90       85       77       82       79       65       91
       76       76       54       81       73       76       54       72       67       68       62       47       55       72       66       63       40       58       50       44
       52       48       52       50       44       45       40       31       35       33       30       47       42       44       36       35       39       25       24       28
       27       35       26       33       38       38       35       47       39       40       35       56       41       27       39       50       53       54       40       29
       49       47       45       59       62       60       56       45       75       78       68       55       60       65       72       61       66       61       50       71
       71       79       70       72      101       91       70       91       76       71       80       79       81       66       69       69       76       80       63       71
       55       83       69       73       60       87       60       73       51       59       43       62       70       60       57       52       41       48       56       54
       43       40       47       36       39       41       43       47       38       34       35       62       25       38       25       29       32       23       39       24
