       23       35       35       31       37       45       27       35       34       38       31       36       44       48       51       44       49       38       45       51
       35       53       56       60       55       46       47       58       56       73       51       69       64       63       71       78       71       55       64       72
       70       84       79       77       78       75       77       78       72       80       64       70       77       64       83       77       88       63       80       63
       77       62       83       64       54       74       69       62       66       54       59       58       54       58       57       63       49       60       61       52
       59       34       55       36       34       53       39       43       40       33       42       15       26       36       42       43       28       28       27       32
       24       25       30       26       26       31       32       40       36       45       28       29       33       31       27       45       44       43       53       46
       45       59       49       49       47       67       37       60       50       59       57       55       61       56       69       67       74       81       71       73
       79       67       72       83       65       76       82       87       87       73       77       78       90       65       62       68       71       74       83       78
       91       69       70       76       52       78       58       63       59       79       61       69       48       64       43       50       63       51       43       46
       50       59       57       47       42       49       47       37       31       38       45       41       33       37       41       40       30       32       29       26
       20       31       24       35       43       37       24       39       40       35       42       39       33       49       53       34       52       51       33       55
       57       53       51       58       62       64       55       48       58       66       59       78       64       64       71       73       73       75       76       70
       75       71       79       72       75       75       70       78       80      105       66       96       75       79       78       69       67       83       77       84
       86       76       66       48       70       75       65       58       76       59       58       61       68       55       44       59       50       56       57       61
       32       42       38       57       46       34       41       48       37       36       38       34       28       42       41       24       23       34       35       27
       25       27       28       28       38       28       37       29       42       43       42       41       51       46       57       42       44       52       39       49
       43       42       61       68       69       59       70       65       51       59       64       67       74       81       68       70       80       81       87       70
       79       78       88       70       95       90       68       70       87       85       85       95       83       74       72       82       84      107       78       94
       86       66       68       82       60       71       95      102       80       62       65       74       69       69       55       65       61       62       39       55
       45       45       45       37       40       46       40       43       35       32       36       42       40       31       31       43       35       29       38       34
       24       22       29       36       37       38       31       33       39       37       44       49       38       47       38       41       43       71       49       51
       73       53       59       53       49       66       78       57       75       79       68       78       82       87       76       86       83       79       87       74
       85       81       72       83      101      108      109       82       74       99       88       90      102       78       99       89       96       83       82      100
       78       89       95       87       83       93       91       70       70       57       77       67       55       58       59       70       53       52       56       56
       59       68       47       43       62       42       55       43       44       48       39       34       48       44       37       28       28       33       37       21
       31       30       29       28       34       27       34       40       46       40       50       45       56       43       32       50       47       36       68       56
       50       56       48       66       54       61       50       58       69       69       80       92       68       90       83       81       84       78       93      100
       76       93       92       96       87       80       98       94       83      117      106      108      112       82      106       99      104       98       97       89
       85       81       91       87       70       70       79       75       88       89       69       80       66       65       64       60       70       56       47       55
       54       44       54       49       52       64       45       54       45       44       29       32       30       49       34       30       36       50       40       37
       35       34       19       28       38       25       44       47       32       36       43       50       48       42       55       51       66       46       46       69
       58       54       59       75       57       79       59       73       74       61       64       80       61       94       90      103       95      104      101       84
      104      101       93       80       87       96      118      108      120      102      103      104       80       97      107       96       89       94      101       87
       76       92      118       91       88       80       80       84       81       84       73       64       80       68       58       52       65       75       75       52
       44       48       63       48       35       44       45       44       53       36       37       37       37       44       35       48       42       37       32       30
       33       41       39       43       28       31       51       53       25       55       41       45       51       43       50       56       65       50       58       58
       63       63       62       50       71       63       74       77      106       87       69       88       91       95      119      102       88       88      109      115
       94      118      118       95      108       97       91      102      110      116       99      111      111       91       95       96      105      101      105      111
       88       94       96      108      103       95       74       89       75       86       82       80       76       78       66       95       73       70       60       65
       67       65       66       58       58       46       55       41       47       47       43       51       45       28       44       45       48       32       30       29
       39       29       31       37       39       29       38       48       35       46       43       44       45       62       42       48       44       50       60       59
       65       68       88       66       53       77       85       91       86       79       80       80       87       94       80      104       94      109      111       98
      106      116      115      119      114      119      113      121      122      116      116      115      107      119      113      115      104      131      100      103
      121      112      109       78       84      112       83       86       82       75       79       79       68       74       66       72       76       72       54       70
       64       61       61       49       64       63       62       44       56       51       42       48       55       44       38       44       38       32       28       41
       34       33       47       43       39       42       43       52       34       53       47       38       57       67       55       56       60       75       57       61
       76       72       86       71       98       90       81       93       85       98       80       92      103       87      114      118      100      128      103       97
      108      130      116      138      127      143      107      128      121      119      132      129      128      144      117      118      145      134      100      109
      111      112      113       98       90      114      107       98       98       89       94       94       75       60       76       97       75       97       64       68
       62       57       67       58       67       57       41       65       45       44       44       50       37       41       39       42       41       49       29       44
       42       38       42       43       50       55       30       40       50       48       36       75       53       42       67       57       58       56       63       75
       61       70       70       62       91       94       96       74       71      105      108      105      122      111      124      107      111      109      103      113
      123      140      116      119      121      133      131      135      112      139      127      137      126      101      139      152      134      107      123      131
      124      123      116      113      108      134      108      103       89       76       75      107       81       79       87       87       81       66       72       56
       62       71       56       59       64       67       62       55       65       61       48       42       44       48       36       46       39       46       35       32
       35       39       32       48       46       45       37       43       51       50       55       58       70       67       64       68       71       65       58       83
       82       93       74       80       66       75       93      103       96      104       93       97      118      128      134      117      106      123      123      124
      120      109      136      144      156      141      154      132      146      129      126      139      131      149      123      140      140      143      113      126
      121      129      134      142      109      109      111      101      112      102       84       92      104       75      101       81       94       90       68       67
       79       75       73       55       66       65       67       55       44       56       53       44       39       38       41       47       33       37       38       35
       22       39       52       43       42       40       50       41       62       58       52       53       67       60       53       58       75       86       75       65
       64       67       79       89      104       94       96       99      135      106      111      109      104      142      119      135      134      118      126      147
      135      128      154      139      138      139      168      158      150      164      168      144      170      151      129      162      150      131      144      135
      115      133      127      126      127      118      113      124      117       85      105       93      104       90      106       79       90       86       69       81
       82       74       65       67       81       54       58       56       60       48       54       53       34       39       46       56       51       32       32       52
       33       42       36       37       46       41       52       48       55       39       52       63       53       48       59       70       83       83       69       80
       67       86       76       77       84      103       83       95       88      113      116      129      115      124      139      125      141      151      136      139
      150      165      151      175      177      149      166      161      158      163      165      143      139      138      147      151      153      167      151      132
      132      148      157      133      134      142      143      126      117       99      116      101      106       91       80       75       76       74      100       80
       79       90       92       93       61       65       63       70       62       55       47       55       49       40       41       45       46       44       55       25
       42       35       34       37       44       48       66       66       49       62       71       68       70       69       45       64       68       82       87       90
       90       89       84       87       97      118      114      127      151      118      118      119      154      119      158      150      139      146      117      175
      172      149      151      163      153      152      160      154      151      198      151      166      189      160      196      157      166      190      143      154
      145      136      140      151      125      146      117      135      114      118       81      109       86      120      114      100      107       84       90       71
       76       68       75       85       72       62       61       68       63       55       58       56       56       48       49       44       38       42       46       42
       44       40       52       50       54       56       47       52       51       54       72       65       66       56       76       61       97       91       75      103
      106      108       99       98      114       92      106      108      120      110      118      123      138      153      153      138      138      160      175      164
      153      180      173      153      165      174      184      170      177      194      198      176      189      186      186      166      155      172      176      181
      160      156      156      176      157      146      132      143      129      104      130      107       99       98       97      114       99       86       77       85
       81       84       62       56       78       70       66       77       59       51       49       55       41       57       54       34       46       45       44       32
       41       35       36       53       41       58       54       53       60       57       49       79       76       64       73       82       57       84       85      100
      118       84      110      118      121      114      140       97      135      148      143      151      134      148      149      155      144      153      127      182
      198      164      188      183      159      199      214      207      190      193      188      200      186      193      171      224      181      197      180      148
      189      180      169      175      179      131      161      153      152      132      149      137      127      119      106      124      101       90      100       86
       80       98       71       61       73       81       93       72       49       53       61       52       54       57       57       55       51       46       46       36
       38       43       51       43       45       41       55       61       55       63       60       67       76       80       58       83       88       84       86       84
       83      107      104      114      122      118      104      132      138      154      142      145      155      137      164      180      156      215      180      191
      198      187      226      201      223      218      209      199      197      232      219      214      238      222      208      191      211      173      218      179
      160      200      184      168      169      151      143      121      143      167      124      131      127      129      107       97      125      109      109       99
      102       86       91       73       83       73       77       68       58       66       52       64       42       49       58       50       47       38       47       43
       51       39       31       51       33       51       58       51       73       68       59       65       68       72       70       73       85       90       80       89
       91      107      110      133      122      135      133      138      146      131      148      148      167      179      176      162      193      164      205      206
      230      230      212      220      255      243      220      227      228      219      225      234      242      236      229      215      204      217      178      198
      190      223      176      184      189      162      179      164      150      148      142      135      120      127      124      122      116      118      114       85
      100       88       98       93       87       71       74       82       58       61       51       53       58       57       62       75       34       48       53       36
       37       46       55       43       64       66       58       63       52       53       59       82       87       74       75       78       76       86      107      113
      106       95      104      123      111      141      131      127      154      141      163      163      176      184      178      202      207      168      230      197
      228      245      197      217      211      244      247      233      255      263      273      267      248      254      236      234      247      238      202      236
      232      205      202      208      200      190      203      163      164      180      150      140      150      141      135      111      114      112      117       99
      111       99       92       76       94       86       68       92       75       60       59       46       68       39       58       45       48       41       50       49
       42       51       54       52       48       41       46       65       57       74       66       76       61       91       88       82       88      109       84      104
       93      131      111      142      131      142      145      168      156      161      181      181      188      194      204      208      182      203      205      225
      255      237      227      249      267      295      274      239      293      271      284      278      242      282      263      266      259      229      260      229
      228      214      206      204      219      189      192      186      179      180      153      170      139      148      145      153      124      128       99      111
       86      105       93       93       88       73       62       68       68       79       58       79       56       51       48       53       48       51       48       65
       38       46       49       53       55       60       72       75       59       71       65       89       83       85       69       84      109       95      108      117
       97      127      148      135      126      156      151      174      156      179      181      184      181      193      196      207      244      219      240      248
      252      267      258      301      251      290      299      301      281      275      259      319      263      296      261      251      290      260      271      295
      254      231      242      218      207      225      203      218      161      172      191      161      162      166      141      127      144      123      105      118
      104      107      128       71       86       94       72       86       85       67       80       77       78       62       45       55       55       51       34       48
       50       45       53       60       46       68       67       61       88       65       83       68       70       74      115       84       95       92      103      131
      114      145      114      140      141      142      156      165      204      177      219      214      207      201      206      200      226      249      285      270
      273      283      291      297      299      329      310      292      317      333      268      330      301      304      296      294      241      302      284      279
      293      261      241      217      237      230      216      240      178      199      189      184      146      158      162      129      138      131      114      112
      135      102       92       93       88       95       88       90       76       75       66       66       64       96       64       54       57       40       43       54
       46       39       45       51       62       68       51       60       62       71       79       67       78       90      107      118       97      111      133      100
      122      120      132      166      140      168      171      182      165      180      196      215      227      201      249      286      246      267      292      282
      269      319      306      317      342      323      345      330      332      325      364      328      341      340      330      285      319      276      275      257
      271      283      288      260      230      242      204      220      179      192      180      196      176      155      164      121      123      132      138      111
      123      114      119      103       84       96       82       78       85       78       73       72       64       62       63       56       53       76       55       57
       64       62       61       59       64       52       61       87       66       69       66       81       95       81      100       92       96      104      130      141
      120      149      105      160      161      170      170      205      189      203      233      247      215      245      243      276      269      286      299      299
      281      314      339      324      349      333      353      372      385      371      373      389      365      377      351      355      351      331      319      335
      313      292      293      304      246      249      241      229      234      211      224      180      187      186      151      159      160      134      110      126
      124      111       97      116      110       86       88       95       78       70       65       68       67       73       58       57       70       65       58       30
       51       61       56       53       50       65       68       75       74       76       82       90       86       97      106       98      112      120      117      149
      138      151      161      154      158      202      202      184      208      199      217      221      256      241      275      265      298      310      318      330
      348      321      345      371      353      404      434      367      394      450      406      409      409      406      346      371      378      381      376      362
      342      297      296      313      280      233      267      234      268      233      204      185      204      189      168      162      155      145      162      130
      117      124      113      112      118      115      105       88       92       76       66       73       75       71       58       62       48       60       60       49
       39       48       58       53       62       48       84       72       71      108       67       87      107       96      112      108      131      137      123      142
      157      159      126      178      173      167      223      184      209      226      229      299      255      282      293      320      303      320      362      357
      346      329      334      370      413      428      440      446      477      466      452      421      450      427      440      467      412      441      433      362
      325      379      316      294      311      325      276      281      248      259      231      223      225      176      159      168      133      160      131      150
      151      106      133      114      121      100       74       75       97      108       70       73       68       72       66       80       49       42       50       51
       48       55       63       49       76       85       68       68       69       70      102       92       98       96      112       98      100       94      127      127
      144      173      169      202      171      182      193      186      225      219      254      261      274      291      321      335      356      318      352      400
      425      398      427      413      474      452      506      487      479      487      472      456      499      508      442      426      431      448      421      418
      382      394      350      355      323      307      327      281      304      241      239      233      214      198      200      172      181      171      149      149
      138      143      137      116      116       88       97       91       73      101       68       65       78       67       66       73       39       54       51       41
       38       65       67       67       78       71       65       59       83       94       80      104       97      114       87      110      111      136      125      132
      133      141      175      188      202      215      218      214      264      249      265      286      292      276      317      377      397      368      386      398
      403      469      452      488      465      510      504      519      574      541      540      571      503      522      534      504      453      517      461      440
      466      408      364      366      321      352      286      306      254      277      244      219      239      208      197      170      166      180      169      149
      143      114      149      131      110       86       89       93       78       82       76       81       67       75       70       61       62       55       53       50
       58       46       59       57       74       78       87       88       85       82       97       92      108      104      114      127      127      113      164      182
      154      174      176      175      200      229      261      263      232      252      272      295      350      359      347      369      387      424      437      471
      421      506      489      542      506      570      524      592      589      587      573      563      569      547      557      485      544      536      485      439
      458      427      418      407      383      363      332      290      296      276      246      224      229      211      216      192      174      192      168      143
      158      131      118      133      113      106      113      103       91       98       88       76       69       64       69       52       70       66       59       58
       59       52       55       73       67       75       44       77       73       91       81      101      103      100      113      147      127      125      160      147
      170      184      183      220      207      216      221      266      290      305      290      311      301      364      367      416      454      470      508      492
      498      521      578      585      572      672      666      636      621      653      650      659      642      662      592      605      538      554      537      508
      510      488      457      490      403      373      338      322      316      297      283      274      241      229      246      191      193      180      162      158
      166      167      151      127      120      107      100       97       86      104       80       82       64       80       58       65       51       53       72       64
       70       42       61       69       77       69       66       67       72       80       99      106      130      118      136      115      149      142      140      172
      183      175      194      222      233      235      244      275      288      324      326      302      303      335      377      421      434      489      537      546
      561      555      623      628      670      665      678      743      709      764      726      745      718      694      656      687      635      636      572      553
      496      544      483      461      400      442      360      328      360      340      306      311      264      214      237      215      191      180      193      193
      152      146      131      147      126      133      121      112       87      100      101       80       86       79       87       67       61       58       54       57
       74       57       59       69       71       90       72       94       69       75       89       86       91      107      121      147      122      159      164      175
      181      192      205      221      188      266      271      290      280      295      309      380      358      382      439      466      500      515      532      557
      579      662      741      701      741      758      772      778      775      827      811      813      772      827      807      746      707      671      672      589
      560      525      488      489      469      446      391      383      339      318      311      263      260      249      220      213      198      206      191      175
      172      179      146      128      122      126      121      119      105       90       95       83       78       88       92       69       60       61       74       53
       61       68       63       71       69       91       89       95       94      100       93      100      123      106      124      124      144      153      183      177
      192      204      205      229      201      243      233      306      316      294      348      387      414      417      468      515      576      534      614      609
      667      702      687      805      846      839      849      911      902      879      915      911      906      862      871      832      783      740      683      694
      665      596      562      553      499      454      426      404      367      346      301      320      265      273      255      215      228      223      202      186
      183      175      139      126      144      123      121      113      120      105      100      106       79       91       89       69       88       76       74       56
       62       66       49       73       77       74       90       81       83       89       91       96      116      118      138      138      141      163      137      150
      194      205      220      203      269      253      274      291      299      344      401      438      427      425      501      528      562      571      607      658
      698      809      807      871      907      877      995      948     1038     1009     1032      991     1016      969      911      883      839      847      781      765
      676      590      619      589      539      464      449      435      381      354      328      316      299      304      264      256      225      209      202      177
      172      156      130      147      110      152      128      113       98      108       82       90       90       91       78       83       69       76       71       48
       74       48       60       57       56       83       95       79       83       99      100      110       96      115      132      126      133      172      186      165
      202      193      203      220      281      281      284      289      347      356      417      433      453      453      528      531      579      646      667      732
      789      906      899      956      949     1034     1036     1108     1188     1081     1126     1151     1081     1121      982     1047      932      914      860      800
      792      712      684      610      612      512      472      424      405      416      343      343      315      307      292      254      225      190      191      200
      185      159      153      145      164      156      135       99       98      106      100       84       91       86       85       83       78       64       73       58
       62       60       75       75       65       79       99       98       86       92      105      118      133      130      131      143      169      158      172      186
      211      186      224      270      288      274      319      315      387      392      402      411      467      519      562      598      646      756      728      787
      903      956      949     1093     1108     1142     1235     1244     1291     1250     1207     1268     1252     1235     1144     1108     1068      951      904      869
      786      752      722      649      573      595      501      466      465      419      395      350      327      340      303      272      232      250      213      207
      152      190      145      177      138      159      144      112       95      106       94       80       76       84       76       80       66       65       60       77
       78       79       58       65       72       67       89       84      111      106      104       85      129      126      154      150      168      146      179      213
      207      223      236      254      264      303      334      343      362      373      439      456      483      559      624      641      665      752      789      894
      951     1040     1056     1195     1250     1353     1381     1519     1469     1453     1498     1418     1403     1390     1398     1231     1187     1127     1014      928
      839      830      764      770      667      610      572      466      492      418      388      344      327      320      291      263      249      207      217      195
      170      198      174      162      145      158      132      120      111      117      103       94      101       84       75       81       77       77       75       53
       53       59       62       79       76       88       78       94      108      102       91      101      123      146      157      140      160      188      166      187
      203      231      261      247      283      316      341      357      363      411      459      502      537      597      610      674      769      850      847      943
     1058     1157     1233     1256     1373     1525     1574     1564     1592     1700     1665     1723     1606     1523     1449     1392     1372     1171     1158     1065
      987      920      806      707      716      671      552      496      486      451      400      420      356      317      321      285      246      260      216      207
      199      188      164      156      160      139      125      118      111      126       95      103       75       76       62       81       74       65       65       75
       63       73       69       72       84       94       84      105       89       87      106      101      107      153      160      162      166      188      168      184
      231      229      256      275      308      318      344      358      406      419      490      483      558      606      702      731      752      887      920     1117
     1105     1236     1284     1484     1537     1628     1813     1821     1790     1988     1998     1918     1787     1673     1712     1611     1424     1399     1357     1181
     1050     1006      883      866      767      684      596      565      544      443      461      442      367      334      304      289      263      249      219      205
      182      217      154      165      152      136      143      135      140      109      102      108       96       93       78       67       82       80       64       80
       69       69       69       82       74       90       96       89       87      104      122      129      142      150      135      161      158      177      184      178
      220      244      266      271      282      298      351      385      402      453      516      521      593      664      736      754      862      909     1031     1162
     1157     1274     1480     1617     1819     1823     2065     2052     2249     2281     2222     2071     2219     1975     1942     1663     1568     1478     1391     1226
     1218     1063      935      856      784      728      606      584      512      498      432      409      381      377      324      318      276      242      241      184
      184      192      192      175      155      134      135      129      118      120      105       94       85       93       87       92       81       72       77       72
       61       72       80       82       75       78       83       93       98      105      115      118      121      156      157      147      163      149      171      203
      235      252      254      281      290      326      340      396      423      442      519      550      638      670      733      774      901      964     1109     1224
     1384     1558     1647     1866     1991     2170     2264     2468     2589     2587     2699     2517     2421     2357     2082     2063     1866     1662     1448     1365
     1257     1135     1000      867      752      735      639      627      570      500      484      447      398      356      346      288      308      248      245      208
      218      175      177      171      172      143      135      142      143      118       96       89       84       87       96       84       69       54       79       58
       64       71       61       65       78       96      103       99      104      123      121      132      126      153      156      149      195      191      203      198
      258      267      280      276      323      362      353      408      419      489      560      625      633      683      794      859      918     1000     1189     1357
     1435     1633     1868     2066     2240     2479     2823     3049     3069     3147     3147     3121     2929     2615     2470     2254     2056     1822     1673     1471
     1340     1226     1114      953      800      702      662      649      550      547      443      441      408      384      334      346      282      272      245      225
      228      171      190      179      152      160      161      122      129      119      111      109       98       96       93       92       63       64       54       69
       51       72       77       79       77       81       87       89       89      108      126      112      140      137      154      175      157      179      202      188
      214      229      282      291      312      329      352      446      460      473      547      602      649      703      802      921     1009     1148     1341     1387
     1697     1886     2084     2293     2631     2908     3196     3581     3721     3910     3834     3769     3519     3170     2928     2491     2230     1981     1807     1670
     1506     1311     1103     1033      936      801      730      672      654      548      469      449      444      403      367      358      306      287      237      248
      242      194      200      168      173      161      135      156      121      114      113      104       91       84      105       86       68       74       64       65
       69       72       68       59       71       87       79       90       96      125      114      129      128      136      147      152      174      196      196      212
      236      267      251      294      329      319      364      409      476      476      567      600      670      758      818      943     1005     1167     1325     1485
     1721     1889     2259     2656     2968     3392     3873     4270     4645     4769     4866     4740     4220     3779     3426     2801     2499     2230     1913     1707
     1540     1385     1138     1057      976      832      796      706      635      560      530      464      395      357      383      309      297      279      261      217
      223      220      172      168      169      150      172      138      131      120      105       85       97       84       88       83       75       61       76       67
       64       83       70       72       92       93       87       94      103      105      142      123      100      156      159      165      167      198      214      226
      244      247      275      294      329      335      371      432      479      512      614      644      716      776      841      946     1074     1253     1426     1586
     1858     2070     2387     2813     3311     3766     4503     5094     5766     6164     6236     5803     5176     4525     3797     3259     2835     2457     2080     1853
     1532     1384     1213     1060      993      871      806      751      642      552      508      437      420      372      349      331      298      267      267      240
      207      204      196      184      151      145      138      144      120      114      108      111       95       91       62       80       81       57       72       70
       46       64       74       72       83       76       87      100      115      125       93      124      144      149      151      163      182      186      222      188
      232      256      263      277      329      372      388      462      476      556      616      659      731      741      929      956     1113     1354     1498     1705
     1881     2183     2600     3010     3615     4485     5369     6410     7865     8333     8467     7602     6582     5319     4257     3720     2993     2603     2161     1936
     1641     1435     1221     1105      999      896      820      664      648      562      549      484      410      393      373      314      300      302      260      234
      253      200      188      180      185      154      152      105      126       99      125       91      103       87       64      106       83       67       73       66
       61       55       95       71       81      103       86      107      124      112      125      128      156      143      162      174      179      185      195      221
      249      252      295      274      353      359      383      445      467      507      628      624      745      822      910      981     1132     1350     1554     1798
     1997     2361     2699     3318     4034     4876     6399     8182    10286    12024    11944    10325     8127     6301     5025     4061     3293     2684     2352     1984
     1712     1533     1343     1171     1024      911      792      715      663      583      535      464      432      420      358      340      348      289      249      222
      212      209      181      198      169      173      135      132      134      130      110      110      102       79       98       74       73       56       64       67
       64       84       62       87       85       98      118      110       94      117      125      147      153      142      155      192      187      200      230      226
      252      259      290      305      332      417      369      438      461      555      606      596      804      804      915     1012     1082     1305     1564     1787
     2089     2581     2894     3441     4425     5554     7198     9962    14213    19553    19655    14138     9875     7155     5537     4419     3548     2946     2500     2025
     1791     1489     1364     1191     1048      921      804      710      625      576      576      498      461      371      355      323      315      345      289      253
      222      191      191      183      161      149      146      137      114      128      113      116       93       98       94       75       80       76       73       50
       71       69       75       81       65       92       80      101      105      102      121      142      130      155      157      177      190      186      234      253
      245      268      273      287      310      370      414      462      482      533      619      702      739      833      900     1066     1204     1305     1555     1852
     2063     2529     2932     3703     4455     5724     7820    11311    18400    40040    41852    18713    11225     7768     5960     4507     3599     3014     2501     2079
     1852     1578     1401     1152     1037      958      847      741      639      618      565      507      500      387      345      347      316      248      275      236
      226      215      200      176      168      147      154      138      119      108      108      100      103       87      108       97       86       67       55       70
       73       83       76       96       65       91      107       91       94      121      126      124      142      160      159      145      185      187      222      218
      234      278      268      299      355      372      454      407      474      500      625      677      744      832      885     1090     1140     1336     1571     1851
     2088     2453     2913     3614     4468     5753     7629    11168    17876    36734    36502    18098    11203     7770     5950     4435     3645     2994     2399     2104
     1698     1544     1361     1196     1047      952      836      715      692      612      590      510      428      459      367      335      311      281      263      259
      234      202      194      172      164      136      173      140       98      118      119       91       93       93       74       79       75       73       73       85
       74       64       70       89       67       86       92       80      114       99      120      145      134      174      150      170      176      193      220      219
      226      249      265      300      320      368      392      468      474      559      561      626      749      840      949      994     1176     1352     1598     1817
     2077     2455     2984     3389     4376     5356     7083     9502    13497    17828    17993    13603     9771     7087     5492     4406     3444     2969     2448     2013
     1779     1530     1319     1155     1041      918      741      710      652      612      536      528      425      417      341      339      307      296      310      241
      205      207      209      177      186      161      140      139      136      145      122      116       91       87       75       97       73       92       63       75
       69       55       69      107       76       97       86       97      102      118      118      156      149      133      151      174      162      194      176      234
      251      246      291      307      348      390      417      442      471      550      614      681      743      900      892     1103     1183     1350     1496     1678
     2013     2304     2825     3328     4098     5005     6213     7745     9758    11455    11140     9850     7945     6235     4819     4000     3316     2665     2305     2015
     1772     1398     1284     1138      976      897      863      720      649      582      502      501      456      411      365      330      331      287      254      258
      208      220      170      184      166      134      144      127      137      124      138      109      111       80      101       72       86       69       59       80
       79       61       75       86       87       98       90       91      105      122      109      137      136      143      160      173      160      182      185      212
      241      254      297      298      338      383      411      451      496      498      574      630      715      799      857      966     1085     1267     1493     1720
     1840     2261     2498     3085     3752     4460     5256     6147     7368     8084     7948     7123     6389     5354     4395     3581     3086     2728     2221     1969
     1680     1401     1214     1091      984      867      816      735      655      575      516      482      456      417      383      353      323      289      282      250
      250      181      194      192      175      166      152      137      132      120      103       97       88       86      105       79       90       74       56       69
       64       67       64       92      101       92       89      105      105      119      111      150      137      168      161      192      166      196      215      198
      235      243      245      317      327      343      387      414      509      527      590      634      751      754      866      955     1066     1211     1389     1567
     1879     2024     2417     2806     3191     3760     4492     4991     5900     6006     6016     5850     5056     4432     3829     3362     2840     2416     2123     1816
     1635     1376     1230     1141      989      861      780      718      636      591      548      472      449      389      334      326      325      299      256      249
      199      215      193      179      179      153      139      156      132      127      139      120      102       90       74       87       76       78       67       61
       61       64       83       78       90       95       97       83       95      126      115      114      139      132      177      171      154      215      210      216
      258      221      285      343      344      333      391      433      390      491      557      660      675      754      898      867     1056     1083     1344     1519
     1681     1970     2241     2539     2977     3283     3796     4069     4568     4742     4770     4572     4211     3661     3354     2902     2647     2350     1964     1701
     1476     1317     1141     1033      919      870      783      750      628      597      494      482      409      370      356      326      291      302      254      249
      233      224      191      168      174      166      147      119      137      101      119       81       88      102       84       91       99       73       74       69
       62       70       72      102       95       73       96       96      113      103      112      136      126      158      159      151      193      215      172      206
      226      270      250      296      352      346      408      432      461      553      500      614      644      644      856      915     1015     1065     1216     1384
     1599     1741     2131     2251     2532     2907     3145     3474     3634     3789     3781     3711     3442     3183     2892     2534     2325     1991     1776     1562
     1458     1219     1158     1031      855      842      709      696      580      511      549      479      409      396      359      343      311      260      258      224
      220      202      197      149      170      167      136      116      110      112      111       98      101       88       88       81       79       88       61       59
       67       67       68      101       70       79       73       81      110      120      104      112      136      158      132      165      165      179      211      223
      249      241      264      280      331      350      364      405      474      485      557      569      638      652      771      884      936     1045     1105     1339
     1506     1607     1785     1947     2278     2500     2718     2905     3114     3016     3142     3166     2947     2863     2589     2295     2071     1762     1614     1514
     1365     1187     1018      959      861      849      680      656      574      503      495      459      423      384      322      314      333      259      255      227
      222      222      206      186      193      142      165      129      126      127      111      124       98       92       91       72       76       78       64       65
       58       78       88       81       87       87       89      100       97       95       87      128      133      136      136      169      146      172      197      212
      193      242      259      242      283      310      347      420      409      471      486      573      567      698      749      800      843      947     1067     1256
     1405     1519     1638     1819     2012     2138     2394     2536     2627     2621     2667     2579     2411     2370     2095     2081     1917     1629     1531     1322
     1213     1044     1021      904      812      693      685      608      557      487      480      416      375      401      350      293      283      238      233      214
      213      193      181      164      165      148      156      122      147      127       93       96       92       99       65       72       68       68       61       72
       59       56       75       86       75       65       71       97      109      103      107      113      119      144      149      143      161      161      196      209
      231      213      267      267      333      303      375      409      450      460      487      515      589      628      750      744      798      913      995     1111
     1244     1352     1477     1661     1753     1838     2020     2152     2191     2239     2230     2099     2109     1983     1818     1868     1677     1564     1384     1223
     1196     1040      998      841      748      717      668      606      524      508      441      446      353      355      277      285      274      239      248      239
      211      220      171      181      163      139      141      154      136      134      108       99      104       79       88       69       77       70       60       52
       54       64       93       74       80       80       96      105      109      120      108       91      103      120      142      166      157      179      199      222
      230      237      266      282      331      290      309      385      381      459      435      522      494      599      631      744      825      892      904     1073
     1140     1257     1379     1442     1522     1661     1697     1788     1871     1879     1891     1817     1898     1745     1613     1569     1378     1317     1255     1205
     1050      949      894      748      714      677      604      579      497      487      450      392      324      354      337      244      280      260      226      211
      219      189      189      147      151      159      133      137      108      106      107       94      104       86       82       67       66       90       68       75
       49       67       54       62       84       95       80       98       93      103      107      111      135      130      140      154      193      182      168      180
      175      229      261      268      269      284      313      391      363      401      449      501      561      564      651      717      759      828      879      988
     1030     1172     1169     1276     1452     1511     1550     1589     1618     1603     1609     1647     1685     1591     1457     1425     1273     1218     1155      969
      945      880      832      723      709      658      626      527      483      515      404      414      342      327      283      292      252      257      226      231
      176      164      173      163      149      134      137      102      104      112      111       82       91       88       82       67       82       63       60       51
       67       59       66       77       74       84      107       89       87       98      107      116      116      140      142      136      158      164      173      195
      212      220      274      242      273      305      295      336      336      388      432      457      492      557      593      622      731      747      821      910
      980      983     1081     1125     1222     1335     1305     1394     1445     1449     1427     1340     1494     1366     1287     1243     1140     1080     1044      894
      864      819      712      656      633      615      532      510      465      405      399      383      346      315      302      264      237      213      234      211
      231      161      167      142      136      138      139      127      132      112      118      112       83       93       88       83       76       80       67       69
       65       60       57       88       78       70      105       97       95      105      124      110      120      128      159      155      156      149      180      183
      209      214      227      239      274      284      276      333      352      369      464      416      511      540      603      613      660      711      752      847
      837      959      934     1030     1132     1185     1166     1241     1343     1249     1302     1263     1182     1196     1156     1101     1017     1021      958      829
      872      753      757      666      617      561      491      470      445      412      375      363      303      343      279      315      251      233      219      200
      189      160      150      164      139      124      135      112      111       96       90       95      106       85       79       72       53       60       71       61
       62       56       68       90       67       77       86       86      106       91       93      107      108      142      144      149      162      172      170      178
      153      182      235      254      252      270      292      324      390      368      409      449      436      457      564      577      586      637      703      783
      824      831      833      911      952      974     1083     1054     1149     1117     1165     1107     1119     1073     1033      919      927      951      863      841
      774      666      631      626      570      580      481      458      411      374      373      366      306      296      269      244      255      227      183      171
      202      169      164      141      130      131      133      115      112      114      104      102      100       86       65       92       64       83       63       61
       62       61       57       68       72       76       97       98       79      103       94      103      118      121      131      128      116      172      170      185
      210      166      239      224      245      283      275      290      304      350      360      432      440      489      468      555      555      583      697      656
      724      760      786      847      936      928      957      955      965     1003     1012     1018      905      984      932      853      834      894      758      743
      657      646      618      636      518      520      447      412      392      387      378      349      311      283      266      269      237      213      229      210
      194      169      145      157      144      136      106      125      121      125       91      128      109       72       71       78       72       65       56       80
       44       54       60       69       73       79       83       83       77       99       73      104      115      118      138      144      157      157      152      161
      173      187      257      219      213      240      270      285      316      304      346      405      393      442      473      529      530      590      609      639
      701      733      721      729      793      899      830      880      902      841      888      838      879      871      785      799      718      684      673      656
      662      560      564      520      468      502      452      402      366      363      338      311      301      275      215      235      228      186      197      188
      174      166      157      158      110      140      117      118      109       91      114       89       93       81       64       78       67       67       62       52
       58       65       65       56       74       76       78       92       71      112      115      115      127      107      136      119      140      168      155      158
      188      173      193      254      248      270      261      277      295      342      350      353      383      399      454      459      443      511      550      618
      646      626      721      640      746      772      782      808      758      802      799      820      761      756      781      662      681      702      663      630
      559      535      519      477      456      460      414      396      352      339      316      311      286      270      266      216      248      194      217      194
      157      143      159      150      124      106       83      123      115       90       79       97       84       68       89       72       56       71       64       52
       57       65       54       53       49       82       89       85      102       97       95       93      118      128      135      131      122      150      150      161
      158      202      206      204      204      231      254      284      265      313      333      352      330      379      410      400      445      506      540      503
      578      582      612      617      668      738      650      696      732      748      730      714      734      682      666      636      617      585      555      577
      557      485      508      484      408      411      360      322      336      319      303      287      305      233      214      214      200      198      195      191
      159      133      152      136      130      113      110      111       93       87      106       85       95       85       85       82       64       73       50       51
       61       78       42       63       67       81       80       92       64       76       97       82      102      109      102      114      141      152      137      151
      162      176      203      198      188      252      252      249      290      267      310      305      374      370      354      457      440      464      452      515
      529      564      516      569      590      565      663      575      646      647      638      608      656      658      638      584      591      565      506      508
      502      483      413      420      393      392      383      320      340      292      303      267      229      239      196      223      208      186      183      160
      164      152      148      131      108      124       99      100       97      108      105      102       76       88       78       83       58       53       49       59
       69       54       68       58       63       57       92       64       90       86       92       98      101      108       99      138      102      138      158      129
      143      182      195      222      202      195      242      239      241      247      289      302      343      377      370      351      394      409      429      468
      439      492      545      504      522      597      634      603      609      627      521      542      663      659      584      502      498      508      503      483
      440      437      408      421      394      367      357      326      313      294      258      243      245      229      208      201      183      160      171      182
      141      151      133      130      124       78       97      104       90       70       99       89       79       56       64       66       70       50       48       51
       56       54       55       61       62       63       80       84       67       91       84       93       80      106      111      124      122      148      134      148
      140      165      186      176      185      205      221      220      268      235      270      254      288      322      304      342      382      407      401      443
      452      459      487      514      478      518      525      479      528      519      550      526      502      554      526      471      488      466      477      447
      437      393      405      383      361      323      340      323      311      250      266      234      242      205      210      189      196      180      167      166
      123      134      130      119      126      114      103       84      100       79       69       74       67       46       61       75       66       59       68       49
       57       53       67       59       69       69       59       68       69       82      109       74      103      103      119      115      111      134      161      147
      156      169      181      158      180      208      239      215      234      255      233      302      270      295      303      361      367      386      358      354
      387      390      442      423      470      460      456      508      486      486      495      481      474      462      455      423      427      403      441      415
      412      376      368      343      316      321      332      285      283      236      219      234      224      203      207      181      169      165      174      146
      136      130      127      119      112       95       90       78       81      104       79       92       73       96       57       57       58       43       57       45
       65       45       64       42       52       68       81       66       85       72       63       81       95       95      107      100      116      122      142      152
      130      161      150      171      172      206      206      191      188      241      250      240      286      288      296      337      324      383      351      418
      356      419      382      435      428      457      473      438      466      413      451      463      473      418      408      477      376      412      348      371
      388      369      324      324      303      309      293      261      264      293      214      232      227      203      176      182      183      177      153      151
      153      125      108      118      114      103       96       92       88       94      112       72       76       69       72       61       54       53       55       46
       40       53       43       53       61       64       70       62       82       94       68       73      117       78       86       98      110      132      114      125
      139      160      160      160      158      158      195      185      219      213      232      231      261      263      266      283      296      298      328      341
      356      346      388      383      403      426      407      390      401      423      400      399      405      358      409      394      373      367      379      324
      340      293      330      264      270      253      276      256      246      215      204      219      216      215      205      174      163      158      141      135
      138      121      117      110      110       81       87       82       87       97       76       83       82       69       76       60       60       57       44       58
       49       42       49       55       55       67       61       80       83       61       82       88       77       77       86      100       98      105      114      117
      149      146      148      142      133      168      179      174      178      166      209      236      269      274      252      270      305      298      300      299
      348      323      351      365      367      341      363      360      379      377      380      389      367      376      383      337      362      363      330      299
      323      305      296      277      281      265      253      215      243      221      199      225      182      172      194      156      152      133      131      146
      121      121      124      100      118      105      109      106       80       66       76       65       66       63       41       54       60       51       61       50
       54       41       50       45       66       65       74       64       63       59       76       96       86       90      101      102      103       96      115      116
      115      124      114      138      148      177      178      170      166      173      202      213      237      253      262      264      266      263      295      294
      276      339      324      318      323      342      339      311      348      348      367      325      332      340      345      325      336      334      296      299
      301      273      263      245      252      232      245      189      192      179      222      173      171      161      152      156      165      131      134      133
      129      117      102       99       98       88       95       96       71       82       76       87       70       53       55       62       49       65       57       41
       58       42       51       69       64       65       69       69       69       62       57       69       79       75       86      100      103      108      105       93
      124      149      124      135      138      167      165      187      190      189      164      207      200      225      244      219      269      238      260      267
      269      269      290      309      309      326      303      296      312      314      314      295      322      334      279      294      300      285      301      278
      258      291      248      252      235      192      233      210      194      209      183      215      188      161      154      146      131      120      143      123
       99      109      103      105      101       86       84       93       82       69       68       74       62       61       58       75       41       49       60       47
       44       53       58       56       52       58       57       70       95       60       75       73       75       91       96       79       89      101      111       95
      117      116      130      139      128      156      153      171      182      156      185      172      218      216      193      247      244      231      257      255
      266      284      282      250      296      327      304      279      305      301      327      277      272      266      289      261      275      271      305      282
      244      240      259      234      220      210      174      178      167      151      177      166      147      190      151      144      116      116      125      128
      104      103       99       97      108       94       97       83       89       63       59       60       62       72       59       44       55       56       55       53
       45       58       59       58       55       53       66       65       69       68       82       43       81       73       81       82       77       90       92       88
      125      110      130      121      131      144      128      156      163      169      179      187      164      207      218      210      210      219      215      240
      239      226      237      234      262      266      266      290      262      247      292      297      259      324      307      254      238      235      244      254
      248      231      225      211      201      176      190      174      171      140      174      153      144      154      150      129      130      110      102      105
      114       86      106       93       86       81       73       81       79       77       78       58       53       54       61       58       48       48       56       32
       51       44       53       49       50       43       69       62       64       71       66       64       67       74       91       82       87       90       98      100
       96      128       99      114      125      147      115      123      147      153      161      149      181      200      184      187      185      212      218      227
      208      213      254      240      236      248      237      241      242      251      232      212      266      258      217      273      228      216      240      210
      225      212      211      174      205      171      157      164      154      165      151      159      142      141      159      131      136      123      103       96
      105       98       80       83       84       77       75       67       71       76       62       41       65       58       57       61       37       65       42       44
       35       42       45       58       50       47       65       55       63       55       69       65       71       91       86       96       82       88      104       92
      106      110      110      117      124      126      135      118      157      144      145      176      156      162      211      171      163      193      197      201
      213      204      246      214      220      245      226      218      226      225      224      219      234      246      236      222      207      232      209      236
      200      196      162      169      188      176      162      161      171      178      152      124      135      138      139      131      113      108      102       97
       83      118       78       98       82       59       72       80       61       57       57       70       51       70       44       47       61       34       47       38
       37       35       42       54       50       52       54       58       68       68       51       83       77       65       76       85       84       75       99       82
      113      112       99      100      104      119      132      127      159      144      146      154      174      143      175      178      163      165      201      181
      207      200      210      212      233      215      208      222      183      198      213      216      212      221      233      201      185      191      205      183
      193      168      186      189      182      168      187      165      131      154      135      146      127      127      138       90      118      109      110      107
       80       86       73       70       82       58       59       81       83       46       52       52       51       46       62       58       42       49       53       52
       38       48       39       42       48       59       45       56       51       48       68       68       69       63       75       76       83       83       83       93
      121       86       76       96       98      118      115      154      140      137      126      145      155      136      146      159      172      169      180      185
      192      181      192      179      195      178      189      214      192      186      192      183      184      187      195      209      181      180      187      199
      171      181      171      160      146      138      147      140      138      136      103      130      135      123      105      116       94      101       86       82
       95       84       87       72       75       77       63       66       66       68       52       50       58       61       44       57       65       49       45       44
       45       40       47       55       41       57       48       50       67       53       56       59       59       70       60       78       84       87       74       87
      101       98       87       93       83      114      129      135      124      116      108      141      132      158      148      171      149      186      150      154
      178      173      178      215      167      192      199      181      192      187      192      186      172      180      187      152      173      168      169      168
      180      174      162      166      157      152      152      137      140      131      123      132      121       92      120      102      110      100      110       84
       84       83       75       77       66       73       61       56       56       54       60       57       50       51       48       41       53       50       45       32
       24       42       40       51       48       39       58       50       59       46       51       55       50       63       77       77       83       79       82       86
       88       84       99       80      109      110      125      109      123      119      127      141      144      133      165      155      151      147      158      163
      143      192      154      178      177      183      172      174      178      178      170      179      152      184      187      190      164      166      159      165
      177      151      155      146      139      141      111      117      137      125      123      134      116       95      110      101      110       84       89       90
      111       83       91       72       76       58       63       62       65       77       49       56       61       49       35       39       49       43       37       34
       37       41       47       44       51       42       52       43       54       53       65       49       51       58       71       73       67       76       82       69
       68      104       81       90       98       92      104      100      107      115      128      132      120      133      145      151      112      147      146      176
      152      157      147      158      175      168      171      175      147      154      152      154      170      153      184      183      185      154      159      137
      162      154      155      124      129      150      147      132      114      115      115      103       94      114      101      101       96       96       82       79
       85       78       71       79       68       76       57       61       61       60       42       58       45       52       42       32       51       44       39       37
       42       43       41       42       60       43       43       57       50       52       52       50       46       58       69       74       69       62       76       63
       75       81       77       88       95       89       94       95      123      104       97      107      123      121      136      130      137      139      137      136
      138      142      129      131      144      157      154      158      143      160      173      151      158      155      135      166      150      139      159      159
      128      160      148      139      124      121      123      117      111      100      116      104      108      111       89       99       87       93       88       84
       90       58       69       70       65       69       68       55       63       54       48       49       51       47       47       43       30       44       34       40
       36       31       31       46       47       41       47       51       66       59       58       46       71       58       67       53       61       72       74       71
       78       63       75       88       79       84       97      103      127       83      108      131      118       93      107      120      119      143      124      125
      126      134      148      113      153      152      129      140      156      138      136      134      132      160      142      140      143      114      136      134
      142      138      122       99      112      110      123      112       99      108      105       98      109       76       83      101      104       81       87       75
       58       86       85       62       47       66       71       59       48       39       44       43       52       36       40       34       35       30       27       51
       28       38       52       41       35       44       42       51       34       38       49       55       69       49       61       61       60       81       67       60
       75       72       71       89       91       77       86       90       97       85       96       98      102      125      116      123      135      130      110      116
      119      118      129      127      126      157      140      151      132      126      151      127      130      120      143      103      105      129      116      126
      112      130      118      121      116      116       80      117       98      106      107      100       91       85       70       89       74       75       62       62
       76       68       51       71       64       64       74       42       56       49       57       47       47       36       40       32       33       32       32       44
       35       37       38       36       35       45       36       29       45       36       51       42       58       52       59       54       67       60       65       63
       53       88       65       78       62       77       99       96       93      117       92       91       90       93       99      107      114      137      118      124
      134      120      111      137      135      129      109      137      127      128      114      131      119      112      133      139      139      127      126      121
      131      108       96      112      119      106       96       88      117       93       96      108       79       94       92       78       71       79       70       64
       83       57       61       75       54       63       75       43       55       44       52       61       46       42       51       33       36       27       38       34
       35       32       43       48       28       30       43       44       40       49       49       60       40       39       45       60       64       54       56       70
       62       70       64       82       80       86       84       92       74       94       63       78       89       98       94       94      100       97      120      107
      104      106      138      124      105      113      114      126      130      118      107      123      106      118      125      120      102      133       99      117
      100      108       99      107       90      116      103       99       91       93       92       76       90       87       85       67       70       65       72       61
       65       62       79       45       65       54       55       64       50       40       52       43       47       33       38       40       44       35       41       39
       34       37       30       39       32       36       41       40       35       43       39       57       54       45       48       48       48       61       42       58
       62       68       71       63       84       96       70       96       83      102       77       84       98      104      104      119      109      103      107      107
      108       99      116      118      107      117      104      117      102      120      105      129      121      105      113      103      111      132      109      104
      112      103       97       83       86       93       94       99       92       94      100       77       83       85       83       67       76       50       67       57
       50       59       61       70       55       50       49       55       49       42       38       39       50       48       44       41       37       34       33       34
       34       32       40       31       50       35       27       36       42       48       55       55       47       54       46       55       41       60       60       53
       57       61       58       75       89       66       82       72       87       67       76       84       83       70       83       91       89      102       97       96
      106      116       98       84      103       97       94      115       97      107      115       99      116       94      110      102      110      134      106      104
      114       97       89       95       97       92       84       74       94       86       79       79       70       87       65       76       83       76       51       65
       57       53       52       50       55       60       35       33       53       34       43       42       31       36       34       38       37       32       27       28
       30       27       34       37       36       44       39       36       25       52       45       51       48       44       57       61       61       36       58       63
       49       61       71       70       67       63       68       62       82       76       95       77       92       86       67       89       97       97       89       76
       89       93       86       93       94       93       88       89      103      109       96       97      116       88       98      107      113       84       87       85
      105       88       69       80       98       91       95       81       77       74       80       61       71       93       77       66       70       64       67       50
       61       54       52       46       56       60       44       51       47       37       39       53       35       37       55       34       33       28       36       32
       29       28       30       30       43       31       37       36       47       54       40       51       35       31       44       52       55       62       55       52
       56       48       62       63       69       77       70       60       56       73       79       83       84       69       84       96      101       73       84       96
       80       78       95      106       92       97       86       97       89      104      106      103      113       85       88      102       99      104       93       92
      102       88       77       85       77       82       79       78       63       67       66       74       69       70       63       70       64       68       56       55
       75       54       53       50       47       46       38       51       44       45       24       43       30       47       32       27       26       33       39       26
       27       24       28       31       26       30       33       33       37       43       51       36       49       57       44       65       45       47       43       60
       66       50       58       48       66       66       62       66       68       74       63       61       65       71       80       70       90       91       78       88
       88      100      103       70       72       89       85       83       89       89      111       95       82       86       91      100       82       78       82       86
       86       78       85       67       60      105       78       72       82       72       75       69       64       59       56       62       60       58       60       63
       73       58       43       52       53       46       37       31       30       38       41       36       43       28       34       36       45       35       29       34
       16       23       23       35       23       34       40       32       36       45       41       29       38       33       47       62       41       43       40       36
       43       46       66       66       61       44       57       55       54       61       69       62       72       72       81       74       73       81       72       93
       93       77       67       85       79       93       89       82       86       88       77       96       77       69       75       85       77       80       95       87
       66       64       71       62       75       62       76       55       65       56       63       66       61       57       72       60       53       46       51       41
       53       44       46       37       47       44       44       46       36       50       36       44       34       31       36       32       35       26       25       30
       24       39       31       33       35       47       28       36       28       39       46       36       40       48       41       43       29       46       41       54
       59       53       47       56       54       58       59       70       63       52       56       67       79       64       67       66       73       67       67       71
       96       92       80       77       77       67       87       74       81       85       81       98       82       84       89       85       92       59       84       82
       86       73       70       62       76       67       79       74       64       71       53       65       63       66       63       58       53       61       47       57
       46       36       56       29       36       36       43       38       37       44       42       38       37       27       37       28       38       32       27       32
       31       30       30       33       43       27       27       43       21       31       34       27       34       45       36       43       38       52       69       37
       43       50       48       53       55       49       55       62       63       67       57       78       75       62       67       85       61       54       68       60
       64       78       80       60       82       91       78       58       65       71       73       86       85       84       63       65       77       68       77       73
       76       64       65       48       62       64       68       54       46       60       48       49       52       53       57       55       58       44       48       48
       58       34       62       56       46       22       34       29       27       38       32       29       25       42       36       41       25       33       30       38
