       31       33       14       27       39       29       27       20       35       36       38       33       29       35       42       45       49       41       35       45
       40       45       50       40       47       49       61       56       42       71       63       57       62       50       61       63       71       60       57       57
       46       68       72       77       72       73       73       79       82       72       76       69       54       66       76       74       66       57       74       50
       74       73       68       72       65       51       62       71       55       73       64       54       58       47       36       54       47       38       48       50
       44       36       46       49       49       39       49       37       43       42       38       36       31       32       42       27       30       20       26       42
       24       36       33       28       31       32       35       34       37       35       36       40       37       40       47       50       41       50       41       48
       46       57       62       67       52       56       53       64       68       64       62       46       70       60       74       73       59       70       82       68
       75       68       85       58       72       59       76       74       86       70       80       79       57       68       59       70       78       86       57       75
       58       68       61       60       69       77       66       53       65       60       70       66       73       59       67       59       50       54       48       47
       47       45       36       42       48       43       40       38       48       33       32       49       34       31       31       27       38       27       27       23
       27       29       25       22       31       23       36       36       37       28       53       31       48       42       45       33       34       44       45       31
       50       39       53       55       40       52       49       53       61       72       71       57       68       68       63       75       62       85       66       74
       66       80       62       87       86       75       85       86       62       65       77       91       84       88       84       73       75       61       82       85
       51       87       75       75       61       78       57       65       59       80       64       61       60       48       52       43       60       56       54       45
       42       34       39       36       52       45       30       41       42       29       39       34       30       27       35       26       19       27       40       38
       24       23       31       24       20       28       31       40       30       48       38       31       44       46       40       44       60       38       50       39
       44       55       47       58       50       58       56       53       63       83       71       73       74       69       69       74       79       67       77       76
       82       67       82       90       74       75       76       77       97       90       77       88       87       80       69       85       86       84       74       76
       69       92       70       63       61       68       62       61       76       66       50       62       58       50       50       62       58       68       59       66
       38       58       42       43       52       35       26       35       44       47       30       38       33       39       35       29       26       26       31       29
       32       29       34       36       29       39       31       39       40       50       50       41       43       47       50       42       45       48       58       54
       64       54       47       57       55       49       67       56       71       81       72       70       60       77       67       68       82       74       74       82
       94       93       79       93       91       64       71       94       85       81       99       90       74       93       69       92       97      106       77       82
       92       70       67       88       77       70       67       84       65       68       64       79       53       65       66       61       62       63       73       69
       60       62       55       52       53       52       48       33       43       30       34       41       28       31       38       39       26       32       29       33
       25       32       34       38       28       36       45       45       27       47       46       51       45       33       40       48       48       45       51       37
       60       75       66       60       60       63       61       67       74       75       69       91       87       70       87       68       76       92       99       86
       96       89       96       89       97       96      104       90       99       88       94      110       92      100       97       79       88       99      105       84
       78       81       81       80       81       76       79       70       78       81       80       56       54       77       66       65       62       62       57       56
       53       48       52       46       40       50       40       43       40       43       40       34       42       38       40       37       30       39       35       26
       26       35       25       24       32       29       31       39       41       44       47       41       41       49       43       61       62       44       56       61
       47       45       64       53       70       65       78       76       69       73       64       81       80       90       75      103       92      102      101      102
       96       96       94      103      102       82      101       94      114      100      107       89      109      110      100      103      107       82       83       93
      100       90       85      105       90       78       65       84       78       90       74       70       70       67       53       79       61       62       67       53
       52       71       50       58       49       60       53       46       52       51       36       46       25       40       43       37       48       41       30       40
       29       31       26       40       45       44       38       42       32       45       35       50       43       58       42       65       55       47       47       54
       55       69       63       70       66       81       85       67       77       89       76       89       79       88       79       93      106      104       95      108
       93       90      115      114       96      100      112      118      109      107      118      120       94      110       91      107      112      104       95       94
       85      100       85       85      103       86      107       79       83       98       79       70       67       71       84       62       71       60       71       49
       45       65       60       43       53       59       70       49       41       63       41       47       37       37       40       34       34       38       34       26
       33       39       41       42       34       30       45       46       42       51       49       52       43       45       51       55       61       52       57       61
       65       73       82       59       75       66       81       92       89       98       68       86       90      104       95       86       88      111      100      114
      112      116      107      111       85       99      126      123      120       99      107      113      133       82      103      121      116      122      102      107
      107      100       88      112       98       78       84       81       87       87       91       76       89       76       76       49       70       66       88       75
       61       60       65       53       52       52       52       49       46       43       48       55       44       40       38       45       45       41       31       34
       37       26       27       38       31       46       39       44       45       48       39       47       41       56       52       48       63       57       61       69
       59       62       62       63       75       80       87       83       96       89       72      106       90       74      100       99       81      120      106      104
      124      146      120      133      104      103      146      128      122      133      127      121      135      141      126      115      127      113       90      106
      107      109      121      100      108       89      105       82       78       82       89       87       69       80       78       79       83       77       69       73
       60       74       61       48       66       52       48       47       53       35       50       46       44       45       31       45       34       34       37       33
       33       40       38       43       40       37       42       49       52       43       50       55       66       61       51       53       65       56       63       65
       79       61       57       81       72       83       77       82       93       93      100      105       74       92       84       94      123      117       91      126
      112       94      128      150      122      112      135      113      142      123      108      113      125      124      120      137      123      125      122      128
      115      113      110      120       98       90       96       97       97       98       97       84       75       91       81       81       81       72       63       65
       60       66       57       58       70       53       53       49       57       57       57       44       48       49       53       39       33       37       39       44
       40       54       47       30       36       43       31       48       45       59       48       65       55       57       67       66       50       60       74       72
       68       81       77       77       76       93       81      109      106       95       97      106      100      111      105      116      117      112      116      137
      139      119      138      120      123      131      125      163      131      134      135      122      129      113      134      143      134      150      112      119
      110      115      119      122      101      100      110       93       86      100       95       99       92       65      107       86       75       61       87       74
       59       56       51       72       55       54       56       68       54       48       43       51       39       51       28       49       50       45       40       44
       36       56       39       35       44       44       41       44       43       40       57       56       63       64       60       78       59       85       65       65
       61       65       69       73       88       94       90       98       97      103      101      108      120      107      146      105      105      120      151      138
      116      131      149      136      145      155      123      158      110      169      145      150      160      146      127      155      151      147      131      111
      150      144       98      107      115      128      100       96       96      106       94      105       91       84       74       89       85       71       73       80
       69       75       71       61       60       62       70       57       53       47       43       43       48       38       43       51       41       34       49       47
       40       42       42       39       38       46       48       57       36       74       57       50       63       68       62       75       67       85       68       85
       76       79       91       94       85      104      105       84      112      107      112      104      124      113      105      128      105      127      136      137
      160      170      148      141      131      142      143      165      157      131      157      139      149      152      136      139      128      148      132      119
      134      140      135      145      127      112      118      107      112      105      108      102      104       94      105      102       65       94       88       92
       64       75       82       72       71       69       51       50       72       60       62       33       47       58       34       39       41       62       40       53
       34       44       25       46       42       56       49       52       46       62       60       68       77       66       83       62       85       69       78       79
       75       80       82       96       82      115      101      105       95      105      125      138      130      121      127      120      125      138      136      132
      157      137      169      156      160      174      179      158      164      175      162      167      162      152      144      165      173      160      157      122
      143      170      138      139      128      126      141      128      122      122      109      118      103      105       86       92       87       89       83       78
       73       61       77       81       73       70       67       70       57       63       52       57       63       54       36       43       47       20       31       28
       37       31       41       34       51       49       43       52       52       61       55       64       67       76       63       70       59       78       74       98
       97       97      101      113      103      105      121      101      115      116       98      136      135      116      142      144      151      159      125      150
      185      163      178      157      186      164      182      175      188      162      173      198      196      171      163      164      173      168      163      154
      135      162      139      152      124      136      121      123      133      124      140      132      111      109      102      116       89       83       91      104
       81       77       71       66       88       71       62       57       52       54       63       73       35       55       42       41       37       33       41       44
       33       37       36       62       51       36       51       60       64       61       61       68       63       74       68       82       80       74       94       80
       74      101      113       88       91      106      116      102      142      127      116      144      142      153      158      130      174      164      146      171
      188      140      166      187      188      165      210      180      207      181      206      190      197      163      183      208      184      180      156      163
      177      150      182      153      143      140      154      129      116      111      136      112      121       96      108      123      110      100       95       79
       91       76       83       80       75       72       68       59       65       72       65       66       49       39       52       47       57       46       36       46
       33       50       52       46       52       47       52       50       65       69       82       67       55       69       91       77       75       75      104      102
       81       96      109      102      101      115      108      126      118      126      127      141      167      151      166      174      163      168      171      166
      205      199      176      178      176      188      179      185      219      243      196      199      224      200      188      208      187      188      183      204
      193      199      178      177      174      150      181      170      149      115      138      116      138      111      129      111      111       86       95       82
       92       94       83      106       60       78       68       81       59       57       58       60       59       45       45       43       47       47       34       40
       52       39       56       32       45       41       53       62       50       67       57       74       71       64       81       69       86       82       88       78
       82       79      111       96      109      110      124      134      122      139      144      148      173      151      164      160      172      163      216      198
      186      203      209      200      204      210      260      220      191      177      229      212      212      221      193      207      199      180      203      195
      192      164      180      196      155      169      140      137      165      161      128      133      140      118      137      104      125       89      121       97
       83       92       92       84       82       62       63       78       68       72       60       52       54       59       48       53       57       46       44       39
       41       44       47       50       56       50       45       48       54       53       62       71       63       68       94       86      103       94       99      106
      102      124      114      126      120      131      132      130      131      145      133      154      180      178      168      170      194      198      199      206
      217      207      206      236      212      226      225      214      232      223      235      261      202      238      215      219      220      224      216      205
      197      197      186      194      174      180      185      148      141      170      157      140      149       99      124      119      101      111       95       88
       64       82       67       98       81       81       92       65       57       72       59       59       51       58       50       55       44       53       40       60
       39       43       44       46       58       67       58       66       72       60       58       84       66       94       90       84       94       96      105      117
       90      100      121      118      109      118      150      128      143      145      169      165      151      178      203      195      199      205      221      227
      245      217      206      214      244      247      243      240      251      260      248      251      252      269      237      222      208      227      230      199
      226      192      217      201      188      209      195      162      187      159      163      151      134      132      149      132      126      162      117       90
      106       95       86       90       83       97       96       73       59       59       63       54       42       49       53       50       52       40       32       47
       40       41       47       47       57       47       66       77       52       72       97       81       85       77       90       92      103       87       85      100
      112      103      117      143      122      158      148      139      153      122      179      178      190      201      218      222      241      229      215      226
      246      217      246      282      237      253      287      284      271      281      308      267      264      246      278      277      241      270      265      215
      201      217      229      214      195      185      192      162      156      168      129      159      140      128      133      137      147      113      120      110
      117       85       96       73       89       89       72       72       72       70       49       73       68       53       58       71       52       45       43       54
       34       56       54       60       58       49       61       55       63       83       70       76       89       94       96       89      106      116      113      117
      120      128      120      145      141      135      148      144      180      167      162      193      173      203      208      210      212      251      235      271
      254      257      262      274      288      313      285      315      290      302      263      275      298      328      269      278      293      279      297      265
      268      275      263      226      193      187      202      194      160      199      155      158      145      168      169      113      119      113      133      111
      111      108      118       83       95       79       87       93       64       65       59       63       62       48       51       48       57       43       49       45
       54       49       40       53       61       39       72       76       78       71       64       66      103       88       86       92      112      101       93      117
      101      126      128      125      144      154      144      143      171      168      172      213      210      239      234      233      239      236      281      270
      284      287      270      303      267      321      313      336      312      333      292      306      321      325      326      305      293      318      302      298
      273      243      327      253      244      210      212      213      198      182      205      174      158      144      150      145      130      117      135      118
      120      111      102       96       95       74       81       80       91       83       75       71       59       62       58       53       40       66       49       48
       46       44       52       58       74       52       56       54       70       80       76       62       78       86       90       93      104       95      100      121
      120      143      149      136      159      151      144      160      194      186      189      204      234      240      246      242      263      263      259      330
      280      308      293      319      324      301      323      357      337      361      326      350      351      379      361      321      338      325      315      310
      320      280      263      258      275      258      212      236      214      207      202      165      192      171      150      155      149      150      146      149
      116      104      105       73      107       75       85       90       78       86       65       63       72       70       52       61       56       57       59       57
       44       49       52       61       37       56       75       63       65       71       77       80       90       89       89       98      119      108      106      116
      135      108      130      165      164      170      145      170      194      189      184      226      229      219      254      259      294      264      314      290
      323      292      343      348      353      364      361      351      410      365      355      373      362      357      389      359      349      356      362      342
      303      313      291      296      247      256      238      249      232      223      198      161      175      169      141      179      149      145      129      134
      130      116       97       90      101      105       77       92       79       67       74       72       63       63       67       58       48       50       57       56
       45       56       63       63       67       49       62       52       77       72       80       87       92       84       88      113      111       99      124      135
      131      157      131      152      175      176      164      182      207      224      239      234      251      268      251      270      294      299      351      335
      347      355      376      373      357      438      413      395      379      406      431      426      418      440      398      402      388      363      370      351
      348      360      310      310      260      268      283      240      221      231      216      197      172      170      172      140      148      172      123      127
      132      118      108      122      103      101      100       70       68       80       95       79       69       65       64       57       57       53       47       45
       49       56       51       57       65       61       87       67       75       91       86       82       87      104      114      107      100      114      143      111
      155      155      141      144      164      173      180      165      208      250      258      244      241      250      298      293      317      326      345      374
      369      395      405      442      403      444      417      435      429      459      411      453      458      428      432      449      416      393      403      369
      366      355      323      316      324      304      241      254      242      286      215      192      192      190      187      181      165      163      146      133
      142      130      124      100      129       87       94      111       77       84       77       55       67       53       71       48       61       55       47       61
       50       55       60       69       55       57       58       72       78       54       89       86       82       90       93      124      106      119      129      158
      158      161      150      162      173      166      191      226      224      209      248      261      277      267      332      309      333      359      348      383
      394      418      455      451      439      473      487      506      473      496      512      485      470      486      491      461      415      440      416      430
      380      380      351      333      327      289      278      285      304      254      229      246      228      212      178      200      185      157      167      149
      140      120      141      127       98       90       91      105       84       79       73       72       68       59       54       53       61       61       57       38
       48       59       69       50       57       60       62       82       78       86       78      102      106       99       99      103      107      113      149      148
      144      163      184      185      168      203      193      212      230      227      285      293      268      329      310      316      379      395      390      437
      434      456      446      507      525      508      534      509      536      536      522      539      531      486      491      504      473      454      495      414
      422      419      397      353      340      335      308      296      279      259      272      280      256      186      192      188      176      174      159      151
      145      142      115      114      102       97       99      106       89       76       74       82       76       85       62       59       62       63       47       47
       51       64       73       60       66       63       80       68       78       73       90       89      114      110      113      134      124      141      138      141
      158      166      159      195      192      220      207      247      236      275      264      274      296      309      349      404      366      409      473      459
      461      507      507      540      564      575      589      581      591      583      631      549      555      570      564      577      507      479      541      476
      436      404      362      394      379      338      322      289      330      285      257      237      222      227      214      177      173      173      176      151
      161      134      126      132      118      119      100       96      100      113       78       88       69       79       62       68       59       62       58       53
       63       48       74       53       55       67       57       70       89       76       75       93       98      121      122      130      130      126      134      147
      178      155      192      215      186      209      226      232      259      266      279      347      320      396      380      363      427      452      466      461
      521      543      553      557      579      589      648      638      628      716      659      681      691      668      600      585      539      550      529      480
      466      457      450      401      401      394      353      310      327      273      256      258      236      241      217      198      198      197      183      163
      173      160      150      138      147      115       94       90       83       96       68      108       71       72       85       68       71       45       49       51
       66       56       59       69       70       72       81       88       59       90       99       91      109      125      114      110      108      136      147      162
      145      170      196      208      203      237      258      266      284      306      311      338      361      357      382      426      450      517      523      549
      537      588      630      611      695      622      694      686      713      693      759      755      749      715      707      650      642      574      555      575
      509      488      517      468      418      415      327      366      351      321      291      283      257      225      246      242      219      194      176      151
      171      158      140      133      128      131      104      103      101       93       94       82       84       73       62       71       66       66       54       56
       68       49       80       68       73       90       77       79       92       95       98       95      106      108      128      119      147      106      153      160
      157      182      206      228      237      244      257      264      284      298      341      362      426      381      407      454      461      482      602      580
      619      610      679      742      749      747      780      800      774      779      803      755      786      824      748      733      681      615      629      604
      526      526      493      502      437      426      336      398      355      316      275      274      256      230      250      229      218      198      163      170
      158      153      148      133      138      132      121      109       86      108      105       80       84       81       77       71       56       61       62       53
       49       60       59       72       79       70       84       85       61       80       86      102      110      142      130      130      131      145      155      155
      195      197      206      226      223      209      287      315      300      312      312      375      420      416      437      522      529      552      587      609
      706      669      718      793      867      850      879      962      901      966      929      872      862      825      833      788      788      795      681      613
      663      539      571      550      484      458      399      395      386      361      330      301      266      239      259      240      252      192      165      196
      161      161      152      143      128      124      118      117      109       96       94       71       73       76       81       71       70       59       71       79
       54       68       70       68       63       70       95       94       86       76       99      127      104      123      132      110      140      126      167      182
      149      205      227      219      202      247      265      284      316      354      358      379      469      395      466      509      563      607      593      666
      719      743      806      816      856      967      959     1024     1050     1040      994      957      953      947      967      870      837      788      772      770
      652      627      613      529      507      491      473      392      378      348      317      333      278      258      275      229      230      202      172      210
      164      136      133      127      124      133      141      111       88       87       98       85       82       77       64       70       70       51       61       55
       56       58       76       60       76       80       71      111       81       96      105      118      105      120      120      111      149      163      135      176
      212      190      236      254      252      276      314      301      311      370      351      426      421      455      513      582      589      620      724      757
      784      849      902      964      996     1053     1061     1079     1149     1159     1151     1016     1072     1042     1029     1002      956      920      850      798
      804      699      659      585      544      496      491      444      395      358      376      316      339      264      239      232      238      213      185      192
      199      188      163      148      111      127      126      127      109      101       95       99       78       79       77       64       73       59       52       50
       60       60       62       74       68       72       78      106      103      111      116      135      117      138      138      159      140      172      168      185
      208      210      243      247      260      263      310      344      373      342      381      444      475      474      541      613      635      718      713      792
      859      883      952     1088     1070     1146     1146     1228     1323     1235     1209     1270     1238     1239     1129     1142     1103     1059      925      865
      777      725      694      646      587      607      477      448      441      385      348      352      319      312      250      279      248      224      232      189
      143      191      164      149      118      132      124      151      107      123      105       99       89      100       91       70       75       73       59       55
       62       74       57       57       63       65       97       81      120       84      127      125       90      108      129      126      166      200      171      173
      197      202      229      262      225      273      283      374      345      383      432      475      493      566      550      620      697      724      813      858
      935     1060     1107     1129     1258     1288     1351     1375     1488     1452     1438     1405     1405     1333     1310     1310     1219     1110     1060      930
      846      826      809      678      623      567      537      506      416      432      388      382      311      306      274      255      254      242      199      181
      194      176      180      151      164      155      137      109      112      116       93      100       73       82      107       70       63       60       61       59
       57       81       70       73       90       73       87       83       97      108      120       90      123      151      143      139      170      142      177      197
      205      236      231      248      300      304      335      364      362      437      428      473      535      582      593      641      745      831      876      946
     1072     1064     1249     1323     1388     1504     1481     1638     1707     1667     1693     1694     1679     1545     1508     1428     1313     1263     1120     1026
      940      872      796      753      648      625      574      512      498      465      382      382      323      310      304      268      239      238      235      216
      202      181      175      161      143      149      126      116      117      104      112      105       83       98       73       67       72       92       56       67
       55       67       70       60       87       70       89       97       88      102      115       95      118      105      141      141      170      167      159      210
      203      214      237      257      255      325      288      354      399      428      468      504      547      595      644      722      800      813      925      935
     1130     1218     1288     1456     1532     1691     1750     1800     1915     2013     2047     1961     1828     1792     1654     1631     1462     1326     1170     1137
     1047      934      891      755      721      671      573      510      527      466      420      383      345      304      293      270      267      253      209      212
      210      207      193      163      158      141      124      115      102      102      104       92       82       93       86       87       83       63       57       65
       60       54       61       56       64       96       72       92      116      107      105      121      122      129      157      187      158      156      191      200
      221      239      244      249      288      320      310      368      376      450      465      530      520      583      639      720      808      980      982     1061
     1171     1358     1457     1570     1761     1936     1998     2272     2301     2463     2313     2239     2136     2034     1977     1783     1643     1598     1359     1213
     1098     1015      865      827      767      700      632      583      548      472      437      429      376      357      298      319      254      236      235      186
      166      195      157      173      159      146      141      122      118      135      107      102       78       88       78       76       84       65       69       59
       75       55       83       72       96       92       89       98      100       92      127      119      135      131      148      147      155      171      198      221
      208      266      249      260      319      295      315      378      406      467      501      475      611      615      678      767      793      979     1107     1116
     1321     1461     1557     1712     1930     2260     2349     2527     2731     2762     2770     2713     2677     2349     2236     2092     1874     1746     1517     1308
     1226      999     1040      901      800      667      659      590      487      509      470      422      403      309      320      291      233      245      206      230
      221      200      216      177      156      148      137      109      116      104      109       97       69       87       69       85      102       72       67       54
       56       59       74       58       71       93       89      113      102      122      110      124      140      139      162      153      176      158      198      203
      200      278      267      246      298      337      353      368      407      486      504      552      603      697      698      860      923     1033     1104     1210
     1387     1590     1819     2078     2198     2470     2828     3051     3097     3365     3455     3342     2973     2765     2564     2279     2079     1818     1564     1498
     1263     1166     1007      910      836      743      692      591      547      533      494      407      389      331      350      319      294      238      230      228
      205      185      185      168      138      170      138      128      118      125      111      115      119       90       67       88       75       66       60       61
       71       73       70       69       87       72       76       87       92      104      134      119      140      129      139      174      193      184      181      209
      228      249      249      280      333      341      345      392      443      506      523      510      616      735      782      888      944     1036     1190     1350
     1433     1747     1920     2181     2559     2862     3325     3693     3819     4153     4078     3964     3689     3277     2823     2546     2215     1983     1738     1450
     1358     1202     1054      930      857      781      701      641      589      517      428      452      407      358      317      330      284      258      232      221
      190      193      182      162      158      136      117      109      122      109       85      115       95      100       91       83       90       60       80       68
       62       92       71       67       85       82       90       97      138      107       99      115      138      136      164      152      164      187      203      237
      229      232      268      277      309      371      340      383      427      460      511      615      641      739      791      893      959     1084     1229     1435
     1560     1866     2091     2455     2829     3408     3995     4385     4895     5243     5151     4949     4507     3858     3389     2948     2505     2152     1877     1581
     1439     1256     1075     1038      882      807      713      671      556      524      456      467      434      346      328      308      281      260      272      215
      207      196      152      164      130      170      127      121      121      114      103      111      102       81       84       72       72       79       72       57
       59       54       78       71       82       86       99      102      113      100      115      130      127      123      153      136      181      192      187      207
      220      259      268      303      311      352      403      402      439      513      599      581      638      709      786      908     1002     1190     1378     1417
     1733     1938     2278     2624     3223     3819     4510     5473     6328     6892     6866     6312     5515     4782     3906     3305     2680     2319     1933     1751
     1483     1318     1093     1010      870      824      744      644      603      529      513      416      409      348      353      295      292      257      262      215
      212      159      165      171      142      152      130      130      137      106       97      109       85       89       88       71       76       65       56       60
       64       73       73       79       78       71       82       97      110      109      106      111      140      144      180      170      171      170      197      221
      273      248      259      288      295      333      358      390      465      473      556      584      652      741      784      950     1084     1270     1385     1523
     1839     2056     2549     2856     3540     4312     5398     6774     8500     9609     9841     8411     6631     5519     4321     3481     2926     2437     2082     1737
     1501     1351     1173      975      865      863      774      654      583      575      508      478      401      372      352      353      316      310      283      255
      189      208      186      168      140      184      155      122      121      126      118      109      113       93       79       74       66       54       68       72
       82       61       69       76       96       90       90      105       98      116      107      117      137      156      162      146      179      214      180      224
      225      247      220      262      341      331      367      436      444      472      548      614      678      782      824      956     1118     1190     1424     1664
     1936     2122     2533     3142     3712     4783     6224     8442    11654    15371    15123    11298     8326     6135     4890     3840     3090     2547     2209     1790
     1594     1375     1165     1032      929      834      752      709      636      540      528      475      427      392      342      325      307      280      269      203
      234      198      179      163      159      176      174      121      141      109       98      105       93       93       97       80       91       78       70       64
       55       63       75       75       68       86       81      113       98      105      118      119      125      136      159      171      160      190      216      214
      211      269      279      295      294      374      362      391      457      484      541      589      735      813      819      928     1080     1225     1423     1601
     1970     2199     2619     3055     3908     4946     6509     9120    14586    29528    29480    14460     9406     6704     4872     3961     3248     2706     2168     1871
     1675     1469     1199     1070      900      856      774      688      639      583      485      451      431      386      351      315      302      286      263      263
      223      226      180      188      187      140      136      126      135      117      107      108       95       98       89      102       66       84       69       84
       66       80       69       67       88       80       77       97      100      111      121      132      121      124      155      159      198      193      218      222
      231      246      282      330      295      348      380      431      470      526      533      653      679      702      838      964     1074     1264     1434     1628
     1872     2212     2680     3125     3927     5024     6580     9183    14946    27159    26921    14189     9013     6769     5000     3835     3269     2668     2149     1913
     1650     1373     1260     1158      939      830      786      687      587      581      515      446      432      399      350      286      290      294      267      223
      228      220      212      167      178      143      144      121      122      116      119      110      103       81       99       96       60       74       63       57
       49       76       75       72       71       86       85      107      104      117      100      126      145      157      163      156      182      174      209      203
      216      263      283      327      308      319      384      408      447      496      569      645      724      792      851      971      992     1170     1359     1645
     1787     2135     2586     3083     3879     4875     6044     8096    11601    14813    14565    11119     7850     6242     4725     3796     3216     2582     2191     1914
     1548     1383     1157     1100      983      849      755      709      626      586      495      493      440      406      364      330      288      274      252      241
      190      203      171      176      159      153      157      147      116      120      121      106      101       97       71       84       72       74       63       60
       73       76       88       79       69       97      112       93      115       95      129      132      153      145      142      175      173      175      201      187
      230      236      270      306      310      349      336      384      416      503      580      616      693      690      780      957     1088     1169     1353     1540
     1797     2082     2410     2958     3478     4373     5300     6606     8276     9501     9614     8067     6563     5399     4433     3733     2943     2435     2132     1834
     1549     1354     1202     1100      902      830      780      688      613      560      517      474      415      388      341      326      307      262      267      210
      212      221      163      149      153      146      164      157      127      132      115       78      106       95       77       76       93       59       69       74
       55       62       70       77       77       78       86       91      115       89      110      127      130      137      162      160      191      179      200      228
      229      251      263      268      328      342      417      425      476      493      532      627      675      673      834      873      980     1194     1290     1533
     1671     2032     2440     2753     3351     3878     4687     5441     6208     6739     6591     6188     5402     4576     3893     3215     2650     2328     1985     1721
     1571     1340     1137     1056      901      848      753      670      617      530      439      468      418      365      371      304      297      279      220      227
      212      179      159      147      201      154      129      141      121      119      109      102       96       92       88       79       80       78       86       69
       66       62       56       95       79       99       72      119      104       84       98      123      130      150      136      150      157      179      202      204
      234      262      277      271      308      335      348      419      420      448      529      558      642      700      808      874      993     1140     1286     1406
     1640     1826     2128     2535     2880     3357     3921     4456     4877     5177     5199     4881     4459     3814     3320     3005     2450     2190     1896     1759
     1474     1287     1104      980      913      796      682      611      546      490      446      454      443      369      315      288      309      285      244      238
      196      190      156      177      170      153      148      131      139      119      127      103      101       99       74       89       72       72       71       82
       72       52       71       78       85       65       84       69       97       99      111      123      146      138      144      141      152      183      192      216
      241      235      244      287      315      323      366      432      418      483      451      554      603      687      760      873     1003     1125     1213     1333
     1553     1808     1901     2274     2613     2904     3252     3671     3841     3955     4000     3838     3633     3193     2986     2538     2265     2039     1762     1511
     1357     1182     1060     1039      889      782      747      628      595      514      508      472      401      337      361      282      258      265      234      234
      185      176      193      154      167      164      154      146      137      113      101       95       93       88       96       59       89       58       69       68
       61       59       75       68       72       83       88      111      117       90      117      135      111      117      135      169      159      167      209      202
      213      207      233      272      290      339      354      404      435      443      481      549      601      703      747      821      899      984     1286     1288
     1472     1638     1832     2076     2309     2497     2814     3090     3313     3387     3316     3259     3058     2820     2529     2234     2153     1797     1592     1363
     1275     1158     1133      895      896      784      675      629      527      532      509      436      407      326      328      328      250      250      239      233
      219      182      169      162      163      168      141      135      127       96      121      129       97       89       91       69       77       78       73       53
       46       73       67       74       97       88      105       93      102      102      108      123      127      173      161      155      164      145      202      177
      207      216      250      312      315      331      324      334      389      455      455      550      600      644      669      811      963      965     1070     1150
     1333     1458     1626     1783     1994     2319     2457     2602     2833     2823     2821     2558     2505     2441     2241     2045     1818     1559     1488     1367
     1222     1036      992      935      785      729      649      568      533      506      432      407      379      334      299      311      299      281      256      216
      207      186      164      180      164      168      125      140      114      106      102      106      101       87       76       86       95       59       73       68
       74       66       54       90       76       96       93       94       89       94      125      116      139      140      129      154      167      193      200      198
      196      253      218      272      291      300      332      378      410      431      445      471      588      654      697      781      905      939      967     1137
     1297     1350     1407     1607     1781     1915     2132     2251     2291     2431     2351     2303     2185     2071     1943     1814     1607     1553     1362     1188
     1095      997      921      832      813      728      632      549      512      448      403      399      382      333      265      285      275      250      242      189
      208      187      167      171      163      124      136      122      106      104       99      100      102       90       80       73       75       66       63       61
       66       65       67       85       74       89       84      107       89       92      104      111      128      129      164      142      180      178      182      189
      212      239      244      273      289      308      326      352      401      434      465      480      541      623      617      667      732      878      928     1046
     1127     1224     1343     1424     1533     1654     1843     1977     2030     2036     1913     1943     1920     1834     1742     1519     1457     1318     1216     1133
     1047      996      886      798      731      656      624      533      485      420      454      405      358      325      292      288      280      236      227      210
      195      188      168      138      148      150      139      121      138      119      113      111       89       86       82       65       81       76       68       65
       54       57       55       82       67       83       87       95       89      106      119      103      121      148      167      141      148      157      184      179
      200      202      240      267      266      291      316      364      378      420      420      494      537      585      569      705      737      798      860      933
     1018     1171     1216     1266     1422     1485     1557     1610     1624     1743     1695     1671     1621     1626     1498     1431     1307     1229     1156     1056
      944      890      825      743      694      613      588      501      458      460      362      366      298      354      303      276      239      267      192      202
      191      184      193      182      158      152      146      119      146      134      104       92       92       87       69       73       70       68       56       63
       52       63       74       68       84       72       89       97       87      117      114      116      112      114      130      147      152      169      198      199
      170      229      232      248      247      286      337      362      384      374      418      472      511      533      579      649      683      719      871      905
      953     1095     1120     1177     1203     1309     1436     1458     1507     1419     1561     1477     1422     1394     1338     1286     1207     1070     1001     1016
      860      789      765      709      633      581      558      473      471      443      374      382      367      306      266      236      254      246      231      206
      188      175      161      163      162      137      135      125      116      104      110       87       99       65       90       70       70       80       71       78
       58       73       69       56       74       80       94       74      110       92      124      105      139      103      126      135      148      176      157      157
      181      218      214      213      257      284      313      306      326      401      395      472      482      517      544      649      579      628      754      822
      860      873      987     1039     1044     1179     1249     1349     1267     1377     1348     1281     1278     1258     1303     1080     1081      971      895      837
      830      799      730      630      552      522      517      468      457      427      345      378      328      294      280      248      255      237      232      217
      191      173      140      156      134      139      131      110      129       95       93      103       88       81       93       71       64       63       70       74
       62       61       52       76       80       86       77      111       84       82      114      109      127      135      115      148      129      156      166      195
      187      202      228      231      244      274      249      306      365      414      407      432      416      467      507      596      610      673      688      778
      760      868      861      962      998     1087     1112     1149     1152     1161     1215     1145     1119     1170     1025     1030      992      931      867      788
      791      676      642      557      547      518      500      406      425      402      378      316      330      296      286      257      274      224      228      208
      200      141      187      165      131      115      135      127      106       92      108       84       90       73       85       77       72       65       55       59
       64       53       84       66       75       75       93       73       81       81       80      101       98      118      127      151      154      154      158      178
      185      191      210      232      245      250      299      286      298      355      358      396      469      475      501      524      533      595      667      667
      734      726      805      839      899      944      929      980     1013     1017     1030     1009      960      966     1049      925      814      875      736      706
      687      611      608      560      528      464      422      439      379      361      357      303      315      259      238      242      260      244      187      164
      189      156      138      143      134       99      108       89       96      113       95      101       89       85       89       67       67       62       74       76
       56       59       52       55       90       71       86       88       94       74      110      104      109      117      125      120      157      138      155      170
      176      194      191      202      233      252      251      269      286      287      351      390      407      436      464      467      542      567      619      653
      688      719      754      802      817      816      892      885      943      920      952      955      903      876      904      887      792      774      698      688
      627      591      595      538      501      458      432      431      398      373      342      328      287      288      274      245      221      213      193      165
      183      169      129      150      134      140      135      112      105      105      123      104      103      102       73       51       72       54       53       43
       47       46       58       62       63       89       70       84       86      100      111       93      110      117      129      124      138      133      135      156
      182      153      191      183      241      225      267      279      276      265      344      337      366      421      428      420      492      568      508      615
      616      648      659      700      740      736      768      830      819      836      863      844      846      838      760      724      718      736      598      655
      568      540      525      490      473      454      398      378      344      359      338      332      283      276      252      216      199      193      176      165
      167      143      138      119      121      139      114      101      100       90       99       85       70       84       75       91       65       68       69       48
       55       61       74       51       65       88       69       82       98       82       91      107      123       98      117      125      135      159      140      160
      170      188      202      220      215      223      257      247      263      257      314      327      359      366      384      401      480      523      529      523
      600      587      597      679      652      710      697      773      731      793      729      723      750      704      707      706      650      645      584      593
      522      524      522      461      440      439      380      352      349      300      287      282      270      244      249      232      189      187      179      178
      154      141      154      137      123      121      114       97       94      113       83       98       77       79       74       77       44       57       52       64
       51       61       64       72       68       78       82       97       85       92       83       84      110      124      115      129      141      140      140      128
      169      165      201      165      193      212      245      263      301      272      294      332      337      358      390      367      452      472      480      472
      506      557      600      619      622      667      658      629      683      673      716      678      621      631      622      625      579      561      566      537
      529      487      455      411      432      409      345      359      327      290      283      246      247      224      229      202      202      193      177      175
      149      162      130      139      127      120      102      110      104       85      101       86       90       71       66       66       61       52       54       42
       59       60       67       57       79       90       83       94       88       77       89       98       87      116      115      112      119      135      157      166
      164      154      184      191      227      213      228      232      262      262      293      322      297      335      362      399      414      400      428      475
      517      509      529      557      523      558      572      564      554      619      598      573      576      588      585      521      512      569      485      467
      478      399      450      384      390      383      377      405      309      291      244      248      241      217      197      200      201      196      167      174
      141      140      122      117      110      139      121      105       80       96       90       81       84       72       82       68       67       51       53       49
       48       59       57       55       50       68       95       78      105       90       87       84       97      104      114      101      113      132      130      164
      157      135      174      180      178      198      187      213      245      255      262      262      296      295      324      316      356      376      418      429
      424      478      481      513      544      580      533      543      520      570      585      557      546      528      500      538      500      494      492      474
      430      408      424      366      375      348      360      295      293      275      252      261      228      199      195      186      184      159      159      136
      163      129      133      116      132      107      104      102      100       96       83       81       86       72       76       67       59       61       49       44
       62       60       56       52       70       56       76       81       77       77       89       93       89       92      120      114      125      123      170      121
      140      140      171      160      201      194      219      217      236      249      254      265      288      275      281      313      337      338      350      448
      406      417      462      428      434      484      497      500      515      537      450      508      483      513      471      445      446      461      425      393
      388      386      376      356      380      348      286      293      257      233      223      232      210      216      196      205      160      204      169      142
      130      123      134      124      136      101       78       90       99       93       83       80       59       70       76       53       76       46       51       48
       51       44       54       42       58       72       69       78       62       67       84       98      100      121      101      105      118      122      133      131
      146      181      140      178      169      173      223      219      218      223      238      261      259      243      278      294      338      341      332      339
      372      407      410      425      407      448      464      444      464      440      457      431      473      427      477      447      423      395      435      428
      364      358      380      323      318      312      287      279      283      250      227      238      199      226      187      187      169      146      169      139
      135      130      116      134      103       86      102       69       94       87       79       79       63       66       61       61       58       69       46       44
       47       43       46       52       55       63       69       65       61       68       77       84       93       89       95       88      106      111      124      125
      136      155      147      169      174      165      181      184      208      233      208      233      244      276      277      325      293      299      332      367
      358      341      388      388      381      426      392      412      400      427      437      431      422      407      400      396      394      397      352      360
      390      343      297      320      303      257      241      255      286      200      205      194      216      207      181      173      152      145      145      130
      130      101       91       88      116      103       96       92       97       78       64       81       87       71       67       60       67       53       48       55
       50       52       59       60       64       72       52       72       78       69       79       99       89       85       98      110      101      129      120      124
      138      150      155      123      156      177      159      146      188      195      196      235      232      259      283      285      245      287      282      288
      342      324      341      347      363      353      379      364      369      406      415      390      402      377      378      346      355      375      347      320
      312      329      323      277      275      276      264      258      227      230      210      177      185      172      197      146      161      118      135      126
      126      139      118      126      123      104       91       82       68       93       88       79       62       67       58       65       56       59       51       50
       42       47       39       49       54       62       49       62       63       85       76       83       81       99       90      112      108       91      114      122
      136      130      141      131      152      153      160      218      191      188      226      215      199      241      237      256      216      260      281      297
      313      347      371      355      343      346      389      339      367      396      388      384      343      353      365      373      363      328      332      319
      313      305      284      281      275      250      253      228      188      190      191      166      179      174      156      138      153      112      140      131
       95      126      115       87       99      101      120       85       86      103       64       63       56       74       64       58       49       54       43       48
       43       45       62       52       56       56       54       57       68       72       68       87       83       96       71       85       99      104      127      127
      143      119      143      152      148      176      153      192      158      184      177      199      178      208      231      229      255      247      285      270
      284      294      325      286      350      364      329      345      330      353      370      335      348      295      310      304      324      306      284      299
      283      277      266      231      233      218      224      217      226      181      148      180      146      145      163      164      136      118      134      141
      112      133      112      107      110      103       99       88       61       76       71       70       73       64       54       71       49       54       65       50
       40       38       50       51       75       50       51       78       62       71       71       77       67       92       76       79      121      104      115      104
      129      123      117      144      143      157      132      184      168      172      180      186      182      198      219      224      215      259      239      252
      226      273      251      275      273      319      328      266      301      319      310      307      303      302      268      310      266      291      287      245
      281      254      243      214      210      239      218      223      182      192      158      130      165      167      139       97      154      130      118      134
      121      127      108      103       76       82       91       86       70       93       72       55       58       63       48       61       49       49       60       53
       43       54       44       46       49       51       50       51       63       90       72       78       74       75       62       77       92       93      107      101
      114      106      129      128      126      133      133      168      181      156      161      181      203      190      230      227      224      252      200      248
      263      224      232      258      252      278      281      279      293      252      279      294      294      249      263      254      250      241      262      258
      260      280      228      236      196      217      201      199      167      166      180      166      149      147      142      148      119      122      117      104
      120      105       77       88       87       74      100       81       63       78       78       60       54       72       51       55       45       60       46       51
       52       50       48       38       55       58       65       65       56       72       59       66       61       68       78       83       82       75       99       94
      118      123      111      142      118      121      127      148      154      138      174      171      171      185      195      193      196      241      211      249
      206      275      227      255      248      254      266      278      258      257      261      299      278      251      263      260      250      262      265      245
      241      231      231      218      214      190      195      187      138      154      168      150      132      157      132      131      108      124      119       90
       81      105       95       93       99       83       83       84       74       67       64       53       60       52       54       50       49       63       44       39
       44       44       52       52       55       68       68       60       58       54       66       53       77       82       82       88       89       71       88      101
      104      118      115      146      111      119      142      134      116      146      150      170      173      167      195      174      181      194      223      218
      230      229      224      218      237      249      252      236      228      243      258      241      266      226      258      229      240      227      238      203
      244      219      185      171      185      179      171      172      171      149      149      162      148      117      133      117      106      114      108       97
       93      105       95       87       68       88       79       83       70       82       58       53       75       57       45       58       43       39       52       39
       52       41       34       50       43       51       44       55       49       57       66       57       70       75       66       97       83       88       82      110
      107      111      124      115      123      137      112      114      131      146      130      126      144      159      193      185      199      206      202      222
      201      183      237      232      216      214      243      220      228      244      248      231      221      231      204      226      217      207      196      202
      189      188      204      186      142      170      159      161      178      154      128      122      133      146      133      103      109      123      105       99
       86       77       85       87       76      100       67       75       51       65       69       64       52       53       58       53       49       44       42       41
       37       42       41       32       45       58       48       43       63       52       77       61       68       76       67       86      100       89       70       89
      102      124       93      107      119      111      125      107      122      111      139      155      156      156      171      189      178      161      195      167
      183      210      181      196      191      218      219      214      215      217      217      223      225      215      178      206      197      199      180      198
      170      176      192      173      167      147      142      133      138      127      125      137      109      137      109      115      113       98       96      102
      107       90       92       83       78       80       68       64       62       50       71       64       50       49       56       60       44       46       44       48
       39       40       43       33       32       51       40       54       46       62       54       68       65       74       72       80       97       81       89       89
       78       89      102      114      106      120      127      129      115      146      120      128      146      165      156      159      185      172      179      184
      176      165      176      171      194      173      198      168      194      202      200      207      199      170      185      169      172      189      188      178
      177      184      177      142      160      162      142      142      124      139      117      136      129      117       92      125      106      108       85       92
       94       94       92       79       74       70       52       62       58       49       77       58       44       56       44       39       54       69       43       44
       38       47       48       49       40       45       56       45       58       58       64       71       46       69       60       76       68       71       76       92
       77       94       86       99      111      109       99      106      124      133      119      119      139      155      156      147      181      127      153      169
      168      182      179      146      172      184      158      187      191      171      190      168      170      183      206      151      157      150      160      147
      179      167      168      149      140      145      139      131      111      117      142      110      112      118      118       96      103       82       97       98
       65       99       63       84       73       76       64       65       65       58       48       54       49       47       47       51       47       48       38       49
       40       33       47       50       55       46       53       59       48       50       49       56       52       69       74       53       63       55       83       84
       88       85       83       91       87       96       90      108      104      110      120      119      143      119      146      113      129      155      170      158
      156      153      163      184      178      168      168      144      176      168      193      152      155      164      176      177      160      162      169      165
      148      133      134      142      128      134      142      137      126      117      102      125      102      108       93       97      104      103       99       86
       89       69       84       74       70       77       45       70       64       55       49       42       57       44       51       43       47       37       45       26
       38       29       38       47       41       38       50       48       62       39       55       49       59       53       78       73       70       72       76       64
       80       69       77       90       98      103       96      103      117       90      107      138      110      120      125      139      133      135      138      146
      144      134      154      166      145      162      155      165      139      161      148      166      154      184      163      155      149      156      141      140
      135      128      149      156      107      144      153      137      121       99      120      105      119       92       89      101       86       93       85       71
       78       77       67       77       71       66       58       68       57       59       57       70       56       47       54       46       39       52       43       43
       33       36       32       35       58       40       47       62       54       66       66       68       44       55       53       67       70       67       56       89
       80       81       82      100       91       88      100      106       81      103      120      114      116      133      109      122      121      153      125      133
      129      162      170      145      130      158      166      142      125      142      161      150      121      152      154      127      159      130      138      151
      115      133      146      115      132      129      142      121      103      104       94      101       81       85       87       84       85       73       90       79
       82       68       68       74       69       69       61       72       59       40       64       47       50       38       49       49       40       32       44       34
       35       46       48       43       52       44       57       52       48       46       54       52       53       54       51       72       65       61       84       69
       80       79       88       64       92       98       93      100       99      107       99      102      109      112      118      116      136      130      130      119
      147      136      128      117      153      120      157      139      173      128      137      138      150      164      142      126      132      139      140      142
      159      125      140      122      117      102      116      102      138      113       88       89      111      105       85       83       84      109       70       83
       81       78       74       60       63       46       52       56       57       58       43       52       55       32       47       38       49       33       36       30
       34       31       45       36       34       50       49       32       53       47       51       65       52       47       48       73       67       57       78       81
       59       73       72       73       77       91       87       86       90       92       95       85       93      111       84      123      100      123      115      100
      135      117      139      131      125      132      137      147      114      129      142      137      122      117      158      139      149      123      128      103
      114      122      136      114      115      104       97      112      104       87       93       96       88       82       93       91       68       65       77       65
       64       69       65       65       53       57       53       51       77       46       53       47       49       43       48       44       45       27       29       29
       35       31       38       38       27       43       35       47       40       52       55       52       49       63       41       56       58       66       48       63
       72       62       84       86       61       71      102       83       69      101       92      103       89       91      116      123      106      111      100       96
      106      105      103      112      107      106       95      121      123      125      116      121      111      143      125      132      101      139      110      106
      130       98       85       93      129      112       87      110      100       63      100       76       92       88       85       66       72       72       72       64
       83       64       82       65       51       54       57       51       47       44       44       39       39       38       46       38       47       29       35       40
       36       30       38       36       43       41       53       40       49       49       43       64       57       44       47       33       42       50       67       59
       62       57       62       79       66       73       67       71       90       81       68       98       78       88      109       88       89       98      122      108
       95      105      122      102      119      108      104      108      118      116      120       99      107      114      118      131      129      115      112      133
      118      131      114      106      115      109       86       84       83       73       77       76       80       82       74       73       54       68       54       62
       65       68       67       48       58       49       59       50       44       36       42       46       50       44       33       42       33       37       27       30
       28       25       35       41       34       39       30       50       47       38       40       43       48       49       59       57       58       65       65       70
       56       69       74       55       70       60       65       75       70       89       75       86       76       89       94       88       95       95      110       99
       99      104      101       91      112      121      116      100      108      100      117      115      119      115      106      114      110      104      108      111
       97      113      106      113       98       89       98       94       98       90       90       77       82       85       72       64       66       90       53       52
       59       54       51       59       55       53       61       45       48       54       40       40       45       39       43       34       36       34       28       24
       23       35       36       32       33       42       32       29       35       47       40       45       51       48       46       30       53       53       42       63
       60       60       77       65       59       74       66       79       79       74       64       75       89       94       82       94       86       90      113       99
       98       91       90       86      102       96      119      122       98       98      109      108       88      108      111       99      106      102       95       90
       82       98       93       92       96       94       93       92       74       86       93       82       73       65       61       52       83       68       70       60
       62       49       57       50       61       54       51       46       45       37       28       37       41       37       40       46       38       31       30       27
       26       23       36       25       33       47       43       29       33       58       42       36       48       56       53       53       44       49       55       61
       63       63       67       56       67       61       78       73       62       72       72       76       74       78       95       68       78       81       79       88
       86       96       84      105      104      102      109       95       94       94      108      116      107      112      117       87      106       82      103       89
       90       84       86       95       92      113       83       77       82       79       75       81       67       80       72       69       60       60       50       49
       58       63       44       47       53       49       52       41       50       40       43       47       51       34       40       36       36       36       35       19
       27       37       34       38       33       35       18       41       37       36       46       33       44       38       42       53       44       61       58       60
       54       43       53       51       42       67       75       83       72       66       65       64       68       73       93       94       81       86       85       74
       88       75       97      111       76       82       73       92      105       99      112       72      117       96       81       67       81       99       89       64
       94       71       87       89       87       95       74       73       73       59       74       63       78       58       66       63       55       63       65       61
       45       61       52       54       46       46       37       48       48       46       41       36       56       29       37       30       27       31       37       32
       30       35       34       26       46       35       35       34       35       26       29       41       45       44       45       48       57       53       44       60
       53       57       56       58       65       56       58       53       68       75       67       65       72       76       73       69       92       95       84       82
       87       86       84       82       77       99       78       87       85       75       87       84       94       99       92       80       86       87       86       85
       91       74       79       77       66       78       73       51       91       61       68       70       89       77       67       52       54       56       41       45
       51       56       59       36       44       46       46       41       42       29       33       53       44       27       32       30       36       27       29       33
       33       31       28       31       36       23       34       42       51       45       33       46       41       49       35       45       56       53       45       62
       46       56       49       59       62       58       52       62       60       60       72       69       75       81       67       72       76       89       77       97
       77       73       78       84       90       87       82       82       87       93      107       91       92      101       67       62       73       80       71       71
       73      101       83       64       92       52       75       65       54       66       66       74       60       55       57       55       53       39       51       46
       50       58       55       47       49       59       43       36       35       38       30       31       39       33       21       31       26       50       36       21
       29       25       28       21       30       23       39       28       36       39       22       26       42       49       55       40       39       41       42       58
       53       55       44       53       54       52       60       62       44       58       53       60       60       61       58       67       71       80       65       67
       73       87       75       72       75       85       75       56       78       69       72       78       71       85       54       88       78       86       68       74
       65       70       84       69       73       73       90       80       62       64       57       56       44       68       58       43       59       58       63       40
       47       55       53       44       34       42       44       41       41       30       36       33       31       33       26       26       25       25       31       22
       36       37       23       27       30       35       22       28       26       43       31       38       45       48       43       53       54       41       39       42
       56       35       51       63       55       55       47       57       44       49       55       60       48       66       62       67       60       71       68       62
       67       80       64       73       80       71       77       82       76       62       92       60       76       72       79       68       78       66       65       70
       65       67       65       63       68       77       45       60       63       72       77       53       61       58       51       57       43       36       46       36
       44       49       36       42       44       45       30       42       42       42       37       33       26       34       32       21       21       28       26       22
