       26       26       26       21       33       31       44       37       33       35       36       41       42       43       31       39       36       47       46       44
       35       54       46       40       47       53       54       60       46       52       54       53       62       60       62       60       57       62       48       59
       48       63       65       41       57       60       49       61       65       61       80       62       66       68       64       63       87       66       58       70
       60       61       68       67       66       49       59       68       50       50       64       48       59       53       40       49       47       56       35       35
       54       41       34       40       39       37       40       37       28       42       38       39       33       53       41       33       34       22       34       27
       20       29       29       33       30       42       29       31       37       38       33       39       35       36       42       37       25       37       43       41
       60       52       53       43       53       60       53       43       51       47       52       59       67       55       57       55       58       70       62       53
       51       68       73       68       81       86       83       62       83       53       67       74       80       92       67       70       73       73       63       64
       76       58       61       59       79       68       46       55       62       57       56       54       50       67       62       58       55       53       43       37
       53       45       37       48       46       43       41       27       44       26       39       41       39       29       32       35       19       29       25       31
       20       31       24       24       43       38       27       34       33       28       41       39       28       46       47       35       36       45       25       45
       50       56       56       61       67       58       68       52       63       69       65       61       54       86       64       69       79       55       61       67
       87       77       67       73       78       79       73       66       75       69       76       85       81       75       68       73       70       68       75       68
       63       74       50       54       59       52       65       73       61       47       53       66       65       60       55       60       54       49       52       45
       40       47       50       42       43       48       38       34       52       32       31       40       37       41       31       23       33       29       24       25
       35       31       24       27       26       28       37       46       27       32       54       27       37       28       46       51       39       51       46       57
       50       55       48       61       50       58       53       56       55       56       64       53       68       60       56       82       88       76       70       64
       83       82       64       87       86       85       77      107       84       82       79       68       85      100       81       77      100       99       76       90
       81       70       78       76       61       72       64       61       65       59       57       62       66       50       62       59       61       49       43       49
       41       40       55       41       44       39       35       40       40       36       26       35       38       36       40       35       30       24       33       33
       29       34       32       40       37       35       31       30       32       40       39       39       41       38       55       33       47       44       43       53
       61       51       57       46       57       53       62       72       70       67       59       59       63       58       76       93       84       70       68       76
       85       90       67       61       80       86       76       74       89       74       80       90       67       81       78       89       84      100       87       87
       73       77       88       68       73       59       66       71       59       70       61       80       64       71       50       61       57       58       62       50
       43       63       57       41       53       53       42       47       38       40       43       29       25       33       28       27       39       29       24       28
       37       35       33       29       44       34       44       45       44       46       47       57       48       50       37       49       46       56       37       63
       55       52       69       59       62       56       60       68       61       59       60       75       81       76       63       91       96       85       78       85
       81       87       74       87       83       88       94       97       72       92      117       81       95       85       98      103       94       96       94       95
       86       80       83       99       89       74       75       60       73       63       74       64       70       54       68       54       54       71       46       51
       74       52       54       50       54       51       45       46       37       33       44       44       47       39       21       33       26       29       21       30
       33       27       33       35       30       42       42       37       36       43       43       37       48       37       52       33       60       43       71       57
       56       56       59       75       60       58       65       53       80       70       79       77       65       73       63       76       79       87       80       94
       93       84       95      100       77       87       91       89       96       93       98       97       91       92      107       98       87       73       83       90
       71       81       77       79       91       69       90       80       65       63       88       59       63       57       64       60       67       70       64       43
       57       64       40       70       53       40       41       51       41       35       43       48       33       34       49       31       26       31       37       32
       26       34       36       28       34       36       40       53       44       44       59       44       34       43       35       54       53       55       62       62
       55       56       66       60       63       63       70       73       70       89       63       76       93       71      105       77       79       95       96      102
       95       80      108      100      100      102      109       91       94      121      120      108      113      103      120       81       76      102       82       91
       82       86      105       92       81       76       63       90       75       66       75       53       72       70       57       68       80       68       58       70
       51       44       45       45       57       40       46       51       36       43       47       50       39       44       23       34       36       39       29       29
       45       41       34       29       30       44       37       47       39       45       38       37       34       38       53       66       59       58       61       63
       68       70       54       67       75       66       65       63       87       80       87       92       81       88       80      100       81       80       84       93
      108      119      123      113      113       99      116      118      131      122       96      128      102       97      110      104      106      102      122      104
       78       84       97       88       95      104       90       91      103       76       82       71       76       82       81       62       69       54       62       50
       70       46       57       63       49       39       61       51       49       33       42       36       39       37       35       34       34       29       28       43
       27       26       35       45       27       38       37       32       45       40       51       57       43       66       62       62       64       58       62       56
       62       65       59       72       85       72       73       80       89       80       73       95       88       85       91       86       99       80      107      102
      100      106       99      111       89       99      132      118      104      134      108      104      122      115      119      112      106       98      121      104
       84      108      114       82      112      104       89       74       99       80       85       89       77       65       69       71       58       84       67       75
       48       61       59       73       45       55       47       54       40       53       38       42       38       39       35       41       34       31       34       30
       37       39       38       38       34       33       31       42       36       49       46       39       48       40       51       64       67       67       50       72
       65       67       67       69       77       71       85       91      102       88       94       95      107      114      107      100      108      111      133      117
       95      108      128      131      110      116      112      129      135      112      132      139      144       94      132      108      120      117      134       98
      101      133      111      109      107      119      110       97      110       89       84       99       84       70       80       74       78       61       78       84
       56       68       52       67       45       56       58       39       47       34       46       46       46       30       50       37       43       40       32       44
       26       35       32       38       29       38       39       46       49       44       40       60       56       63       47       52       63       73       75       59
       58       77       81       73       83       76       93       99      100       79      106      101       96      103      119      110      112      111      111      115
      111      111      138      111      109      119      132      117      155      133      107      158      135      126      126      122      124       87       92      103
      128      123      122      103       97      114       91      114       93      101       84       99       71       95       84       66       82       73       80       69
       70       61       55       69       64       64       50       54       53       57       44       49       46       42       46       37       40       34       46       32
       30       39       32       44       39       39       33       39       40       40       63       71       52       52       52       70       55       66       66       80
       56       63       69       82       69      105       91       98      114      117      126      105       87      100       78      110      125      122      118      120
      115      108      148      140      122      127      143      136      119      152      162      139      129      141      146      132      135      132      143      117
      131      117      116      123      111      111       87       92       85       96       96       89       84       79       91       96       83       68       72       80
       73       79       75       54       54       65       43       45       40       46       57       33       33       39       43       42       39       36       54       44
       38       42       48       40       47       41       45       47       53       55       53       64       71       62       57       67       73       69       82       60
       85       71       83       77       76       95       98       98       97      115      104      121       99      142      124      123      140      124      125      139
      140      128      123      117      144      134      145      142      124      142      154      166      160      157      130      158      154      136      160      136
      152      118      124      134      111      105      117      103      122      108      118       99       77       94       85       85       79       88       87       65
       65       62       62       67       65       51       60       50       66       45       56       37       39       39       55       49       47       36       35       38
       23       39       39       36       38       51       44       51       59       43       70       56       56       65       51       65       60       64       69       71
       78       90       95       78       98       99      102       94      122      114      128      119      120      139       89      129      125      155      123      135
      123      127      142      129      148      137      155      168      141      153      174      165      153      172      146      134      157      145      140      140
      155      144      143      143      133      127      114      112      108      134      102       94       93       88       92       75       99      100       94       70
       77       60       69       70       70       55       45       61       52       63       45       52       42       46       46       49       36       35       44       38
       37       32       35       47       34       47       49       53       57       44       45       71       66       68       60       66       68       78       81       79
       88       74       93       96       91       82      119      114      116      125      128      114      129      146      140      141      143      137      144      146
      155      152      155      160      142      174      175      168      140      160      170      155      153      163      187      165      167      161      175      155
      146      170      180      164      137      141      141      137      107      104      107      104      105      106       96       88      100       87       75       83
       96       79       92       79       63       63       57       59       65       57       30       43       67       51       46       45       34       37       42       43
       33       37       32       24       38       46       38       41       51       46       66       50       53       56       69       71       84       87       87       92
      100       87      103       92       82       93      109      124      132      114      128      122      132      131      126      151      151      141      162      156
      152      184      177      168      179      167      200      193      186      190      210      151      161      185      187      151      173      139      180      144
      157      150      160      140      145      141      122      145      138      121      125      105       85      114      105      118       88      107       99       78
       79       79       69       73       81       64       71       76       65       41       57       51       49       52       51       58       58       35       43       41
       42       32       39       33       43       43       56       54       57       67       55       55       72       70       69       62       61       76       81       63
       77       99      103      101       87      122      128      109       99      112      121      135      138      154      148      177      141      169      164      154
      165      166      161      165      188      181      197      184      179      198      176      196      189      187      207      191      183      187      178      189
      173      185      172      173      168      165      138      148      125      133      121      117      125      122      112      110      112       87      114       86
       96       84       92       82       59       86       72       74       51       75       53       50       52       61       51       35       46       37       40       43
       40       33       46       44       61       46       66       56       73       59       52       51       65       59       84       86       99       87       93       85
       91       97       97      105      119      130      110      110      120      126      127      125      137      176      147      154      184      169      162      179
      177      190      204      172      215      212      184      218      208      199      198      229      218      208      207      184      211      177      181      196
      183      177      181      162      183      160      182      172      157      147      128      106      113       96      104      117      117       92      100       79
      100       86       78       88       73       87       82       71       65       61       53       65       58       53       66       54       36       32       47       33
       47       40       43       33       46       57       51       47       55       58       68       59       74       81       83       93       71       79       75       93
       93       93       80      123      117      121      121      120      136      127      152      128      160      166      162      159      191      161      185      189
      204      207      189      230      208      227      211      240      208      213      241      218      234      240      234      224      238      232      189      195
      165      181      180      166      160      147      154      175      146      175      138      136      159      113      128      101      108      104      100      105
       96      101       69       76       67       63       73       70       67       61       55       60       55       58       52       55       43       41       43       40
       48       35       50       68       60       54       54       48       54       63       59       61       73       76       71       83       79       84       96       98
       76      101      130      118      125      125      105      109      130      138      153      164      136      179      179      167      181      202      200      202
      255      215      219      251      205      244      241      255      229      214      238      241      279      247      229      241      249      245      229      233
      232      215      186      199      174      186      212      177      151      156      171      153      158      118      115      100       97      112      103       92
      105      112       86       90       76       87       72       75       77       64       70       64       58       56       63       55       52       46       42       40
       47       52       50       61       45       54       50       49       60       58       85       56       69       83       68       90       87       77      103      107
       91      105      132      142      103      125      139      140      150      149      158      191      196      173      175      201      206      240      216      252
      236      208      231      222      265      253      246      263      246      234      247      268      274      287      264      277      228      234      223      235
      218      220      199      201      191      209      188      175      188      174      172      148      152      151      139      129      147      121      123      109
       86       95       80       92       73       76       65       73       84       72       51       53       69       65       70       43       48       55       44       40
       47       47       46       32       48       54       54       51       65       50       63       88       76       80       82       77       85      109      105      113
      108      126      122      121      135      159      139      159      133      168      156      176      159      160      199      204      239      240      210      234
      249      227      267      259      290      278      282      271      278      301      297      280      274      278      261      249      224      256      278      273
      241      224      222      213      236      191      204      195      176      160      164      172      153      133      142      134      140      117      113      111
       96       93       98       79       89       71       86       91       80       74       64       66       64       52       49       41       48       60       49       51
       62       41       44       55       54       57       58       59       63       53       66       75       73       82       92      106      109      112      128      109
      116      143      122      141      153      184      139      141      194      166      195      210      191      210      203      211      210      248      238      234
      283      293      285      301      288      268      301      276      320      342      253      280      320      286      312      318      300      292      287      263
      262      288      267      224      243      221      198      167      206      171      199      182      142      163      146      129      138      133      125      121
      109       98      110      118       61       72       93       74       68       58       59       64       63       69       57       55       35       43       47       39
       50       52       56       46       54       78       58       57       48       73       69       74       72       70       83       99       89      107      112      125
      127      149      143      133      161      146      169      178      162      184      159      193      235      224      192      236      220      261      231      287
      273      287      312      307      283      281      306      385      324      309      331      363      364      291      316      317      318      320      303      251
      284      269      257      234      245      219      222      212      201      223      179      192      177      155      156      152      120      143      128      112
      103      109      108       89       94       86       68       76       74       66       69       60       65       59       58       49       44       35       61       47
       55       48       53       43       61       62       67       62       58       75       60       81       76       77       93       97      108      125      128      131
      129      121      129      169      153      156      162      187      187      185      190      198      222      224      256      266      255      289      276      281
      308      304      321      340      319      321      353      365      331      370      399      372      350      314      374      360      305      318      282      302
      288      263      247      272      270      300      235      226      235      209      177      169      184      183      163      144      142      146      147      120
      114      109       98      111      121       93       96       78       79       74       73       76       58       61       64       82       46       72       54       48
       56       55       46       67       62       50       59       63       82       80       88       84       76       93       84       90       94      124      119      131
      106      137      154      188      150      159      169      185      169      184      209      199      234      247      260      255      269      304      287      313
      340      343      351      319      352      372      391      386      428      372      422      419      335      339      351      374      382      357      301      355
      298      285      260      302      258      281      248      211      238      248      208      198      188      177      164      177      158      131      129      133
      100      116      115      115       90       89       84       96       74       76       75       65       55       60       53       62       55       67       44       62
       53       52       47       51       70       67       72       71       68       78      104      102       86      107       97      106      115      116      116      137
      132      143      149      159      156      183      172      185      204      209      229      246      242      249      263      291      288      308      340      322
      370      365      383      420      380      411      399      463      426      433      471      422      426      408      385      418      368      358      330      400
      369      356      356      320      270      262      222      248      209      219      220      231      200      203      159      178      156      144      172      126
      124      107      113       94       98      101      105       75       83       90       79       80       60       73       71       68       62       59       40       49
       50       57       47       53       72       69       72       83       85       82      104       91       82      103      124      105      106      126      144      148
      134      138      155      159      169      177      195      203      194      256      245      244      268      271      318      289      301      334      367      373
      385      402      427      422      455      418      472      452      467      473      504      454      440      460      437      443      437      396      433      397
      343      366      346      294      318      285      256      276      244      240      260      211      227      202      182      163      171      149      140      133
      113      143       98      113      100       95      110       92       83       82       74       77       66       66       56       64       51       42       59       41
       59       51       52       40       66       75       73       59       99       86       79       98       74      103      108      112      121      140      140      134
      132      120      166      156      182      185      222      217      242      228      260      277      285      295      296      306      381      378      377      394
      441      436      407      454      533      515      498      502      520      546      515      513      545      493      482      453      443      457      422      434
      411      362      372      357      307      331      295      273      247      261      230      226      221      213      207      138      172      157      145      149
      134      117      126      119      117      116      115       74       90       76       71       66       78       57       68       64       51       48       52       44
       50       64       61       71       40       48       87       68       88       90       97       88       94      111      105      123      113      121      143      158
      140      195      152      169      169      204      188      203      237      242      284      275      300      309      362      347      342      394      398      430
      453      492      491      552      509      574      526      547      573      616      512      561      594      523      534      532      506      488      457      445
      438      429      399      404      357      346      321      305      308      274      269      251      227      232      216      211      189      187      153      154
      152      137      146      128      116      125      107       81       84       91       78       86       75       65       71       75       60       45       57       47
       60       53       58       70       69       65       80       74       68       87       92       90       89      113      104      112      117      148      145      159
      158      181      172      190      211      205      216      245      278      292      273      293      318      347      358      358      414      446      443      468
      492      516      562      530      547      604      625      618      611      611      640      571      643      664      577      579      556      522      508      490
      498      454      403      396      354      364      385      335      271      266      289      224      249      227      223      213      202      191      185      145
      150      140      120      122      117      118      121       99       96      103       92       86       88       71       62       44       74       47       52       51
       62       73       57       81       80       63       90       80       89      104      107       88       95      106      117      117      133      106      144      151
      159      178      191      183      202      219      206      233      263      305      337      293      350      358      357      374      435      456      495      478
      531      592      617      650      611      667      699      698      705      717      759      661      681      692      661      649      633      543      579      498
      504      494      472      395      400      368      357      319      375      293      275      254      259      218      248      195      194      165      166      173
      140      148      124      112      145      117      107       98       86       86       99       76       84       82       75       78       59       62       49       76
       48       63       64       65       71       83       83       84      102       83       92       97      114      112      139      111      124      127      124      158
      194      206      186      224      217      239      208      280      279      343      320      329      338      381      425      397      427      459      547      530
      588      581      638      639      702      681      698      753      830      844      796      758      754      712      694      693      681      618      617      597
      525      514      500      456      424      392      394      372      335      307      315      290      262      244      204      211      168      205      178      158
      152      132      148      108      120      121      116       96       94       92       88       82       88       76       64       64       59       78       54       56
       63       61       64       66       69       70       77       81       77       92      106       84      115      114      129      128      148      137      161      166
      161      182      193      232      203      245      244      285      301      311      337      341      371      405      409      450      490      522      564      594
      625      701      716      783      779      787      845      766      863      872      913      797      865      823      762      838      749      726      687      655
      604      569      514      505      451      464      395      393      330      343      305      299      242      268      247      224      203      203      168      177
      171      157      142      142      124      134      111       93      101       85       85       68       90       76       80       66       62       51       55       58
       50       56       57       67       53       88       78       81       79       84      110      105       84       98      114      124      136      131      152      154
      182      209      176      187      211      260      228      286      321      325      335      357      397      401      452      484      509      574      625      632
      704      746      799      817      829      896      875      929     1018      942      955      954      928      965      867      830      790      769      721      700
      630      625      592      530      509      470      482      372      347      318      340      307      291      265      248      228      226      188      179      153
      154      154      142      139      114      136       88      129       92      106       81       75      101       72       80       73       57       67       57       57
       65       49       66       64       82       82       68       84       77       91      106       79      105       89      115      122      142      142      159      154
      198      166      196      232      213      258      282      303      316      374      361      399      428      470      457      511      586      647      678      709
      761      800      836      890      949      971     1090     1095     1043     1084     1036     1092     1029     1040      953      989      854      855      788      806
      694      653      653      536      564      518      474      412      402      380      326      333      309      277      261      242      236      241      186      200
      140      150      142      143      141      142      124      111       98       99       97       86       77       93       89       58       64       46       60       59
       41       52       75       70       75       54       63       72       83      107       93      118      124      110      131      143      139      143      154      166
      181      221      237      218      240      247      285      301      299      360      380      393      477      464      485      533      580      667      730      797
      844      915      938     1039     1069     1141     1187     1201     1232     1230     1264     1237     1266     1212     1091     1068      992      925      854      822
      781      717      678      627      588      497      477      438      419      378      360      347      313      291      221      243      232      228      197      196
      151      173      140      133      141      110      125      124      103      103       96       98       76       77       63       61       63       61       56       53
       57       51       69       56       90       74       76       85       84      104      108       93      119      108      123      124      154      147      162      174
      181      171      241      252      245      261      313      320      348      352      443      439      450      556      533      600      657      694      800      859
      891      980     1015     1024     1246     1257     1317     1456     1444     1383     1381     1453     1385     1354     1309     1226     1165     1059      978      852
      854      787      641      669      616      543      495      504      412      394      392      353      297      284      284      287      255      238      224      189
      176      160      181      157      125      134      111      100       99      119      107       99       86       68       80       64       66       66       54       54
       56       75       62       71       53       82       77       71       80       84      113      118      114      106      146      143      146      158      171      188
      217      214      211      247      225      283      282      307      351      414      393      430      511      552      577      673      692      771      868      866
      931     1143     1174     1228     1324     1414     1547     1595     1681     1637     1629     1580     1579     1504     1424     1319     1188     1113     1063      972
      953      845      749      724      626      592      543      453      442      392      361      385      349      291      291      280      240      234      234      194
      181      189      169      168      152      130      111      107      122      100       97      112       94       75       77       64       71       90       58       48
       61       57       78       56       94       77       89       95       72      116      113      105      121      125      125      134      152      157      180      177
      222      208      210      233      278      297      326      311      373      402      452      499      501      609      655      697      679      776      977     1044
     1122     1161     1313     1368     1518     1620     1696     1871     1897     1875     1896     1938     1780     1758     1649     1501     1404     1275     1126     1121
      989      887      857      714      675      594      568      490      458      436      426      393      352      309      318      243      217      227      218      197
      175      168      138      174      144      140      133      124      107      103       87      106       94       77       64       80       84       67       66       66
       64       70       60       74       81       81       81       92       91       85      118       97      120      123      120      155      147      157      207      177
      205      230      238      244      269      298      311      341      364      431      479      488      529      634      660      678      750      877     1010     1019
     1125     1297     1372     1550     1761     1842     2041     2069     2171     2203     2307     2263     2124     1881     1895     1750     1621     1444     1282     1182
     1073      938      815      813      705      648      614      555      436      450      445      374      339      305      307      280      269      238      200      189
      194      182      192      158      138      146      121      136      107       94      116      113       72       76       58       68       70       62       57       63
       58       57       71       87       74      102       77      114       85       95       90      108      129      134      148      169      175      185      181      208
      178      216      214      244      319      315      330      392      389      448      473      535      586      652      649      702      840      937     1014     1182
     1273     1386     1573     1762     2009     2134     2332     2427     2600     2747     2654     2646     2441     2370     2211     1982     1799     1616     1440     1221
     1133     1019      959      833      704      736      601      579      539      464      452      401      338      345      325      318      277      224      201      202
      195      158      149      128      152      128      122      127      112      106      103       93       84       76       90       82       74       66       57       58
       61       78       64       75       78       70       85       87       84      103      129      109      125      125      153      149      167      179      172      227
      198      219      211      247      292      332      379      366      407      458      490      598      582      660      701      814      815      932     1079     1220
     1388     1545     1780     2034     2116     2445     2684     2840     3219     3138     3263     3031     2900     2682     2362     2330     1900     1692     1542     1392
     1232     1187     1025      867      825      735      606      590      506      488      444      400      360      334      333      288      274      256      215      241
      185      167      178      146      143      137      130      125      112       98      118       87       91       87       94       64       64       55       53       64
       59       64       72       70       91       76       85       91      105       98      118      122      136      150      134      187      155      172      184      194
      205      222      243      257      255      291      359      372      398      471      524      582      574      667      688      868      957      987     1167     1204
     1441     1660     1919     2114     2495     2827     3138     3584     3854     4081     3979     3937     3662     3225     2843     2424     2123     1832     1653     1462
     1294     1131     1036      930      771      733      660      580      544      458      447      405      385      363      323      308      254      225      258      214
      218      195      146      156      151      151      140      122      100      105       92      107       87       88       83       66       70       78       62       57
       72       73       77       61       70       77       85      100       93      111       72      104      122      122      162      160      193      164      192      226
      209      212      268      273      283      326      365      378      433      491      516      547      597      710      767      776     1004     1027     1185     1385
     1647     1725     2051     2276     2799     3198     3729     4313     4821     5080     5067     4809     4354     3782     3272     2861     2383     2057     1779     1518
     1446     1164     1015      934      784      767      672      648      593      449      483      414      392      346      327      310      292      298      234      210
      186      184      192      164      128      151      135      127      119       84       98       99       77       89       74       77       77       75       72       78
       53       87       73       64       68       84       85       97       93      101      112      103      153      117      141      157      159      169      198      200
      208      233      239      260      281      329      358      389      400      468      496      573      615      662      826      892      988     1101     1239     1451
     1636     1944     2204     2625     3038     3658     4469     5382     6130     6823     6714     6190     5319     4508     3758     3205     2539     2209     1899     1567
     1520     1291     1139      988      874      794      708      644      578      512      466      414      374      324      326      309      298      258      268      223
      198      193      166      150      153      136      126      127      104      128      107      106      113       99       84       69       71       74       70       48
       60       56       76       80       78       90       85       84      100      110      119      116      118      133      130      159      147      172      208      215
      196      258      253      280      293      299      368      396      439      477      514      560      693      730      784      911     1023     1075     1267     1473
     1760     1986     2434     2842     3426     4160     5292     6583     7868     9494     9416     8299     6587     5292     4167     3343     2814     2407     1989     1714
     1465     1363     1167     1007      928      859      753      651      533      506      448      431      386      378      357      290      298      259      249      220
      225      189      179      157      161      122      154      137      128      110       94      107       94       76       85       73       81       65       68       53
       57       62       70       77       61       81       85       90       94       95      110      134      135      129      147      178      155      177      203      238
      208      256      277      289      286      307      373      402      482      495      560      576      652      714      797      913     1033     1125     1307     1508
     1791     2066     2409     3010     3630     4608     5979     8161    10955    14802    14819    11070     7852     5917     4550     3596     2966     2466     2162     1745
     1562     1313     1187      970      933      789      727      627      552      535      509      465      406      358      324      320      281      250      230      215
      186      160      188      163      127      151      128      119      102      119      106      102       87       76       81       68       60       81       62       49
       53       73       74       77       71       93       96      101       90       88       96      113      133      124      146      158      141      146      150      212
      227      269      266      297      314      350      330      446      438      472      543      567      684      712      765      957     1013     1097     1336     1527
     1811     2117     2460     3082     3697     4681     6447     9116    14284    28754    29510    14667     9119     6435     4697     3729     2973     2545     2120     1735
     1515     1358     1193     1000      920      803      694      620      593      518      505      419      336      347      346      314      288      243      247      243
      193      192      181      164      151      161      145      147      110      109       83       86       89       96       86       80       70       68       79       64
       65       70       71       73       66       80       92       85       88       98      104      101      135      132      158      155      167      196      195      200
      234      228      265      298      306      337      321      368      443      472      500      580      667      727      829      887     1011     1180     1301     1562
     1845     2042     2487     3131     3714     4911     6321     9208    13829    26485    26554    14171     9174     6440     4853     3737     3119     2446     2149     1765
     1549     1304     1152     1065      845      842      736      704      565      499      492      451      416      379      313      319      295      246      237      218
      227      191      149      137      164      152      139      124      116      116      108       93       89       88       71       65       89       67       66       70
       67       74       58       68       99       92       92       99       98       95      119      107      132      161      160      147      176      170      210      215
      218      254      293      236      278      321      371      393      445      545      502      622      673      754      770      890     1047     1163     1267     1531
     1769     2074     2476     2943     3622     4558     5970     8060    10912    14052    13759    10543     8036     5900     4505     3669     2867     2423     2027     1774
     1505     1351     1190      997      833      794      724      651      529      555      427      385      406      354      326      303      261      300      248      222
      208      188      174      180      156      140      138      124      118      115      110      107       77       97       87       73       59       86       65       52
       48       63       68       73       75       83      100       69       81      101      121      137      117      152      129      182      188      192      171      192
      234      207      271      253      292      347      380      418      438      457      532      587      672      709      767      846     1038     1146     1360     1545
     1735     1914     2344     2731     3332     4265     5190     6385     7881     8942     9179     7877     6372     5131     4211     3474     2722     2343     2015     1758
     1386     1294     1191      992      839      828      704      647      618      500      496      402      388      382      303      306      284      243      250      238
      179      183      155      178      151      137      142      110      107      133      122       85       87       79       95       82       81       69       50       84
       54       67       68       76       80       78       97       75       69      108      129      127      132      112      131      166      149      175      166      195
      226      244      292      273      275      294      368      399      421      491      479      576      634      645      735      902      966     1099     1261     1457
     1677     1951     2234     2563     3110     3645     4493     5151     5929     6415     6354     5991     5193     4292     3715     3088     2599     2239     1903     1668
     1354     1332     1085      954      849      783      749      636      572      509      461      478      396      341      324      289      295      256      237      216
      201      197      169      162      147      135      147      101      125      115      103       88       90       95       90       69       71       62       69       68
       60       69       56       85       77       80       91      103       97       98      103      118      120      114      142      139      182      182      193      199
      202      246      244      265      278      327      345      352      378      476      459      591      571      698      714      871      921     1015     1246     1413
     1641     1829     2066     2446     2766     3144     3699     4177     4793     4917     4912     4605     4279     3743     3267     2739     2491     2048     1832     1563
     1393     1193     1063      956      880      714      662      575      561      517      472      392      382      379      321      265      279      257      235      207
      190      174      161      179      159      147      120      126      115      113      103       81       85       87       85       72       80       65       65       67
       56       56       63       93       88       79       94       94       91      115       92      107      121      120      136      150      166      165      205      196
      233      255      238      289      297      313      358      402      401      451      492      612      623      652      745      792      882     1033     1218     1311
     1481     1595     1819     2141     2429     2725     3165     3443     3694     4021     3894     3669     3482     3186     2911     2512     2182     1968     1684     1492
     1338     1125     1036      921      811      703      627      573      532      489      396      414      420      338      302      291      288      234      208      241
      180      219      194      155      144      122      133      132      137       97      100      105      103       79       88       88       64       64       65       72
       51       53       65       65       71       74       70       86       79      109      123       79      122      130      134      147      165      179      164      203
      210      224      249      275      270      307      307      339      396      405      522      502      567      672      716      843      911      950     1079     1254
     1340     1560     1740     1879     2193     2347     2576     2852     3091     3149     3283     3051     3045     2718     2441     2183     2019     1750     1452     1419
     1194     1127     1008      887      812      773      657      587      552      491      434      363      352      340      301      264      273      246      247      216
      206      181      164      165      172      143      144      130      103      110      123       89      104      116       82       95       80       66       58       66
       56       60       71       58       83       74       92       95       96       99      114      111      126      121      120      158      161      160      190      194
      210      224      229      312      308      288      334      338      343      470      455      508      554      593      648      716      817      889     1038     1155
     1345     1389     1540     1678     1873     2048     2286     2474     2615     2629     2717     2587     2466     2308     2060     1964     1789     1575     1414     1264
     1151      990      897      850      758      677      629      547      483      481      404      410      351      305      286      263      282      289      219      217
      217      171      159      134      150      135      135      131       99      113       99      108       91       70      100       85       77       59       60       72
       51       68       88       91       88       71       57       68       93      104      112      106      120      115      150      144      151      154      177      176
      217      227      231      278      277      323      339      341      389      384      455      542      553      566      594      681      775      857      957     1079
     1147     1295     1414     1519     1709     1836     1960     2118     2196     2201     2169     2211     2071     2021     1838     1776     1623     1445     1330     1164
     1023      970      853      779      765      654      593      545      474      457      415      352      391      307      282      311      249      225      207      220
      197      182      159      148      130      116      136      115      114      116       80       83       96       95       76       70       69       72       66       64
       46       63       74       65       86       70       68       91       95       85      117      130      106      101      131      135      158      145      160      196
      207      223      250      247      257      280      328      313      369      368      441      483      533      589      604      683      723      833      932     1022
     1030     1169     1281     1415     1533     1638     1749     1762     1902     1876     1955     1891     1805     1692     1652     1470     1361     1231     1234     1084
      978      903      807      716      680      613      566      485      435      455      393      356      347      307      315      258      262      239      223      204
      202      184      158      174      144      134      138      114       95      113      103       92       94       99       91       67       66       58       51       59
       46       66       75       73       66       85       63       82       95      107      118      120      110      120      144      164      128      136      182      197
      196      205      213      212      286      292      298      314      355      394      381      439      495      540      599      675      709      782      815      934
      974     1065     1093     1290     1318     1389     1486     1634     1625     1672     1684     1629     1545     1533     1405     1368     1245     1169     1148      998
      994      792      742      698      644      585      496      504      474      402      391      348      349      319      296      257      234      244      211      193
      189      173      154      147      165      130      121      129      103      115       90       88       86       65       73       71       58       54       79       52
       56       69       58       75       70       68       82       78       71      107      107      102       98      121      115      136      144      162      198      187
      208      182      229      208      249      274      304      366      352      342      380      467      465      538      554      585      637      709      749      810
      909     1018     1055     1138     1239     1304     1310     1345     1322     1403     1411     1463     1388     1325     1336     1214     1109     1019      984      933
      848      815      699      665      605      575      519      478      428      419      363      342      326      294      292      243      223      218      196      191
      183      191      134      170      118      130      115      125       91       96       88       88       91       92       83       65       73       74       64       68
       51       56       74       59       71       70       77       81       76       91       87       99      110       97      108      142      150      161      166      170
      189      178      209      241      219      246      280      289      324      345      390      413      423      495      527      544      631      668      731      747
      827      930      933     1018     1148     1109     1141     1196     1196     1247     1267     1283     1288     1237     1111     1084     1012      953      824      856
      776      706      663      662      582      518      433      480      406      391      360      338      281      275      252      304      218      219      205      195
      168      172      159      121      144      122       93      115       93       86       81       80       82       79       75       81       65       73       66       53
       55       61       62       71       52       69       59       74       75       91       87       99      115      125      135      120      131      152      174      165
      158      168      212      229      220      248      270      278      307      328      394      403      433      465      476      529      566      649      679      735
      820      841      894      912     1017      964     1056     1045     1080     1080     1119     1089     1095     1059     1007      995      962      857      824      763
      690      701      607      627      536      473      455      462      439      384      334      307      321      235      221      240      242      208      201      163
      144      141      117      166      129      105      139       99      106      109       86       87       90       70       72       70       70       63       63       69
       48       47       58       56       75       71       67       70       90       91       95      102      105      119      110      126      144      132      137      172
      208      177      214      216      254      247      243      313      285      332      346      373      395      385      462      506      518      564      618      650
      657      731      715      828      849      900      922      894      991      958     1011      957      965      981      874      894      811      742      738      782
      648      616      540      537      517      521      438      423      362      341      321      314      283      261      246      218      226      199      207      166
      153      161      117      138      115      130      120      111       81       93       76       85       77       69       73       78       59       70       67       52
       47       49       63       65       58       75       56       67       78       85       95      107       94       93      112      115      141      123      167      148
      195      182      202      220      198      251      220      272      317      257      334      339      365      389      437      489      495      530      556      566
      611      688      672      778      744      777      802      809      823      954      853      918      819      885      808      797      781      788      660      704
      571      620      505      508      519      460      415      368      378      344      317      309      252      264      245      245      187      189      204      177
      161      157      125      157      118      119      119      119      103       94       95       96       70       75       92       81       59       64       66       60
       55       47       61       72       68       69       59       73       75       92      100      112      106      127      116      142      130      141      152      158
      162      171      188      212      222      261      209      265      306      272      321      325      323      362      374      431      508      502      534      529
      571      668      695      656      687      764      756      725      766      798      747      779      726      725      728      719      696      646      617      618
      548      537      488      478      439      417      372      384      337      344      314      267      266      275      201      213      183      201      187      168
      160      148      126      145      128      117      120       84       92       99       87       90       63       72       81       70       64       65       69       64
       60       55       57       44       72       57       82       69       87       97       91       89      101      109      117      109      121      146      128      163
      141      167      162      189      213      199      226      232      232      274      327      335      342      337      356      415      410      475      463      511
      550      562      597      610      586      669      686      671      710      689      712      664      671      672      640      645      615      636      596      509
      529      461      460      402      398      410      398      336      352      309      305      269      248      258      217      198      209      192      184      178
      160      127      111      132      129      110      119       94       99       81       81       90       72       60       77       64       63       58       58       49
       49       54       52       63       77       76       52       67       82       92       86       99      104      108      101      120      111      131      140      157
      157      151      163      200      188      203      253      220      254      252      279      346      323      332      374      378      396      433      456      481
      511      501      569      594      560      601      609      604      645      630      603      653      598      602      549      594      540      548      580      474
      490      482      469      392      375      363      307      338      310      306      254      247      250      246      230      200      192      161      159      147
      153      115      138      144      115      114       94      102       80       83       87       80       93       69       71       60       58       64       64       56
       44       53       47       49       62       74       82       93       84       68      106      106      111      110      109      100      132      122      156      183
      146      164      169      189      177      210      204      214      249      219      266      308      302      345      331      366      372      370      424      491
      484      500      527      483      503      580      530      587      555      587      613      541      568      512      552      559      521      462      491      463
      459      421      422      395      369      361      309      297      270      267      251      221      220      230      237      189      183      158      169      172
      145      147      146      129      123      112       95       89       79       77       78       60       60       70       64       77       63       41       60       57
       61       42       63       59       72       57       53       55       66       76       86       84       95      101      102      127      127      124      108      141
      156      147      121      185      186      203      224      232      208      219      262      280      285      312      325      336      332      402      424      415
      434      423      467      472      514      502      489      513      538      500      538      537      513      539      489      498      453      453      435      435
      399      371      377      368      349      332      299      314      273      258      241      217      198      213      199      215      142      143      144      143
      147      127      112      118      117       90       92      114       90       88       94       59       81       74       57       73       66       39       38       60
       57       45       48       56       65       64       69       79       78       86       83       86       87       96      113      118      103      117      138      133
      131      161      175      179      170      186      220      218      212      230      255      250      269      273      329      301      334      342      369      380
      432      446      405      417      472      466      449      467      453      433      486      493      441      453      474      455      434      419      397      382
      367      364      375      372      286      299      276      294      256      244      223      250      192      214      184      182      164      132      156      146
      141      129      139      109      117       92      103       79       83       79       82       72       61       68       79       79       69       57       54       48
       51       40       56       64       63       75       61       63       68       81       74       67       73       90      100      130      101      140      106      107
      120      110      151      170      146      176      207      202      218      230      222      238      289      291      302      293      296      295      315      341
      391      399      350      372      406      381      467      456      455      424      457      418      428      440      408      404      402      370      365      350
      330      345      302      332      290      266      304      261      243      284      222      249      196      210      181      193      163      141      141      131
      126      132      121      116       98      113       97       79       82       96       80       93       75       77       52       54       55       61       59       44
       55       54       51       70       48       60       58       74       66       77       66       83       92       87       94      111      109      110       94      122
      136      138      146      139      141      181      179      190      183      201      226      209      232      247      251      311      269      300      315      356
      311      344      326      363      352      380      392      383      417      422      402      409      395      385      372      379      377      348      340      296
      299      323      274      256      296      216      240      239      245      234      225      196      208      180      164      146      165      143      130      119
      120      107       96       86      102       91       77       82       90       92       92       69       56       73       81       56       48       55       49       47
       50       41       46       42       58       50       48       57       61       84       83       90       71       97       93      101      107      115      108      116
      119      136      138      155      140      137      183      193      187      190      208      245      218      218      273      274      290      314      329      274
      304      293      328      330      364      359      391      370      349      390      385      357      383      392      357      321      342      330      309      311
      309      299      298      301      264      275      239      256      236      209      214      189      184      169      180      158      142      134      137      110
      109      115      102       94       85       86       93       88       80       83       65       66       54       49       55       51       56       52       48       41
       50       49       53       65       62       43       58       65       64       72       78       59       77       97       91       78      100       89      121      120
      116      115      145      146      134      154      160      180      176      202      194      201      206      216      214      252      272      247      259      276
      261      280      322      313      296      318      369      314      386      335      383      326      389      335      331      358      336      299      334      301
      255      296      237      250      216      248      227      224      223      204      184      192      180      164      175      149      144      140      137      124
      124      127      119      107       96       78       84       69       64       94       80       62       53       66       70       64       51       34       52       51
       53       71       57       59       57       48       59       64       71       64       83       73       84       77      103       95      113       93      101       93
      105      116      105      133      140      143      158      158      164      176      189      179      173      247      233      241      239      250      233      268
      261      269      272      285      313      268      292      289      302      315      311      334      349      302      295      309      273      301      269      267
      300      246      226      260      234      223      225      211      201      188      197      168      160      174      146      136      141      124      142      120
      110      107      127       95       84       86       89       78       86       55       65       78       50       61       63       69       60       40       47       42
       45       55       51       61       58       60       49       51       50       59       67       72       70       82       92       78       94       93      105      101
      112      129      115      141      153      134      140      150      173      191      161      168      200      210      208      190      227      229      245      260
      273      260      254      235      255      266      267      280      317      259      260      280      259      306      274      292      305      274      292      292
      212      214      245      224      259      212      210      206      204      173      173      152      176      154      124      118      122      117       97       91
      105       92      111      101       97       79       74       77       70       76       70       67       62       64       50       52       51       43       42       37
       41       44       41       51       47       45       49       60       71       54       66       82       66       65       85       85       82       87       85      104
       99      104      117      119      122      123      137      163      169      156      160      166      187      168      198      190      210      237      248      257
      228      227      227      216      231      271      258      255      247      268      263      227      233      248      258      234      232      223      240      211
      242      232      222      224      202      224      214      198      170      176      145      154      143      139      142      132      128      104      109       99
      112       94       88       82       75       81       97       66       71       66       57       62       68       42       48       65       47       46       46       51
       35       60       53       64       46       47       59       61       60       50       61       68       61       77       67       72       69       92      100       95
       94      109      100      131      115      127      122      128      158      156      158      167      184      187      170      193      218      217      190      212
      227      253      215      239      222      231      234      253      271      241      234      271      260      227      213      221      235      195      214      183
      218      219      192      210      177      172      184      174      193      139      138      146      159      147      142      127      117      129      122       83
      103       70      103      107       65       78       75       66       74       69       62       73       56       46       59       58       42       56       45       42
       35       39       55       37       49       52       53       55       54       50       57       70       68       79       83       88       97       87      108       90
      116      115      111      105      116      107      132      135      124      181      139      144      141      167      164      203      201      192      202      190
      192      199      219      214      231      219      249      216      215      213      227      216      220      261      225      219      214      213      197      195
      208      194      209      192      192      169      175      169      143      174      151      136      125      131      117      119      124      109       98      100
       85       70       99       87       67       68       68       56       69       59       60       69       53       49       56       46       38       39       50       53
       29       39       39       51       49       53       65       50       70       55       79       62       68       58       67       67       82       78       80      112
       82       83      100      100      102      114      127      112      124      130      157      153      176      162      159      155      182      172      177      219
      193      169      205      211      218      187      225      209      230      202      201      221      214      178      201      198      222      220      197      163
      170      184      188      154      179      159      155      152      130      148      142      122      134       99      131      119      106      103      109       89
       91       92       86       81       57       76       73       72       72       55       41       58       52       55       46       49       48       56       47       44
       48       41       48       47       46       35       41       44       48       69       46       71       62       83       62       65       70       68       82       90
       74      101      104       91      100      108      138      124      135      101      126      135      148      141      160      177      170      166      157      184
      178      186      202      205      188      196      202      213      176      182      208      205      235      173      172      188      212      207      218      189
      153      176      151      164      165      157      175      132      122      122      119      120      123      118      119      125      121       91       88       86
       88       93       95       82       73       85       71       60       57       52       59       60       52       58       52       51       38       49       32       33
       39       40       41       53       46       44       38       56       56       53       66       65       61       67       79       79       63       58       81       74
       86       95      110       96       99      110      141      108      113      112      135      133      173      144      157      152      177      167      152      187
      166      170      172      173      169      209      169      170      192      184      197      191      172      164      167      189      183      184      148      211
      186      177      162      150      158      142      164      147      128      141      132      107       95      103       97       91      113       78       92       93
       89       79       76       77       73       71       72       59       62       62       52       56       54       62       35       52       44       43       46       39
       46       38       54       44       39       41       50       45       37       55       57       61       67       63       61       71       63       78      101       74
       82       82       76      103       96       96      117      105      102      120      114      115      110      142      135      162      114      142      167      160
      197      155      165      172      152      161      138      168      159      176      179      159      186      173      174      169      163      164      143      156
      168      158      162      142      132      122      146      137       93      120      106      127      128      124      103      108      102      106       73       81
       75       88       80       78       74       76       56       58       47       45       66       53       59       54       47       30       44       39       33       40
       34       35       33       38       48       53       40       49       42       36       54       77       66       60       74       55       83       77       67       72
       72       85       89      100       82       89      100      106      105      116      112      112      117      132      155      119      156      140      131      155
      161      159      146      148      158      152      153      167      171      172      170      161      155      180      157      148      160      150      149      156
      149      129      147      128      130      128      164      122      120      103      127      111      103       88       85       83       95       88       86       87
       88       68       78       65       72       64       63       63       72       59       50       46       50       46       28       45       50       47       35       46
       43       48       35       50       42       43       38       47       40       61       54       57       50       55       65       49       72       67       57       93
       79       81       89       66       94       92      110      100      106      115      126      120      107      101      147      130      118      134      157      115
      161      155      160      143      175      172      167      158      156      134      152      155      145      158      131      150      145      145      139      139
      141      129      118      123      124      153      131       98      116      123      120       85       91      102       89       95       91       86       79       75
       53       63       94       71       68       64       63       51       49       50       39       45       46       58       48       46       34       34       40       41
       30       33       46       35       39       38       38       52       45       40       49       46       52       51       61       75       72       56       75       72
       61       88       79       77       95       90       81       89      103      111      117      100      105      113      113      131      129      139      117      134
      129      127      129      166      123      132      130      127      140      135      126      136      143      134      137      112      121      131      137      120
      109      135      108      133      106      131      117      101       91      100       92      105       86       93       97       81      107       85       84       85
       58       71       71       67       72       56       64       66       61       51       54       48       50       43       40       33       41       29       37       38
       32       39       32       45       42       39       42       41       41       43       53       55       74       61       78       61       55       69       63       59
       63       65       88       79       70       82       84      113      103      113       93      102      106      111      109      102      123      160      117      130
      118      106      130      126      123      120      125      132      137      129      152      125      129      152      128      141      126      128      112      121
      114      109      117      129      122      113      126      108       93       96       96       92       83       90       78       78       90       85       82       58
       73       54       67       64       57       68       67       64       55       53       44       49       46       37       50       40       39       31       29       32
       26       26       32       50       46       27       36       52       44       46       60       65       59       62       58       64       54       61       61       77
       61       81       69       66       69       60       79       75       90       87       97      102       87       85      118      112      116      120      118      132
      117      110      120      114      135      128      139      122      150      135      130      135      107      130      123      146      117      131      114       98
      124      110      117       98       96       85       91      116       69       89       93       94       82       78       75       79       97       81       61       63
       66       61       67       54       50       60       39       46       45       44       47       42       38       43       40       37       45       31       35       32
       26       35       40       40       47       43       30       33       47       49       43       50       54       46       61       60       43       53       63       46
       59       76       65       74       94       93       76       75       95       84       91       93       87       95       92      100       96      110       87      117
       91      109      115      121      120      139      109      132      107      115      133      125      106      114      125      131      132       97       99      112
      120      102      107       94       97      104      109       88       81       92       87       75       71       75       68       74       67       71       61       56
       65       54       64       62       52       71       42       46       53       49       44       43       51       49       42       34       34       36       39       43
       34       38       39       28       43       28       37       52       57       39       58       50       43       54       39       55       65       60       58       58
       74       59       73       53       83       64       76       84       76       70       92       82       88       95       87      106       79       95      116      108
      108      105      110      108      115      117      106      114      108      124      115       99      117      106      106      103      113      101       95      100
      112      109      105       97       92       88      111       79       95       84       90       79       59       85       70       66       64       65       71       51
       70       54       55       50       63       52       34       55       50       47       41       45       37       31       48       47       37       36       43       32
       32       33       30       34       36       34       31       41       40       51       48       41       39       45       61       44       60       59       61       52
       79       66       79       63       80       60       80       74       68       80       76       92       94       77       90       86       87       92       94       90
       92      123      106      106      100       88      117      105      110      119       95       96      101      101      102      110       98      103       95       93
       84      107       88       97      106       85       76       85       93       79       83       97       80       58       59       74       80       61       52       45
       62       59       46       74       59       52       60       49       33       46       36       38       55       46       45       28       36       36       28       23
       28       26       28       34       29       44       47       44       45       33       41       50       62       60       50       59       48       61       61       57
       51       52       67       59       67       53       78       68       53       60       73       73       87       62       89       90       85       92       83       98
       89      112       97      111       94       84      105       85       90       95      108       94      102       95      100      108      115      103       80       91
       91       58       82       83       79       90       91       71       88       85       94       83       70       67       68       64       69       48       62       74
       58       49       51       60       56       35       60       35       34       37       40       31       42       47       38       31       31       34       31       21
       26       24       24       30       31       30       35       37       48       46       38       38       34       64       54       40       55       45       63       55
       56       49       52       75       57       54       67       61       72       88       63       77       78       70       78       94       64       71       80       87
       74       93       83       86      110      107       86       99       92       89      111       84      104       93       97       91       87       98       75       75
       73       89       82       75       81       84       81       62       74       73       81       73       60       70       66       71       64       58       49       62
       45       53       53       45       46       44       39       56       48       38       47       37       35       44       38       35       36       39       24       30
       23       27       33       37       29       25       32       35       32       40       46       44       53       38       32       53       47       51       53       64
       52       56       59       53       62       72       54       74       62       78       72       67       71       89       94       79       78       96       85       67
       77       68       90       90       91       98       79       81       95       87       79       98       87       77       90       81       72       56       69       73
       86       79       78       62       67       77       61       65       71       74       68       68       69       73       60       49       65       56       60       55
       60       52       59       45       56       37       45       51       36       37       44       37       38       45       38       28       27       31       36       26
       29       19       29       32       31       27       17       38       40       41       37       38       45       33       42       42       42       46       51       55
       56       48       55       40       60       57       72       63       52       64       70       52       69       74       83       67       79       87       81       63
       92       83       87       78       77       68       78      101       78       72       76       93       68       61      107       82       64       72       86       71
       76       62       87       79       83       57       65       72       73       53       58       60       53       60       59       55       44       57       46       51
       53       49       51       47       44       44       38       29       39       37       43       32       22       32       31       23       26       29       30       26
       26       29       38       29       31       25       36       45       34       28       38       40       33       37       40       38       38       47       46       43
       56       61       54       66       56       62       69       40       79       53       59       69       66       76       55       81       70       72       68       66
       69       86       69       74       68       81       94       84       87       90       93       82       83       79       80       83       79       65       80       77
       74       63       64       81       79       62       62       68       59       60       60       61       65       58       53       56       57       57       62       60
       42       41       43       47       32       42       37       39       29       34       31       36       31       29       24       45       23       25       32       26
       22       23       25       40       39       28       30       27       27       35       36       33       39       38       40       41       28       41       55       35
       49       50       49       53       53       54       40       55       57       47       80       57       65       65       49       77       65       78       52       66
       97       85       71       69       78       79       65       63       81       84      103       90      107       81       72       64       79       73       84       58
       66       81       72       65       54       63       61       69       48       64       63       64       62       56       59       64       57       60       55       53
       40       44       44       47       48       39       35       43       37       34       31       42       28       39       28       33       27       33       39       22
       25       30       19       19       27       26       37       41       23       41       37       29       35       31       39       40       35       53       40       56
       40       50       35       53       38       54       55       57       60       45       56       58       61       48       58       70       58       51       64       80
       61       61       72       70       63       76       64       58       71       64       61       64       75       71       67       75       77       64       64       63
       57       54       62       59       71       75       55       51       63       62       55       60       61       46       51       61       51       39       46       46
       36       31       37       56       37       39       51       33       39       34       31       25       35       35       30       29       29       21       22       24
