       31       31       22       22       23       29       32       40       44       32       34       36       33       38       38       42       45       49       48       40
       61       48       48       66       56       53       59       60       74       63       69       82       73       62       80       53       59       78       54       64
       64       79       78       74       70       88       65       61       89       68       63       48       73       93       76       79       61       81       75       73
       62       63       78       58       68       68       76       64       71       54       63       62       78       60       58       65       61       46       47       43
       55       44       55       54       52       33       41       36       40       46       48       30       47       39       27       32       24       36       25       32
       27       24       41       33       26       25       32       39       30       43       36       38       41       43       39       44       51       46       49       47
       43       54       58       44       60       53       45       59       55       59       71       70       52       71       71       70       77       73       69       83
       70       68       80       87       78       77       87       76       75       84       70       85       80       70       93       75       76       81       79       67
       61       86       70       76       63       75       64       74       74       59       53       53       82       71       58       59       65       47       54       54
       55       63       41       45       37       47       41       31       35       31       36       34       40       35       39       38       24       37       31       33
       32       26       28       40       24       35       49       49       35       34       41       43       37       54       42       43       58       56       48       57
       65       55       49       65       62       56       66       62       72       66       67       63       79       71       87       77       68       82       79       67
       83       85       75       76       73       99       83       87       92       70      101       81       83       85       93       77       92       75       73      104
       74      102       83       77       80       89       75       77       69       65       53       52       64       68       65       73       57       67       40       60
       59       45       43       46       43       33       40       33       41       45       35       29       42       25       33       38       38       34       31       30
       33       40       40       30       36       40       29       36       31       44       39       45       48       57       52       41       61       45       43       46
       51       70       43       55       66       79       60       81       73       76       71       72       74       82       70       79       83       85      111       96
       74       91      106       86       89       89       86      112       79       79      107       96       90       91       84       83       88       80       92       78
       94       92       86       83       86       85       79       97       69       69       88       71       68       57       68       65       60       50       51       55
       71       53       49       53       55       53       39       52       40       39       43       38       34       37       48       36       32       32       25       39
       28       31       37       40       36       44       34       46       40       47       33       51       48       33       38       39       47       50       56       53
       69       66       62       63       66       55       68       82       69       72       76       73       88       76       72       77       83       81       86      101
       93       87       92       85       92       78      105       86      105       96       76       97       93      103      112       88      102      112       79      104
       83       75       80      100       83       73       69       82       89       94       77       69       79       77       77       68       57       72       55       62
       53       53       62       57       54       51       43       46       35       41       47       41       35       33       31       30       30       36       37       21
       27       27       33       29       31       36       42       46       46       33       42       46       30       46       57       49       63       56       55       54
       63       74       56       63       79       56       74       89       73       81       82       90       79       88       72       85       92       86       63       72
      120      101      113      101      103      118      102       90      106      106      107       97      108      105      107      113       99       95       88       95
      117       98       97       99       83       79       89       93       58       91       70       74       71       66       59       83       64       61       64       44
       60       48       57       52       58       46       43       53       38       41       36       39       42       28       29       38       31       40       43       34
       33       25       37       35       45       36       45       35       46       33       40       46       47       43       42       53       54       57       40       70
       60       64       60       89       66       69       70       77       81       81       73       82       75       77       96       90      100       94      117       88
       97      113      112       99      111      122      105      116       99      125      102      112      112      104      108      105       98       93      104       92
       99       97       87      108       92       88       78       77      100       75       74       72       67       73       74       54       65       62       65       74
       56       62       64       48       52       48       53       42       48       51       40       37       56       40       46       41       34       34       29       28
       25       26       35       41       29       38       43       60       48       48       45       43       53       62       61       66       55       73       68       72
       68       67       69       72       66       79       76       59       88       92       88      104       96       84       92      101       96      106      100      111
      111      110      122      108       88      124      109      128      120      129      104      115      106       85      102      104      129      106      119      106
      103       88      130      100      106       96       94       80      109       73       90       94       81       85       76       84       78       62       63       78
       73       63       58       50       68       56       49       61       47       61       44       32       42       43       43       28       43       29       40       29
       30       42       42       41       53       42       49       45       50       50       46       47       43       54       60       43       63       63       65       69
       82       69       79       71       78       95       69       92       87      111       94       94      109      101       86      108      111      113      114      109
      119      128      119      114      118      115      116      127      113      109      124      115       95      122      132      122      105      131      110      120
      121      119      119      107      110       96      128      101       99       81       84       88       85       98       82       98       68       65       70       73
       86       71       60       64       43       52       51       65       45       56       47       55       43       49       45       48       37       35       28       31
       26       43       25       26       40       36       41       41       41       38       51       37       53       57       68       57       71       80       79       60
       78       57       82       71       74       86       98       90       91       97      106      108      109      102      100      128      109      136      134      132
      142      122      122      121      118      134      123      142      147      112      113      127      109      143      132      110      111      120      127      113
      113      127      105      108       99       89      102      109       91       90      107       90       90       92       95       68       90       68       81       69
       69       80       75       58       60       60       55       54       66       53       43       53       42       47       38       51       40       35       36       32
       33       32       38       36       31       35       50       56       51       43       49       52       52       70       60       60       70       55       77       75
       72       82       76       73       88       87       99       92       98      104      104       94      106      107      108      121      117      118      142      123
      143      140      131      132      131      146      123      154      139      136      150      155      144      142      107      111      145      112      106      116
      122      125      117      109      131      118      114       88      107       94      107       82       86       86       83       76       98       75       67       89
       68       73       66       71       79       74       56       60       55       49       46       43       42       52       37       40       42       28       36       41
       43       52       32       41       56       35       56       38       56       42       47       68       61       57       59       81       90       83       73       98
       75       77       90       67       95       88       89       92       96      102      112      112       93      105      120      122      133      122      141      136
      118      147      156      133      142      163      140      170      135      144      149      150      156      167      151      139      144      132      143      146
      137      132      135      129      119      139      124       98      112      122      103      121      101       84       97       96       86       71       91       72
       77       80       67       71       65       68       60       66       55       45       45       45       53       55       47       53       44       35       50       32
       38       40       43       42       43       44       45       64       48       62       51       71       64       55       80       70       74       63       83       75
       81       82       81       90       92       86      103      112      103      135      119      107      101      126      123      128      134      167      163      153
      161      164      164      180      144      190      143      156      157      133      160      160      158      165      158      171      128      164      150      131
      128      127      153      150      122      134      126      118      123      110      109      105      106      119      115       97       96       87       97       75
       73       73       91       78       78       84       57       61       63       57       52       50       47       62       68       47       43       38       30       41
       34       43       32       50       34       43       55       59       42       55       63       75       68       48       67       83       84       99       70       81
       84       92      102       98       82      113      102       86      119      118      106      103      109      160      127      147      136      148      157      164
      147      185      163      175      185      196      185      204      191      178      171      165      168      165      159      154      163      152      135      155
      147      139      125      133      124      135      132      121      113      111      116      117      113      100       95      107      109       80       78       81
       62       83       69       76       80       73       98       72       64       74       49       61       46       41       68       38       44       36       54       52
       48       49       37       36       39       55       49       59       51       54       56       59       62       63       56       78       81       73       70       71
       91       83       92      112       99      110      125      120      107      118      104      127      118      141      141      140      159      162      149      137
      156      174      149      163      161      176      178      181      178      178      208      182      177      180      188      173      173      158      172      153
      157      162      163      140      115      144      135      146      147      108      135      113      120      113       90       99      110       93       85       84
       82       92       70       84       86       74       55       70       64       68       62       56       47       62       43       45       58       34       47       50
       44       41       32       38       42       48       49       63       66       55       39       58       59       62       73       77      104       76       95       91
       90      100      114      109      127      124      123      105      131      116      127      151      146      144      135      160      146      179      168      181
      192      160      178      198      193      196      196      170      176      187      193      205      185      184      179      174      212      165      165      188
      185      151      172      182      163      155      148      138      122      159      112      111      121      123      107      132      112      111      110       85
      107       88       88      101       91       84       67       83       71       67       53       63       50       63       48       51       50       40       45       53
       41       46       47       47       52       43       48       56       59       57       66       73       66       71       71       82       98       89       92       84
       88      118       89      122      114      108      124      126      144      131      136      134      154      140      146      187      194      171      159      207
      216      181      221      222      197      203      208      196      205      235      223      209      188      219      185      217      215      214      205      188
      198      194      202      180      189      153      165      175      146      137      135      138      120      141      119      127      122       88       89      106
       90       97       95       83       89       84       92       69       59       42       64       51       41       69       63       51       50       37       47       43
       25       50       44       54       61       45       65       65       63       73       63       72       64       88       88       96       73       82      107      111
      109      133      115      125      133      108      137      154      123      149      145      157      181      156      163      178      164      226      198      198
      173      178      210      174      220      196      226      198      203      223      217      225      214      242      236      222      185      213      224      220
      195      196      213      169      190      172      159      169      155      159      128      121      119      137      128      112      101      135      104       93
       94       89       63       97       84       71       87       66       58       76       72       66       61       67       59       44       54       61       41       49
       47       43       49       57       52       47       60       68       55       55       82       82       73       73       95       92       98      103       87       95
      112       98      121      127      128      135      131      135      156      136      156      196      135      189      186      207      192      182      194      180
      243      202      225      245      237      258      242      248      261      235      259      219      245      206      222      220      235      226      260      232
      224      224      233      184      207      180      202      163      173      148      164      155      148      146      138      130      123      138       94       93
      109       93       77       85       74       86       67       67       72       66       81       68       62       48       51       56       47       37       42       47
       48       59       43       47       50       56       62       67       61       67       81       60       79       94       81       95       93       88      103      101
      118      121      124      118      121      146      145      155      154      170      175      185      181      188      195      220      220      202      203      245
      232      207      233      225      268      239      253      259      252      265      255      259      246      257      237      253      245      264      224      240
      223      228      212      218      207      202      176      183      193      171      167      145      153      140      125      118      138      126      102       97
      105       89      104      107       84      109       80       74       89       78       68       59       69       67       51       62       53       59       54       71
       48       58       55       58       48       64       72       63       57       73       56      108       58       69      102      108       85       99      111      117
      110      106      137      135      129      140      153      152      171      150      183      206      172      181      226      188      208      224      216      216
      259      262      265      281      270      255      312      266      266      276      272      291      265      253      258      278      249      249      274      224
      224      236      223      227      235      193      224      193      185      172      173      156      154      175      149      148      119      136      117      103
      114      119       83       87       94       80       89       80       80       73       72       85       54       75       51       68       56       69       53       47
       46       70       56       54       66       61       66       61       68       66       60       84       68       98       94       93       72      123      134      114
      136      138      132      140      130      159      167      173      167      173      211      198      213      212      221      227      229      260      227      246
      259      279      262      290      297      304      301      299      292      285      286      275      306      299      292      295      289      285      288      252
      269      251      270      248      205      210      223      194      199      219      198      186      146      152      162      124      144      135      125      108
      120      106       89       91       94       74       81       93       91       89       88       91       69       71       68       54       65       36       44       47
       46       47       58       61       59       56       64       57       90       58       73       70       82       87       67      107      105      124      126      108
      134      135      127      141      132      149      181      178      204      189      182      219      216      264      209      280      263      259      271      284
      262      319      317      318      318      270      299      320      323      298      334      350      346      321      307      308      339      307      299      297
      281      260      276      262      216      190      224      226      218      203      190      183      169      164      156      149      138      133      118      125
      109      121       97       92       82       86       73       79       77       87       79       63       74       71       47       51       66       53       46       44
       51       57       81       59       55       55       48       65       65       83       98       94       75      100       88      103       99      108      136      114
      128      131      120      155      164      175      172      173      185      230      231      239      262      217      227      270      274      277      283      305
      314      318      368      353      351      365      353      373      348      374      362      339      363      338      338      329      304      337      290      329
      318      279      251      215      263      263      230      262      209      215      194      178      180      172      171      143      152      153      144      132
      115       93      101      101      104      109       90       76       85       94       73       66       72       72       79       67       59       52       61       47
       55       51       58       54       64       70       68       66       73       92       78       82      102      101       96      111      105      133      120      131
      139      141      151      149      157      163      184      135      215      202      219      224      263      258      251      268      274      298      293      324
      363      341      349      326      384      375      389      372      414      367      391      381      383      360      328      377      368      330      359      341
      301      346      288      287      263      259      263      257      242      212      214      192      176      171      188      157      165      162      147      130
      130      119      127      112      107      100      102      100       96       95       76       86       68       66       79       60       56       53       55       53
       53       54       53       75       60       74       82       75       73       91       91       91       74      117      108      100      105       96      118      164
      148      148      160      168      183      210      188      198      219      245      264      219      232      295      309      290      301      334      351      330
      337      355      405      355      414      404      432      426      477      427      429      417      407      398      404      363      398      401      375      374
      346      293      329      300      281      279      276      246      220      252      234      195      209      182      174      173      174      154      166      168
      143      162      128      122       88      112       96      109       85       79       79       87       74       87       79       57       61       63       67       59
       54       43       53       65       76       75       73       75       84       84       73       72       88       98      100      122      117      128      127      157
      125      160      151      167      189      163      198      212      214      220      251      262      273      259      265      321      353      355      358      384
      383      433      404      429      422      433      434      480      423      471      476      458      396      452      454      451      422      407      399      366
      370      358      315      319      314      296      293      268      280      259      210      253      207      256      180      180      187      158      167      149
      138      129      116      105      110      112      118       96       94       85       90       82       80       63       59       71       57       57       58       36
       46       46       59       67       61       64       74       73       74       92       81       84      120      108      107      125      126      119      137      150
      170      164      193      195      180      227      220      218      248      251      272      284      322      293      302      334      397      361      403      377
      421      442      449      469      464      478      484      504      464      463      533      502      488      473      439      458      467      419      409      414
      374      389      351      362      348      340      292      314      255      271      253      242      248      244      209      174      199      176      154      150
      141      147      148      109      129      114      104       85       90       96       94      104       73       60       85       81       73       64       52       63
       62       78       51       65       57       78       80       87       87       81       97      120       99      103       89      104      125      147      152      136
      146      179      166      191      200      216      234      232      255      296      296      332      310      332      361      377      407      420      400      429
      454      485      499      525      500      570      529      557      528      545      550      544      538      540      528      536      505      510      475      443
      436      395      379      368      368      306      313      300      266      270      267      256      209      227      210      216      191      160      187      144
      146      130      157      143      105      124      101      115      101       82       90       72       65       73       81       64       65       70       61       48
       60       55       76       59       73       54       82       91       92       88       94       96       94      117      114      143      135      150      156      144
      170      166      177      201      212      229      227      233      285      294      253      332      393      358      387      379      406      433      484      478
      465      559      537      549      551      618      608      619      596      584      601      621      600      599      591      544      546      493      458      519
      493      443      451      435      405      382      361      343      321      303      289      248      246      268      228      219      205      183      185      157
      145      159      133      138      110      102      133      100       96      118       96       99       85       76       86       63       76       60       71       67
       47       64       57       66       67       60       78       84       81       79      100       96      105      118      105      115      124      129      144      165
      165      194      189      209      187      230      258      249      278      317      285      332      363      375      406      403      432      474      491      504
      507      532      577      606      600      684      632      669      625      701      709      650      612      610      609      611      552      580      573      514
      504      463      482      454      412      370      384      354      316      295      269      288      247      227      227      222      210      186      191      171
      156      158      133      128      121      112      114      117       92      100      108       83       80       71       72       76       66       59       58       59
       69       68       82       68       84       67       83       99       95      103       95      106       79      117      135      120      155      154      158      175
      201      204      186      214      249      241      256      237      316      339      368      332      364      388      389      460      486      487      524      550
      562      593      652      662      721      740      724      770      763      778      759      736      696      658      718      657      685      601      635      585
      586      523      497      468      432      421      425      354      357      291      324      282      255      260      250      219      208      232      178      173
      180      153      141      139      136      113      119      104      105      109      107       83      104       83       77       66       68       72       60       55
       68       69       53       82       71       62       77       81       87      101      105      100      119      110      116      131      150      164      153      210
      180      184      206      201      264      239      265      290      298      290      369      383      365      414      469      467      467      519      561      611
      635      722      658      738      741      832      786      815      820      885      810      820      831      830      824      761      757      698      642      644
      616      588      544      530      482      456      384      380      372      363      305      308      299      269      241      245      209      173      195      204
      177      170      159      137      129      132      111       88      113      111      117       75       97       85       80       86       87       65       64       66
       55       60       64       83       60       64       77       91       94      121       99      114      114      130      108      139      151      171      160      176
      180      173      234      234      249      280      265      304      311      349      383      376      417      463      494      487      527      580      663      607
      703      702      766      780      837      899      886      881      944      945      862      908      895      888      907      823      797      793      697      715
      677      612      588      525      496      495      459      432      376      409      312      289      294      288      265      217      230      210      205      179
      173      158      159      140      126      136      110      139      127       88      102       90       99       78       80       79       72       62       61       52
       62       74       65       76       75       78       79       86       84      102      109      115      110      142      137      124      159      143      175      180
      202      190      225      245      252      299      273      323      366      364      396      451      424      470      518      535      574      681      643      699
      742      753      904      913      919      972      984      994      957      987     1065      992      999      958      971      872      841      801      796      727
      726      704      592      591      544      518      440      401      407      340      363      341      352      293      295      248      244      238      204      197
      216      191      155      160      141      123      131      100      122      111       94      105       78       69       93       79       54       65       66       51
       60       54       66       77       68       90       79       93      104      102      100      150      127      122      155      159      149      168      184      162
      175      189      249      241      257      312      280      324      358      382      444      436      465      491      566      569      653      613      678      792
      824      816      937      982     1019     1058     1170     1194     1143     1176     1178     1155     1127     1078     1127     1030      933      944      857      792
      813      748      617      665      580      541      520      450      418      435      405      335      348      311      284      305      245      217      225      210
      200      148      175      155      160      138      136      135      120       98       79      101       80       80       81       79       67       73       67       71
       56       69       55       77       94       66       84      104       78      111      101      105      148      117      147      146      147      161      189      187
      212      215      223      257      253      297      332      334      374      382      385      462      505      556      612      651      683      723      720      874
      887     1030     1029     1066     1131     1197     1251     1233     1353     1320     1232     1277     1229     1260     1185     1145     1018      979      923      894
      831      816      680      648      638      544      516      488      482      418      399      366      329      296      292      300      257      272      207      202
      187      196      169      162      153      135      139      123      115      121       94       78       94       90       81       85       82       68       72       71
       72       74       65       62       87       73       97       90       99      101      120      141      121      133      124      155      169      164      204      216
      208      227      233      254      268      316      316      359      361      425      460      535      523      572      595      621      694      793      824      856
     1030     1053     1161     1227     1300     1352     1397     1419     1506     1522     1475     1460     1446     1477     1343     1247     1260     1146     1073      952
      897      829      810      758      651      568      546      569      477      406      414      399      347      375      312      318      289      253      225      223
      198      205      167      183      149      135      121      100      112      103       99       79       90       94       88       78       58       74       54       68
       66       62       57       81       72       87       81       92      110      117      107      122      145      135      141      152      191      178      193      197
      214      214      254      274      287      306      337      355      379      437      496      518      561      610      662      676      774      844      963      980
      980     1199     1318     1418     1445     1485     1590     1628     1687     1731     1745     1678     1606     1586     1564     1437     1401     1216     1176     1043
     1018      910      876      729      718      654      585      566      480      483      414      420      371      330      320      283      253      250      223      205
      225      198      165      157      157      155      126      132      121      103      122      101       93      113       69       61       57       89       72       80
       66       75       84       73       74       79       82       92       95      107      121      127      100      146      164      172      177      179      189      241
      220      238      253      287      327      307      376      360      403      476      490      493      566      656      685      754      791      926      968     1097
     1147     1244     1459     1504     1629     1765     1863     1856     1960     1979     1927     1982     1867     1828     1754     1609     1548     1422     1344     1232
     1103      988      884      780      793      692      650      600      579      484      453      427      403      349      341      293      291      239      235      222
      206      207      186      176      144      138      134      143      140      104      110       91       88       93       83       78       58       86       72       63
       66       70       78       87       76       89      100       81      105      116      108      123      142      132      136      171      177      156      200      239
      212      235      256      239      280      336      394      412      441      442      528      580      575      664      761      805      871     1013     1079     1207
     1281     1372     1526     1650     1855     1996     1994     2100     2291     2326     2297     2294     2222     2090     1968     1774     1668     1519     1394     1299
     1087     1086      979      892      785      751      698      601      560      527      474      389      409      406      327      325      316      302      233      222
      232      216      187      172      191      159      146      139      128       92      113       99       99       88       91       71       78       63       72       63
       73       68       64       64       87       88      104       99       96      121      107      138      148      150      143      182      186      180      220      196
      225      246      305      291      280      332      373      405      427      476      543      548      608      716      746      839      933     1078     1144     1240
     1443     1524     1751     1916     2045     2241     2422     2535     2606     2735     2636     2672     2543     2441     2196     2111     1875     1736     1556     1368
     1260     1126     1046      906      839      743      744      601      575      552      480      460      408      396      405      322      288      311      231      197
      230      206      229      191      185      154      146      127      117      118      120      119      101       82       98       81       99       72       75       75
       68       68       57       67       86       81       99       88      113      125      137      132      135      157      163      177      189      179      225      226
      226      259      300      307      317      351      390      407      439      452      546      640      622      707      792      894     1000     1061     1252     1444
     1505     1703     1968     2115     2338     2569     2804     2954     3244     3124     3283     3216     2972     2758     2643     2349     2010     1881     1675     1481
     1341     1175     1061      985      892      788      708      612      599      521      509      484      385      371      319      325      278      289      268      250
      240      207      202      181      177      153      138      157      137      133      130      111       96       91       92       64       79       84       71       70
       71       80       84       67       76       85       96      111       77      119      127      130      142      147      171      198      191      191      210      211
      236      269      289      312      327      387      378      425      479      530      562      587      687      773      833      929     1019     1215     1248     1418
     1659     1862     2154     2337     2652     2996     3231     3602     3819     3973     3993     3958     3687     3199     2998     2632     2318     2131     1778     1630
     1520     1334     1213     1019      914      876      792      696      641      538      531      462      457      381      345      342      282      268      298      228
      253      213      213      199      172      161      158      132      121      106      127       93       93      100      102      103       69       75       78       71
       66       72       79       82       77       91       90      110      130      109      132      121      154      155      163      167      180      210      211      202
      282      278      289      360      325      372      428      435      433      500      559      617      672      780      874      974     1118     1226     1422     1484
     1777     2116     2385     2677     3151     3389     3854     4301     4780     4956     4875     4562     4410     3956     3453     2977     2588     2289     1972     1785
     1557     1378     1335     1086      974      873      781      704      585      559      535      447      440      409      385      368      320      311      292      247
      266      223      198      185      173      151      134      137      125      117      136       98       97      114       89       89       78       84       71       71
       66       75       71       95       91       83       97       96      104      117      127      137      146      165      172      183      177      183      220      231
      270      279      273      303      356      334      430      405      503      573      605      683      745      744      892      952     1090     1257     1535     1650
     1795     2269     2574     2975     3499     3944     4513     5305     5907     6208     6252     5947     5315     4667     3959     3375     2982     2499     2138     1824
     1670     1423     1331     1084      974      915      872      697      683      610      516      483      452      383      400      385      298      285      286      242
      221      217      224      185      185      144      165      131      153      116      130      116       95      103       85       81       84       69       71       63
       67       84       96       61       96       89      100      106      109      123      158      150      142      190      151      174      196      198      224      239
      275      285      291      316      331      378      418      462      477      550      577      698      691      807      930     1061     1222     1345     1486     1804
     1969     2299     2747     3226     3706     4523     5478     6554     7607     8200     8338     7685     6592     5488     4570     3859     3241     2743     2360     1940
     1772     1458     1305     1197     1019      969      808      753      634      613      513      489      485      414      384      376      326      259      278      271
      251      228      204      165      189      166      145      123      137      109      135      107       94      107       97       88       72      105       87       73
       79       82       73       75       75       97       97       86      118      140      134      148      137      165      151      173      182      208      220      236
      243      299      278      332      367      376      445      428      473      557      634      678      744      779      960     1026     1257     1323     1613     1891
     2131     2496     2865     3543     4245     5060     6576     8143    10325    12174    11981    10218     8275     6616     5083     4091     3475     2832     2527     2068
     1851     1576     1396     1242     1074      917      883      750      682      578      571      571      488      421      380      366      323      270      278      278
      217      226      215      175      193      181      164      146      144       98      112      123       97      105       84       68       86       83       75       62
       74       72       77       89       96       81       92       94      113      130      125      137      148      156      141      180      208      210      241      224
      273      289      307      326      346      401      418      520      511      576      595      689      749      830      973     1051     1170     1403     1547     1872
     2092     2435     3033     3563     4441     5706     7349    10127    14312    19235    19130    14096     9888     7403     5705     4541     3556     3108     2471     2062
     1899     1554     1419     1270     1102      974      897      771      652      642      543      539      460      420      384      345      309      314      262      289
      247      213      224      194      159      160      158      153      119      134      128       97      107      105       97       91       94       83       84       73
       65       76       77       90       77      103      104      107      127      132      132      138      155      143      170      169      186      186      221      233
      253      263      316      327      356      353      435      486      527      579      657      671      798      831      965     1033     1242     1428     1587     1835
     2223     2513     3137     3695     4727     6176     8042    11455    18736    40813    39334    18132    11588     8088     5937     4812     3925     3027     2547     2231
     1835     1613     1390     1150     1075     1029      898      797      718      623      636      562      505      406      421      371      341      296      282      275
      227      197      230      189      167      158      184      139      138      137      141      121       89       97      107       90       67       68       76       58
       69       62       68       75       72       83       91       94      106      112      117      135      159      183      187      170      186      204      216      240
      251      286      321      295      337      417      441      455      530      532      618      697      731      883      957     1101     1245     1395     1646     1814
     2234     2588     3122     3790     4698     5859     7968    11325    18573    35242    35372    18035    11333     8169     5935     4849     3733     3114     2699     2143
     1828     1541     1483     1288     1043     1012      820      775      718      629      592      560      466      419      382      343      336      275      268      263
      257      241      219      184      174      137      153      152      142      135      119      109      101       94      107       84       77       97       61       80
       72       59       63       91       83      102      107      102      121      116      140      146      158      130      175      172      199      217      193      219
      288      292      267      299      375      374      432      492      521      556      599      661      740      837      938     1038     1277     1397     1549     1803
     2226     2589     3021     3675     4468     5691     7391     9859    13698    18227    18037    13874     9797     7385     5617     4411     3583     3045     2491     2213
     1819     1583     1409     1136     1031      899      882      827      684      635      545      503      456      456      387      354      364      315      273      258
      245      187      192      184      174      158      133      146      148      106       94      102      102       93      118       89       69       68       65       60
       61       83       76       90       89       87      109      112      131      101      124      148      151      138      151      226      206      202      219      236
      252      270      286      334      351      368      411      448      495      546      601      680      747      796      940     1058     1222     1311     1562     1852
     2083     2335     2819     3441     4190     5106     6391     8017     9995    11670    11401     9794     7944     6556     5066     4191     3470     2917     2415     2141
     1816     1532     1451     1182     1112      942      832      765      702      650      623      513      441      420      365      349      328      307      309      256
      256      207      204      174      214      166      143      159      143      119      129      112       82       92       88       82       69       81       86       68
       71       68       89       86       81       74       92      101      120      108      127      143      133      145      141      186      193      179      190      207
      256      239      296      326      354      377      427      464      449      476      609      655      718      828      928     1029     1158     1297     1512     1709
     2032     2238     2626     3150     3763     4560     5552     6613     7467     8204     8121     7441     6463     5333     4661     3683     3087     2788     2336     1970
     1787     1466     1255     1155     1040      908      848      768      714      610      560      479      470      454      395      354      312      296      288      260
      239      233      225      176      169      162      165      142      133      126      126      119       98      101       78       77       83       84       73       68
       63       91       66       90       84       93       95       97       98      123      124      146      129      155      180      197      182      180      207      201
      270      275      292      319      357      383      389      432      459      533      558      697      726      803      928      973     1061     1283     1427     1654
     1898     2206     2450     2823     3434     4063     4581     5307     5830     6132     6074     5939     5292     4541     3926     3459     2908     2456     2199     1912
     1623     1510     1283     1122     1041      892      806      751      631      614      567      473      457      426      364      349      310      284      275      252
      252      214      201      185      167      146      134      142      139      122      105      101       95       80       91       74       70       77       71       74
       74       75       76       78       79       86      100      101       99      143      105      161      140      123      160      165      174      214      204      223
      247      265      284      320      330      386      413      430      506      517      560      648      717      800      822      896     1104     1255     1403     1527
     1751     1935     2333     2658     3107     3468     3842     4413     4517     4900     4914     4657     4285     3883     3367     2992     2638     2349     1964     1839
     1647     1350     1285     1114      972      887      804      777      642      586      589      505      499      441      395      352      327      294      257      237
      230      210      198      178      169      131      158      149      135      131      104      112      113       88       79       68       69       72       83       66
       76       82       83       89      104       88       97       96       91      121      138      133      134      198      161      184      189      190      184      203
      245      250      286      296      345      315      404      433      487      510      541      641      674      740      824      899     1010     1134     1325     1489
     1637     1799     2184     2395     2725     3019     3325     3488     3842     3912     3867     3747     3650     3142     2910     2577     2324     2091     1917     1607
     1460     1338     1148     1069      896      851      748      675      624      554      541      477      429      427      348      343      290      299      237      234
      253      222      196      188      159      165      149      134       97      127      148       90       92       92       84       77       84       83       92       64
       58       80       82       69       90       94      102       93      118       90      113      139      125      143      170      163      179      219      222      219
      250      262      297      318      324      383      378      443      427      485      532      572      692      710      839      892      986     1075     1218     1362
     1518     1713     1845     2150     2313     2638     2881     2966     3152     3274     3240     3085     2934     2752     2613     2321     2089     1814     1781     1506
     1381     1253     1064     1034      904      794      699      698      625      558      517      495      439      369      381      330      312      293      244      233
      205      220      213      192      173      167      148      133      119      118      105      118      102      113      111       77       69       73       63       68
       58       66       93       74       83       98       88      125       92      128      131      152      130      141      160      156      199      198      201      208
      261      270      292      317      288      342      348      408      463      543      501      563      600      679      782      870      929     1038     1137     1283
     1367     1592     1791     1954     2078     2199     2406     2595     2626     2766     2700     2578     2595     2363     2224     2101     1914     1685     1586     1477
     1226     1126     1064      955      860      788      679      680      605      582      521      454      380      358      329      314      279      280      269      232
      190      202      216      199      206      172      145      129      115      127      109      104      101       94       88       85       69       61       66       70
       66       71       74       70       73       98       90       85      105      107       95      120      125      126      159      187      160      199      208      227
      257      259      268      278      306      353      369      386      434      508      543      534      586      676      778      780      883     1017     1103     1157
     1273     1434     1520     1729     1825     2021     2015     2161     2266     2489     2467     2246     2179     2097     2001     1832     1611     1606     1401     1275
     1229     1062      996      850      786      816      679      626      603      528      514      446      402      365      348      287      290      244      249      231
      203      206      172      179      186      148      153      106      117      105      111      111       90       75      101       93       71       88       64       64
       51       78       75       93       74       92      104      100       92      103      107      125      117      132      142      147      142      195      191      232
      239      235      264      275      319      327      317      382      391      476      481      534      569      681      698      751      855      885     1081     1008
     1207     1304     1434     1585     1643     1783     1862     1899     1921     1948     1866     1975     1891     1862     1630     1591     1543     1421     1283     1267
     1112      986      908      795      705      632      673      616      565      490      502      436      385      348      304      298      275      268      245      223
      205      201      195      169      159      143      139      129      113      109       89       93       87       91      101       79       72       73       68       60
       67       60       65       89       85       98       91       94      103      108      108      112      125      150      155      154      161      204      208      201
      233      231      253      271      306      336      352      351      396      453      397      524      567      603      635      729      783      943      902     1001
     1088     1186     1240     1436     1479     1563     1617     1646     1680     1722     1698     1754     1703     1639     1511     1437     1354     1287     1181     1112
      981      954      899      805      700      670      618      550      522      489      417      404      388      365      311      259      266      236      255      212
      210      186      190      179      139      144      143      127      120      109      109       99       91       88       90       85       82       77       70       58
       66       57       67       92       72      100      105       84      112      104      124      131      126      160      142      137      169      186      185      187
      238      213      243      269      299      307      347      363      386      440      434      478      599      556      633      667      659      815      893      953
     1060     1105     1119     1231     1336     1434     1381     1482     1496     1545     1509     1562     1517     1381     1479     1271     1226     1112     1092     1039
      865      815      816      722      666      638      575      516      493      452      447      380      353      331      300      276      246      233      214      219
      191      199      156      163      131      141      148      132      119      117      107      109      107       89       82       92       58       70       72       72
       70       63       62       71       68       93       91       89      119      113      116      140      112      128      170      148      158      174      188      202
      218      223      232      286      279      302      340      343      385      410      414      458      530      514      587      658      685      795      773      909
      898      924     1033     1129     1202     1214     1279     1285     1344     1345     1300     1243     1250     1247     1247     1109     1118     1012      941      894
      863      800      735      708      554      661      525      529      482      413      425      429      382      327      286      289      279      261      218      210
      187      171      148      148      156      115      143      109       94      118      104      108       79       94       70       74       80       76       61       54
       56       59       83       67       75       65       86       86      100      119      122      116      121      138      135      152      147      160      194      180
      224      234      212      257      237      283      317      339      383      385      416      454      517      556      566      570      612      647      746      754
      867      911      950     1084     1042     1060     1053     1137     1148     1214     1163     1177     1188     1152     1118      996      934      942      899      801
      809      691      636      701      609      564      507      469      431      428      402      358      326      323      302      289      242      221      222      182
      199      162      169      151      137      154      117      102      100      106      114       84      103       86       95       67       81       69       65       58
       69       76       88       63       80       78       99       88       97       90      124      123      136      124      144      147      158      163      194      179
      177      214      202      252      264      274      315      328      322      386      399      413      435      502      495      530      565      611      702      722
      771      763      808      899      852      927     1023      975     1086     1071     1113     1024     1048     1002     1004      974      902      818      805      759
      690      676      653      622      566      540      503      422      391      425      357      321      298      291      268      263      249      230      213      222
      185      190      177      166      151      129      145      122       95      108      118       87       92       81       86       74       65       71       63       55
       52       69       67       80       67       90       74       95       96       86      105      120      116      138      128      110      160      181      154      162
      198      197      209      217      216      274      297      280      312      334      408      405      439      473      499      528      563      574      620      687
      734      708      839      832      860      854      922      905      856      933      917      925      927      906      862      824      759      744      767      706
      657      630      623      555      521      442      419      414      392      351      356      316      331      278      273      287      253      195      195      204
      186      157      147      159      156      137      131      105      106      110       99       95       76       75       74       73       83       60       71       61
       71       60       70       64       80       69       84       88       96       95      106      104      111      116      136      143      155      153      169      145
      195      161      205      229      255      268      251      302      310      348      363      372      432      420      412      453      517      560      608      629
      644      657      684      668      792      818      777      817      842      825      826      871      860      776      770      766      742      696      720      698
      613      571      589      497      444      465      441      406      402      361      350      321      265      295      269      249      242      210      204      174
      154      188      141      127      108      147      110      114      113      108       87       97       68       85       71       73       54       49       66       44
       64       62       71       63       81       84       81       87       84       91       94      104      111      121      126      125      156      141      155      167
      170      193      171      206      238      239      271      290      304      325      353      342      411      423      419      485      482      507      509      530
      573      672      644      680      669      760      702      710      744      767      761      777      728      742      751      711      678      646      619      550
      578      518      545      482      459      431      418      375      344      322      315      314      285      286      259      254      199      182      188      190
      171      162      149      134      138       90      111      108      114       95       93       94       80       68       87       77       70       55       55       61
       59       56       65       77       65       74       88       81       89       77       76      107      100      117      105      129      125      121      174      164
      176      149      178      182      250      212      250      266      305      282      306      315      352      386      399      399      485      492      491      529
      561      562      583      625      578      647      668      671      669      721      724      697      692      705      688      667      651      535      554      560
      563      500      457      466      427      395      354      359      331      289      313      271      258      274      248      213      197      183      197      169
      159      148      152      122      109      121      110      101      104      107       89       80       85       75       59       65       63       79       68       76
       49       48       47       73       72       76       66       75      101       85       86      111      103      113      141      135      151      129      149      147
      155      161      158      202      215      217      231      247      261      282      308      316      334      367      395      428      413      465      454      450
      504      512      548      631      582      610      561      664      602      627      644      603      641      639      578      560      586      535      511      499
      500      467      435      450      415      359      374      350      322      276      295      276      267      259      227      198      214      193      180      200
      132      156      140      150      119      112      111      115       83      100       98       77       71       77       78       52       56       59       68       62
       61       52       63       69       72       69       63       87       94       81       87       91      126      120      129      112      124      116      129      165
      175      177      201      211      222      213      211      246      236      233      322      300      346      309      322      336      380      414      472      442
      481      487      511      510      552      533      573      545      547      579      609      580      575      578      525      523      479      498      463      464
      409      433      357      341      389      337      363      331      291      290      271      277      256      236      202      180      208      177      159      168
      129      122      125      119      119      100      108      102      112       82       87       66       72       77       55       77       64       63       58       54
       66       52       53       73       79       65       79       82       91       83       94       94       96      110      109      107      121      118      123      132
      169      172      166      161      196      208      205      221      244      260      265      284      303      353      317      394      392      364      387      433
      423      462      418      521      509      487      489      505      481      538      529      490      501      563      517      488      500      462      463      414
      418      360      391      359      369      308      304      309      300      252      253      236      252      219      203      200      209      166      171      152
      161      129      134      131      122      114       90       86       75      102       96       80       71       57       72       72       58       69       64       49
       53       57       61       52       56       64       76       67       72      110       71       93       99      115      120      124      126      110      147      135
      162      163      164      182      175      199      199      222      219      250      252      261      221      317      313      302      318      352      374      382
      369      407      408      436      453      445      432      406      443      445      483      471      499      489      476      449      439      420      452      389
      400      379      335      369      326      286      280      265      289      267      231      248      216      214      208      168      195      167      179      143
      136      127      111      118      115      112      101       90      102       85       90       71       65       62       73       61       51       78       56       65
       45       60       73       60       76       63       53       81       78      107       81       82      102      104      113      105      113      151      125      138
      146      162      150      172      173      207      198      217      202      236      238      246      241      268      306      282      324      346      369      338
      376      376      417      419      386      464      411      387      439      447      406      423      438      454      406      388      404      413      393      371
      346      345      313      272      339      275      278      232      270      247      218      216      220      199      197      187      153      176      128      134
      160      130      143      112       99       93       94      110       83       82       79       68       63       68       78       66       66       63       57       44
       53       39       53       53       65       53       83       64       66       84       77       81      104       77       94      125      119      124      122      125
      147      138      167      165      157      187      190      208      180      244      222      221      214      297      268      285      257      309      312      331
      337      371      336      349      383      393      381      421      420      433      393      386      414      414      400      376      395      395      343      350
      366      298      316      279      269      248      262      250      236      227      218      213      201      190      186      186      166      166      156      149
      129      132      113      116      101      108       96       95       95       90       79       88       72       65       56       68       59       50       53       44
       49       52       64       72       70       58       60       61       63       64       86       91      100       90       91       86      125      115      108      132
      143      141      129      160      149      166      182      205      221      214      231      240      227      225      278      272      270      279      302      312
      302      340      351      368      351      388      343      322      370      368      373      336      363      387      336      348      329      347      295      323
      278      332      268      291      284      251      247      238      221      214      218      204      186      189      163      182      170      152      174      117
      135      103      120      104       95      102       82      110       93       76       81       78       64       68       48       58       58       56       63       59
       42       47       62       63       69       64       53       85       72       83       75       79       91       87      107      108       95       97      118      117
      142      130      158      131      150      178      180      159      188      190      178      201      260      209      225      261      288      266      279      258
      297      305      301      300      333      337      332      342      338      315      336      361      368      361      315      364      345      316      302      284
      294      273      242      251      269      239      271      239      219      199      189      163      172      171      171      164      160      151      145      121
      133      123       98      112       93       95       80       81       74       63       68       64       56       78       68       55       58       53       61       51
       41       53       45       62       46       53       62       60       64       57       85       76       83       88       96       79      104       86       81      133
      128      114      142      128      173      133      162      174      194      176      199      189      201      216      221      238      242      254      259      268
      258      267      280      277      263      309      342      338      334      327      323      321      344      297      292      288      286      291      271      291
      261      226      264      244      242      210      232      224      188      201      178      196      164      169      163      161      140      156      139      140
      126       96       91       95      103       97       91       93       81       81       51       93       86       69       68       56       56       41       54       63
       42       43       54       52       56       55       51       60       54       59       55       73       82       85       94      108      101      101      104       99
       98      118      127      122      123      159      155      173      178      148      169      172      207      219      199      220      231      235      240      229
      250      276      283      280      292      278      285      292      278      274      297      316      268      292      274      260      264      249      262      251
      252      229      236      256      232      199      182      190      179      195      161      162      175      165      152      143      139      133      128      103
      120      116      114       97      101      123       76       80       81       70       55       68       58       58       57       55       66       60       49       46
       56       46       52       55       68       53       46       60       52       63       67       83      104       88       87      102       86      105      114      101
       93      129      116       95      121      132      139      144      168      169      175      180      183      194      187      205      191      219      236      199
      221      249      259      257      235      247      272      266      268      265      283      289      300      284      245      272      255      249      250      220
      229      199      203      219      203      229      197      197      195      175      171      151      155      163      135      140      139      114      140      136
      103      113       95       98       94       87       83       85       74       74       66       70       72       66       48       61       52       50       58       50
       40       46       56       68       53       66       63       63       86       66       79       85       82       78       76       88       94      103      120      114
       87      102      113      129      116      164      164      153      163      127      152      165      172      165      193      198      186      178      187      198
      236      234      247      219      235      258      252      237      267      256      214      229      242      230      287      236      244      237      227      182
      233      216      188      190      193      197      195      186      169      175      166      146      144      156      121      132      118      130      119      113
       94      105       96       79       93       86       78       77       90       50       59       55       68       58       53       57       45       54       44       39
       43       41       35       43       45       47       50       53       61       72       71       79       82       67      101       80      113       92       92      100
      111      120      108      119      109      145      148      145      150      152      152      141      178      180      170      194      217      202      201      204
      234      208      249      204      223      243      208      246      240      232      258      236      221      202      228      218      237      195      200      201
      200      217      197      162      176      180      178      178      162      162      171      152      151      134      129      102      123      104      110      122
      103       93       77       88       81       69       79       88       63       56       69       61       62       46       58       43       56       55       37       43
       40       49       42       45       48       51       70       60       67       61       73       77       59       70       76       91      117       80       93       85
       90      101      111      107      123      127      119      125      153      157      139      162      158      165      167      181      173      204      186      209
      213      193      203      203      212      199      190      219      223      228      215      235      195      238      233      215      188      198      201      188
      217      186      181      183      163      167      169      154      148      139      150      128      135      123       97      105      103      109      114       78
      104       81       82       87       71       71       74       80       69       70       58       60       52       50       64       42       52       47       46       37
       54       45       51       40       60       48       48       58       50       47       58       81       71       58       87       78       92       90       85       72
       95      106      107       98      109      142      119      125      162      137      142      136      158      152      148      151      156      178      177      174
      164      163      198      192      173      181      200      191      183      202      237      204      199      202      165      176      179      184      173      178
      185      183      189      157      156      178      165      150      159      144      112      131      124      134      103       95      113       94       97       95
       82       82       88       79       78       75       66       79       62       59       63       59       50       52       46       53       36       36       34       43
       40       54       39       37       50       58       52       55       60       76       56       64       68       70       67       73       72       74       89       78
       76      103      119      114      103      114      116      122      121      142      137      133      142      134      130      173      155      158      145      169
      193      198      202      189      170      179      166      174      171      184      190      175      181      175      190      195      188      159      148      159
      159      172      161      155      155      137      139      150      139      121      114      111      105      108      141      117      102      104      101       79
       86       77       87       86       83       93       84       59       78       84       64       46       48       47       49       40       43       36       36       30
       40       52       54       41       47       50       42       61       47       50       54       63       60       69       53       61       59       65       84       89
       74       98       93      101      106      112      109      125      120      120      134      135      134      158      143      157      153      137      146      148
      152      181      165      134      183      172      185      179      153      181      179      147      192      166      174      166      148      178      164      180
      147      153      152      142      136      151      135      139      121      122      103      119      114      103       96       93      100      112       94       90
       89       77       70       70       72       55       66       65       65       51       52       59       54       43       48       52       46       35       46       40
       45       37       47       46       34       53       42       57       58       69       52       56       51       54       66       64       74       74       86       73
      105      105       95       79       99      113      101      123      114      111      114      134      134      109      127      124      146      154      154      153
      165      167      123      158      143      173      172      151      163      183      160      176      153      160      143      144      166      153      157      157
      130      153      151      153      136      115      142      124      127      117      129      117      105      119      116       83       95       92       79       74
       78       68       83       65       79       67       61       48       71       67       60       43       40       40       52       44       51       46       42       36
       41       48       49       38       45       38       51       52       48       55       52       69       58       62       65       74       83       74       62       70
       91       84       86       96       83       98      100      108      114      115      106      129      121      113      138      118      127      116      125      145
      130      150      135      156      129      153      143      144      153      166      152      160      141      146      152      144      149      157      137      152
      142      139      134      113      137      115      147      111      101      112      111       88      116       88       93       94       83       95       68       71
       78       77       80       82       58       73       60       66       45       52       52       68       52       51       54       54       38       45       43       30
       30       24       24       44       30       46       38       54       58       54       52       54       65       56       63       71       59       71       76       73
       72       84       70       79       80       80      100      112       97      100      108      101      115      110      116      104       98      121      138      126
      117      137      159      156      178      150      171      153      147      140      163      147      130      163      124      159      159      145      131      142
      133      126      117      129      108      107      132      111      113      105      115       96       85       76       84       90       83       81       71       64
       77       81       61       56       67       63       53       67       51       56       46       55       55       44       55       43       54       41       30       41
       32       31       34       48       36       39       47       63       44       60       48       37       54       57       54       56       53       66       82       73
       71       69       71       83       75       91      109       82      112       76      107      113       96      108      100      111      111      114      123      129
      134      137      113      134      125      134      137      118      128      150      140      140      132      125      128      133      148      139      110      111
      129      125      116      108      105      123      107      123      122      104       99       89       92       85       82       81       92       69       80       77
       75       78       59       67       54       51       59       49       60       47       62       40       51       48       31       47       31       37       36       27
       41       38       44       49       36       41       41       47       57       46       45       48       59       53       56       72       62       53       76       62
       63       67       76       75       79       74       94       83      104       91       84      105      111      102       97      118      115      115      103      100
      109      105      117      120      113      140      146      132      124      122      135      133      145      114      116      120      130      125      115      128
      128      131      128       96      120      114      124      111      111       77      113       83       93       69       85       74       87       69       80       74
       73       85       69       65       66       58       53       54       39       40       42       58       44       37       41       45       41       49       37       40
       39       34       48       39       44       48       50       40       47       50       41       52       49       51       60       72       52       61       67       75
       56       55       70       79       79       64       91       90       94       83       93       96      102       94      116      111      106      102      110       96
      105      130      102      119      130      111      119      128      130      125      129      122      119      105      110      100      116      123      121      103
      103      104      105       84      106      117       97       87       97      110       92       85       80       80       67       84       77       67       70       61
       64       62       72       63       64       53       46       37       56       43       54       48       52       43       33       35       56       36       41       31
       37       42       24       37       43       44       39       41       43       32       45       46       72       54       58       59       67       52       56       54
       49       77       71       63       71       74       85       91       95       84       88       79       84       82       92      112      105       93      102      105
       92      102       93      112      119      100      103      128       93       91      102       98      113      121      119       94      116      117       95      110
      107       90       97      110       96      113      100       96       80       80       80       84       76       65       73       73       83       75       68       70
       50       61       61       51       39       53       50       63       52       57       54       44       41       40       39       36       40       43       35       32
       39       36       34       38       39       31       29       33       35       52       46       44       52       40       53       58       69       48       58       66
       48       65       58       62       77       67       64       71       77       78       85       78       83      108       78       94       94      105       95       79
       92       91       94       89      103      104      108      110      119      120      112      100      107      110       93      114      100      103      115      107
       94       91       97       93       70       74       95       92      100       88       87       91       72       78       78       74       68       60       73       61
       52       58       41       61       60       54       59       47       47       47       45       50       31       42       32       29       36       32       38       37
       30       30       36       42       36       35       48       37       46       43       44       45       45       35       44       67       51       51       43       63
       45       46       73       57       78       75       71       69       83       80       78       75       75      101       83       74      104       90       89       75
       96       94       92       96       93      105       84       98      107       82      106       91      105       97       89       97       88      108       94      109
       81       95       77       88       76       83       80       68       74       79       79       81       70       63       56       58       65       65       65       56
       67       47       48       53       42       59       61       43       50       33       44       37       30       34       29       44       35       24       38       32
       27       34       36       36       29       39       35       39       29       45       25       47       42       45       56       61       42       39       49       58
       50       56       45       71       66       60       69       63       65       67       80       73       64       74       71       77       87       84       93       74
       77       81       91       99       80       85       89       99       88       79       88       87       93       92      101      108       91       93       94       89
       84       90       68       81       62       70       58       86       68       70       87       82       47       77       60       50       64       70       56       62
       42       61       61       49       48       58       48       38       35       41       40       51       42       51       39       32       20       33       25       32
       34       33       39       37       38       30       46       33       41       42       35       52       41       61       47       49       54       53       56       51
       65       53       67       58       56       67       73       62       69       57       75       67       93       67       79       76       87       75       84       81
       82       88       87       90       96       64       82       97       88       91       84      102       82       87       84       75       72      112       91       96
       79       75       73       82       83       74       73       79       63       92       65       70       66       68       69       63       56       62       52       46
       48       54       61       49       48       45       41       54       44       32       54       36       39       37       30       27       24       26       35       34
       29       26       28       33       45       34       33       38       35       42       31       45       53       32       47       47       42       61       57       62
       61       46       62       48       65       59       69       60       58       56       75       64       81       72       65       77       69       84       79       70
       81       88       82       80       96       71       70       84       87       94       91       83       77       76       90       83       98       84       69       74
       81       69       84       87       80       83       94       70       60       76       63       66       64       53       81       65       70       54       43       43
       36       68       36       51       37       36       30       51       45       39       54       37       38       29       34       31       30       33       31       30
       23       33       30       25       31       24       37       29       29       34       43       49       47       44       56       47       46       43       41       61
       49       64       55       64       79       56       64       67       73       67       65       57       59       56       76       74       75       66       78       80
       65       72       67       78       97       77       68       66       87       80       69       72       94       68       74       65       70      100       57       83
       81       84       80       96       72       59       71       70       72       63       66       65       70       51       55       64       41       69       42       67
       45       48       63       44       49       37       50       53       31       33       35       35       48       37       31       30       31       19       26       22
