       32       29       45       34       37       39       30       25       38       26       24       38       36       41       50       39       54       40       39       49
       42       51       48       58       59       57       56       55       43       57       58       62       62       70       72       80       71       64       72       81
       69       65       78       89       89       69       78       75       82       64       89       88       83       79       76       70       70       77       79       65
       76       85       58       66       66       65       72       64       62       66       56       63       51       48       58       66       71       65       52       38
       36       35       62       54       41       49       36       47       36       31       38       38       34       46       32       29       29       28       29       31
       38       21       32       26       29       37       32       30       29       33       33       35       33       33       38       36       64       43       42       56
       50       54       54       57       60       44       60       69       60       60       61       72       63       77       82       67       67       59       79       68
       71       74       83       73       90       96       73       82       87       82       81       84       84       63       72       66       82       95       99       80
       78       91       77       71       91       66       82       71       75       78       82       73       56       57       57       54       52       54       58       57
       64       49       38       47       46       50       53       53       39       32       50       29       42       28       33       19       31       25       37       28
       32       28       26       38       43       37       35       40       33       33       28       34       38       50       35       44       57       33       45       46
       60       71       58       58       51       78       63       56       66       61       76       73       84       73       64       62       86       74       68       83
       80       77      108       94       75      101       90       75       87       95       99       86       65       91       67       90      102       88       81       73
       75       82       78       87       83       68       97       79       79       66       88       66       69       78       68       57       55       50       57       56
       41       49       55       51       39       53       42       36       44       45       30       40       37       32       28       25       21       30       29       22
       32       20       36       34       40       30       27       36       35       29       45       44       41       56       41       46       52       56       58       57
       61       74       74       50       68       66       63       68       68       64       75       98       57       79       75       91       81       72       79       80
       69       97       88       98      101       87       93       89       92       94       94       99       96      104       77       93       89       95       82       88
       74       71       82       96       78       93       85       75       88       62       77       64       79       76       55       57       66       63       66       57
       63       59       48       44       49       47       47       46       45       41       42       34       41       48       34       28       42       47       34       27
       37       32       33       29       29       35       53       40       44       46       40       40       47       54       35       61       58       53       50       66
       60       67       54       67       71       68       76       75       59       73       71       83       86       86       89       85       97       88       78       85
       83       79       92       86       98       73       84       89      111      108      111      106       85       96       90      120      100       84      110      110
      112      100       86       93       90       75       97       68       97       92       82       72       57       73       68       71       71       49       64       65
       45       53       54       62       66       44       40       47       42       37       41       40       36       30       24       26       31       31       26       24
       29       22       31       43       35       36       35       45       42       47       40       47       41       44       53       44       51       43       55       50
       57       70       69       74       76       84       63       71       74       68       61       78       73       87       96       70       96       82      101       94
       98       86      104       91      102       83      102       93      109       94       91      100      104      105       98       96      114       96       98       88
       98       77       86       89       98      102       91       79       66       72       78       63       68       57       64       90       70       67       76       64
       70       75       63       48       50       57       64       48       37       39       38       55       53       40       34       42       32       30       42       30
       39       39       38       34       38       42       50       52       35       35       37       34       51       44       50       49       41       53       62       63
       69       72       70       66       70       61       68       64       84       79       96       83       89       77       97       80      103      103      112       90
       93       98      113       88      112       93      114      100       96      118       94       98      117       96       99       99      111      106       83       84
      105       84      104      107       84       84       85       80       86       62       99       89       84       59       75       67       74       60       75       68
       60       74       66       53       48       44       50       58       44       58       52       44       44       42       40       41       41       39       34       37
       36       24       34       52       37       47       36       47       40       47       41       50       54       61       47       47       77       63       40       85
       69       69       78       86       68       69       99       97       75       71       97       96       86       92       94      106       95       91      103      129
      108       99      115       99      132      113      105      125      103      112      128      109      125       99       94      124      114       95      109      104
       89      112       93      104       95      104      116       89       91       90       81       69       86       80       71       82       60       71       80       78
       70       62       60       81       50       52       56       51       44       57       41       43       50       40       42       31       45       44       36       41
       35       34       41       34       31       51       39       41       50       38       44       44       46       55       66       47       66       46       69       69
       73       75       67       71       73       70       90       84       92       92       87      107      108      120      102      113      115      119       95       97
      120      117      127      120      112      114      130      123      119      114      128      126      125      111      112      145      105      119      126      107
      108      106       94      100      121       95      111      101       99       78       86       84       84       87       71       79       76       86       75       76
       70       58       80       60       53       54       51       58       47       51       50       42       37       41       44       36       38       35       40       29
       27       29       40       38       37       53       41       53       45       64       43       50       57       54       55       62       57       60       78       70
       99       74       69       92       87       76       88      101       75       94       97       96       97      112      111      126      121      106      121      106
      128      117      139      139      130      125      151      131      135      140      130      131      137      118      140      132      135      130      131      121
      104      130       80      122      102      105      111      107      112       99       92       83       96       81       82       97       64       64       92       87
       78       70       49       57       72       53       56       41       52       48       47       48       48       50       47       33       54       37       36       42
       34       34       27       50       46       30       36       43       54       54       57       55       53       66       43       73       76       60       73       74
       87       91       84       67       74      112      102      101       88      106      125      123      118      102      104      112      133      114      118      136
      142      127      136      144      123      172      159      124      131      151      133      129      144      136      150      145      144      140      126      122
      136       94      128      116      112       92      115      114      107      105      102       94       86       98       75       83       72       80       95       81
       70       62       75       79       72       65       68       59       52       50       54       50       50       35       43       50       33       50       27       39
       26       44       42       43       48       45       46       41       48       47       52       59       45       53       59       57       69       73       69       79
       79       84       87      109       84       93       89       99       88      122      118      116      108      129      129      126      103      129      127      133
      117      122      159      148      154      148      132      159      149      133      150      157      169      143      143      131      155      148      162      135
      142      135      136      107      118      111      117      128      121      104       94       88       96      117       82       92       89       71       67       68
       71       60       64       73       63       53       54       63       73       49       35       47       50       36       29       39       37       41       40       45
       45       34       50       56       45       35       42       46       55       55       42       54       60       63       64       65       60       78       61       67
       78       75       88      104       94       87       98       91      104      109      119      106      131      126      120      125      128      162      133      159
      170      157      162      172      150      150      158      181      165      172      170      182      163      155      143      175      156      145      140      172
      136      149      140      133      143      130      106      111      141      130      129      111      107      107      106       88       83       86       63       94
       94       75       67       71       68       69       55       58       56       60       46       55       55       41       44       38       51       48       54       49
       37       40       44       45       56       53       46       45       48       59       55       54       70       60       62       62       65       67       82       87
       88       84      110       80       96       90      104      122      114      110      117      125      137      127      151      135      136      152      157      158
      159      194      152      175      170      158      178      169      179      179      174      175      189      160      190      152      158      170      194      140
      169      137      137      154      144      152      155      146      121      124      123      108      105      117       87      108       97       91       99       88
       78       64       65       80       68       64       62       64       61       61       57       44       41       42       64       53       48       43       40       38
       39       57       44       47       43       51       38       52       49       58       51       57       55       78       56       73       69       88       95       90
       87      109      102      105      104      107      134      110      103       99      147      133      120      127      148      166      163      167      147      179
      165      182      161      214      185      186      202      176      162      172      185      184      177      189      197      196      167      194      174      158
      168      175      134      158      125      173      150      170      120      146      127      126       87      117      122      113      116      100       79       93
       96       77       78       86       94       61       79       77       63       57       65       64       55       63       60       48       60       50       44       40
       40       44       50       42       45       48       48       48       55       54       63       74       68       74       83       67       74       96       80       96
       93       87       89      116       99      116      113      128      144      134      153      138      154      142      145      147      157      183      183      155
      176      184      163      188      171      212      199      179      171      202      186      203      219      180      192      172      180      173      169      181
      176      160      164      159      155      180      176      148      140      118      129      125      126      106      113      129       89      104       89      104
       79      101       90       81       71       75       81       66       82       66       52       54       48       62       58       47       51       46       48       32
       52       40       51       40       54       45       63       61       52       53       76       88       91       67       68       71       70       77       93       88
      103       92       99      116      112      120      104      124      132      122      122      139      151      176      176      170      195      183      167      201
      190      219      228      206      204      206      205      237      206      216      206      183      223      205      192      190      203      197      218      173
      171      202      199      181      192      172      162      151      168      149      163      137      136      104      114      101      114      116       92      102
      104      105       86       74       89       70       73       73       68       53       61       69       49       65       57       51       47       42       48       42
       39       36       36       46       56       64       45       50       67       49       61       83       65       72       96       74       85       90       91      107
      100       95      118      124      115      114      132      140      147      137      150      168      163      160      160      177      202      201      209      215
      215      201      210      215      221      223      245      234      231      214      223      220      215      236      218      212      205      191      205      205
      196      209      177      164      172      155      169      166      162      153      137      126      155      126      145      117      108      114      100      106
      104       98       81       72       86       80       89       62       81       76       51       51       66       58       67       68       56       32       46       50
       52       54       46       48       54       55       66       54       64       63       75       69       84       78       74       81       91      102       86      100
      118      114      115      136      129      134      140      168      145      159      162      169      182      171      193      206      178      205      183      183
      205      232      216      233      237      212      229      227      273      254      234      238      212      249      217      225      230      233      231      211
      220      223      217      189      195      227      201      181      142      148      165      165      137      101      131      117      106      128      125       98
       92      107       90      106       84       67       73       59       64       72       65       63       68       58       44       69       48       56       53       54
       51       53       51       57       45       58       52       56       51       46       70       76       74       65       86       73       85       99      118       89
      107      128      115      139      129      128      126      164      154      158      173      150      197      179      177      211      213      233      260      210
      236      226      229      224      252      237      300      254      283      242      256      291      252      293      252      224      257      264      242      253
      221      249      225      201      212      189      182      162      185      158      177      152      123      156      125      110      129      123      103      133
      112      107       89       91       83       81       78       78       64       69       68       67       51       68       56       50       54       58       48       39
       45       59       62       50       41       48       59       63       61       66       66       77       87       95       90       88       88      103       87      117
      104      102      108      118      162      148      153      144      179      176      207      180      192      190      185      235      215      246      242      247
      246      275      257      247      244      273      259      282      285      306      284      290      309      260      297      291      279      249      258      256
      255      253      201      231      240      230      204      210      178      177      176      152      173      149      159      132      167      129      128      115
      113      114      111      105      109       89       83       73       71       67       80       70       74       72       50       40       39       46       51       49
       54       54       59       58       57       43       71       74       61       78       69       65       74       83       94       93       85      119      118      118
      134      132      157      121      125      159      173      184      176      172      170      182      217      215      237      246      215      237      238      274
      291      282      282      312      287      327      317      299      308      315      322      324      327      301      303      315      355      279      294      283
      282      273      262      247      244      225      181      221      201      194      175      160      169      138      164      127      159      140      117      118
       91      101      115      100       92       82      101       84       84       76       73       77       81       56       56       47       52       43       40       50
       54       51       56       49       57       64       66       87       68       68       84       75       74       96      104       94      101       99       99      129
      119      138      128      121      165      154      182      173      207      206      196      200      231      189      259      241      291      285      262      271
      328      288      283      322      300      317      334      329      318      313      302      335      319      329      313      333      323      327      299      293
      272      301      299      230      247      256      235      213      200      196      217      181      177      174      161      157      148      120      131      128
      132      133      109      113      100       98       84       92       79       79       70       66       56       73       62       50       63       71       40       47
       55       60       48       45       64       62       82       74       92       88       95       77       97       83      106       90      102      131      109      140
      117      137      146      164      176      169      187      161      186      200      216      237      222      225      253      231      271      267      319      296
      286      314      339      370      343      365      327      325      369      345      353      345      372      344      352      346      338      323      347      317
      345      352      270      296      235      257      247      224      219      211      195      192      190      181      176      154      150      134      149      154
      117      131      111      106       99      115      114       92       88       81       75       69       66       71       64       67       44       33       51       57
       62       56       50       62       53       70       63       76       66       82       79       86       86      100       92      116      122      110      109      140
      129      127      162      151      161      189      179      186      213      209      219      243      260      269      267      277      291      322      332      336
      321      340      367      409      396      390      383      373      380      423      416      406      420      399      371      396      343      342      360      365
      360      325      297      283      282      308      264      240      214      238      205      195      202      145      159      169      172      144      163      116
      108      127      124      116       81       98       99       73       87       83       85       81       88       62       71       60       68       45       62       47
       66       47       70       67       53       61       70       76       86       78      103       91       99       88       94       96      114      134      135      139
      111      133      183      171      190      188      185      207      201      221      267      268      261      272      293      270      311      339      354      348
      369      363      393      390      413      431      456      431      419      452      442      438      460      412      423      416      421      411      366      382
      415      316      328      313      303      311      268      285      268      252      209      207      199      171      204      173      186      152      153      132
      135      141      116      142       94      101       98      118       91       64       80       76       65       75       68       59       65       61       69       44
       49       56       63       73       80       84       63       92       58       77       92      103       84       99       94       92      125      149      107      149
      139      171      189      192      189      188      188      225      206      231      257      300      275      310      324      327      354      365      365      351
      365      404      463      445      474      449      482      466      471      431      454      462      455      453      446      466      437      435      400      412
      386      352      359      347      327      303      254      305      268      274      262      214      230      194      195      191      160      152      167      149
      133      121      118      124      104      119      112       90      100       82       76       87       66       79       83       75       47       70       74       53
       47       50       53       75       78       83       68       81       81       67       94       99       90       86      104      128      118      144      155      163
      172      168      168      174      161      183      219      217      243      287      265      270      311      309      290      301      371      378      389      418
      423      490      444      469      446      481      532      527      498      471      529      490      501      522      539      465      470      446      447      440
      430      374      381      336      367      346      288      310      324      263      273      238      207      223      209      206      176      185      168      137
      154      127      142      114      109       96      119      101       99       90       75       83       63       83       67       66       67       70       60       48
       55       48       58       51       63       84       62       92       84       79       99       87      122      120      111      123      121      140      160      144
      166      181      175      174      191      202      218      244      264      267      267      283      329      361      370      333      411      441      430      444
      444      494      508      495      553      526      588      579      569      564      556      583      538      582      530      529      525      479      511      484
      474      419      424      376      358      362      310      312      298      271      260      252      228      217      220      190      164      198      165      195
      128      124      161      133      117      111      106       99      108       81       80       91       91       85       74       62       60       67       47       54
       54       58       65       54       78       63       81       85       84       90       91      117      101      124      107      143      125      140      160      167
      163      176      192      207      220      222      229      231      270      298      260      337      332      388      375      386      446      413      446      480
      543      549      567      534      584      593      618      650      643      610      631      577      631      612      604      571      536      558      510      472
      525      466      395      402      369      424      377      351      326      316      276      260      254      246      228      212      214      190      169      172
      147      166      154      155      120      121      115      108       90      101      101       79       81       80       67       64       49       74       57       72
       60       55       70       68       59       82       71       86       96       96      103      103      108       85      123      138      135      131      156      168
      193      164      198      214      241      232      245      249      306      289      288      368      347      354      429      471      446      445      487      478
      551      550      610      604      659      687      645      679      698      715      763      727      702      685      647      622      632      560      583      547
      524      529      463      490      435      388      361      341      359      338      322      310      271      266      225      219      245      231      216      137
      180      147      163      157      127      139      133       98       84      110      105      115       87       83       81       72       77       59       63       58
       51       44       67       54       61       74       70       79       84       88       86       94      109      112      106      117      147      160      164      165
      177      194      201      198      241      244      254      280      303      303      318      374      357      432      426      462      471      506      540      558
      647      607      627      666      687      697      745      771      775      757      741      744      780      785      706      659      661      632      605      574
      599      554      489      493      479      441      387      365      327      356      364      295      297      288      254      225      194      209      183      173
      166      151      147      129      134      115      115      109      106      105      100       88       93       75       60       82       70       78       61       65
       44       54       52       73       69       62       76      100       90      116       87      106      107      115      137      136      152      159      198      150
      199      218      192      210      275      232      280      296      322      390      393      369      446      467      458      493      547      561      551      620
      691      694      699      753      792      830      837      964      898      800      876      925      866      836      764      781      749      738      677      654
      632      586      544      504      507      485      405      430      393      382      326      338      304      247      266      244      231      213      218      190
      180      169      159      145      160      147      129      130      103       98       95       94       82       88       70       69       66       70       66       61
       49       62       62       83       80       71       92       71       91      103      112      102      107      139      127      148      169      143      167      169
      192      227      230      244      238      290      285      302      317      370      406      419      403      422      529      533      556      579      615      709
      712      727      784      840      869      861      935      955      926      969      937      967      991      924      851      860      834      781      744      688
      725      671      604      559      581      456      453      432      408      368      344      330      301      313      269      253      225      216      233      178
      165      193      172      152      135      149      123      124      116      112       88       93       74       85       86       93       73       68       63       53
       53       62       77       60       71       79       82       81       78       95      111      122      137      120      135      141      147      180      167      157
      186      198      234      227      242      281      316      300      356      373      394      451      491      479      546      551      617      614      698      741
      762      807      882     1025      898      999      999     1077      994     1090     1096     1065     1074     1057     1057      929      856      892      887      780
      755      669      656      582      578      502      442      441      447      412      381      375      311      294      270      270      231      244      180      214
      194      162      169      161      142      138      139      112      123       98       97       99      117       76       83       62       68       71       63       69
       52       78       89       67       72       84       79       99      116      104      117      105      121      148      126      164      175      162      167      182
      207      211      252      241      278      297      273      359      359      390      443      460      497      531      551      605      645      689      763      792
      845      922      986      998     1048     1120     1167     1162     1162     1186     1175     1211     1199     1174     1128     1009     1012     1056      924      819
      804      739      708      669      601      572      551      500      419      445      377      366      352      330      286      271      274      233      225      199
      198      206      191      158      152      143      166      123      116      118      107      112       87       71       59       80       67       70       64       67
       64       69       82       90       83       76       88       98       78      118       98      141      142      135      145      149      145      175      162      204
      218      201      261      261      281      288      296      328      384      393      428      489      497      533      578      597      719      688      815      886
      934      994     1015     1128     1172     1280     1314     1334     1355     1389     1384     1374     1350     1255     1248     1172     1128     1020     1008      854
      880      822      777      676      601      575      563      507      509      428      374      357      391      342      285      300      268      261      251      207
      202      190      172      174      192      138      115      120      109      103      117      112      114       83       78       71       60       81       56       64
       63       74       86       85       92       88      100       91      109      113       96      115      129      129      148      142      140      168      202      220
      203      260      250      267      286      317      322      380      396      423      491      521      522      579      637      699      776      821      915     1001
     1051     1115     1177     1325     1296     1362     1459     1510     1575     1599     1563     1540     1523     1451     1434     1399     1260     1206     1085     1071
      930      910      812      766      715      643      580      485      479      488      398      429      374      344      302      273      263      231      230      228
      199      188      162      160      158      164      135      127      113      120      110      113      100       75       86       63       64       76       62       51
       57       67       75       66       66       84       78       92      106      112      124      141      128      142      175      164      161      156      183      198
      254      200      261      298      308      323      355      347      396      447      482      530      512      615      627      713      796      878      970     1097
     1115     1240     1382     1452     1526     1536     1620     1746     1805     1762     1757     1802     1806     1643     1692     1477     1474     1286     1191     1045
     1100      974      882      847      739      675      630      585      560      483      443      398      416      324      342      264      272      241      222      208
      194      208      185      172      152      172      150      145      142      109      107      107      104       83       79       85       78       76       70       71
       73       80       75       66       85       81       94       82      105      115      105      128      148      138      136      155      152      192      220      208
      223      245      257      301      299      344      373      370      445      497      506      577      636      651      714      854      915      954     1024     1065
     1191     1282     1503     1586     1656     1828     1899     1910     2097     2118     2165     2013     1976     1893     1846     1700     1618     1462     1334     1238
     1124     1071      961      874      834      770      711      627      595      479      487      426      404      319      354      306      286      250      261      214
      204      189      186      175      160      140      149      119      134      107      112       99       88       80       90       78       85       72       71       63
       67       75       84       77       79       89      101       87      115      121      103      141      125      145      146      188      141      179      221      213
      199      224      234      275      312      364      376      425      417      473      472      592      684      703      749      869      978     1019     1081     1177
     1322     1478     1630     1697     1905     2076     2219     2285     2346     2498     2532     2359     2281     2283     2133     1963     1828     1619     1429     1377
     1268     1040     1014      910      809      792      726      660      547      499      515      458      414      414      367      302      289      265      267      236
      221      207      176      165      159      133      146      129      115      121      133      116      107       90       94       89       71       68       60       69
       66       73       66       85       95       70       94       87      108      131      130      143      133      140      147      171      193      190      223      222
      219      241      303      312      372      335      418      413      457      512      569      571      664      730      852      897     1040     1096     1234     1344
     1463     1670     1881     1986     2171     2306     2500     2636     2852     2877     2932     2885     2740     2533     2433     2159     2017     1819     1568     1496
     1320     1185     1089     1003      919      811      690      643      609      564      547      410      415      377      365      330      290      319      293      243
      226      220      185      172      190      151      133      157      128      117      100      108       92      105       67       87       67       72       61       69
       55       77       70       75       86       88       87       94      117      122      126      114      129      154      155      139      205      197      193      203
      239      253      283      293      328      385      398      404      481      534      581      640      712      727      840      941     1081     1154     1254     1452
     1563     1799     2081     2306     2555     2657     2904     3272     3434     3533     3407     3503     3193     2989     2800     2577     2322     1998     1738     1647
     1392     1279     1145      989      912      822      805      685      628      564      486      475      453      411      392      342      336      285      255      233
      204      211      201      196      196      182      129      122      133      127      113      105      100       83       87       76       83       69       84       76
       64       83       72       83       84      105       88       95       96      135      140      123      125      141      163      170      206      224      227      237
      240      272      301      333      326      361      385      442      449      542      559      620      703      826      875     1004     1050     1295     1408     1601
     1786     1985     2252     2520     2935     3207     3463     3797     4091     4233     4209     4122     3884     3592     3273     2894     2581     2228     2037     1780
     1614     1387     1242     1170      980      923      792      732      667      611      527      487      451      388      372      340      342      304      246      248
      273      213      189      212      181      183      140      132      134      136      118       98       95      105      100       81       68       86       67       76
       58       54       81       91       98       95       98       92      127      135      128      153      149      157      189      185      167      188      206      236
      215      230      287      326      383      381      414      459      448      516      621      652      737      781      919     1036     1175     1313     1474     1679
     1875     2191     2488     2858     3236     3673     4173     4701     5197     5322     5226     5070     4839     4268     3794     3273     2833     2465     2189     1835
     1709     1422     1322     1191     1056      896      884      760      705      602      589      495      478      412      391      378      316      346      275      266
      251      222      197      215      157      172      143      140      140      136      139       94      112      103      101       99       84       82       60       77
       69       89       71       94       90      108       95      104      113      120      138      143      139      153      182      152      188      206      225      231
      246      276      292      330      363      451      422      481      532      572      618      692      748      799      952     1060     1182     1282     1563     1738
     1964     2296     2715     3244     3660     4272     5058     5829     6665     6960     6989     6370     5844     4990     4243     3525     3202     2648     2381     2038
     1767     1554     1372     1157     1092      917      850      743      712      624      550      502      449      471      430      357      305      311      286      288
      273      254      210      190      174      165      142      138      131      128      104      114      120       92      102       76       88       81       78       76
       72       67       80       94       90       92       88      108      119      135      124      123      161      151      135      184      174      181      241      232
      266      261      312      331      346      396      398      478      517      568      604      637      758      894      874     1076     1150     1393     1711     1752
     2070     2518     2925     3262     4234     4945     6020     7439     8471     9120     9140     8355     7155     5840     5001     4226     3413     2957     2494     2111
     1884     1649     1347     1217     1056      983      892      781      698      677      605      505      474      423      399      385      347      310      266      272
      268      217      187      183      169      181      165      107      144      144      120      105       98      101       77       92       89       88       70       62
       65       66       76       88       79       91       93      109      115      118      124      137      141      166      174      158      222      192      243      230
      238      258      295      342      361      377      431      503      540      607      657      708      758      865      963     1062     1246     1426     1689     1931
     2167     2551     3023     3637     4667     5722     7047     9037    11714    13597    13557    11642     9006     7238     5824     4643     3776     3093     2665     2190
     1974     1677     1542     1298     1156      976      879      798      656      658      536      550      497      468      411      353      308      314      303      249
      261      232      193      219      171      166      150      159      121      125      120      129      112      105      110       88       90       93       62       66
       63       71       89       89       92       92      100      110      131       96      113      140      160      150      167      159      175      178      232      262
      265      274      268      356      357      448      447      493      534      603      670      766      808      928     1071     1107     1340     1482     1608     1917
     2234     2542     3225     4012     4920     6367     8206    11261    16124    22408    22574    16194    11310     8129     6188     4908     3901     3250     2822     2313
     1983     1807     1518     1244     1126     1038      940      779      783      621      606      526      481      437      408      401      337      286      294      256
      248      198      212      181      169      169      162      141      121      148      115      105      104       87       99       89       91       84       81       65
       74       87       59      101       93       93      102       89       95      116      116      117      137      149      171      166      178      219      211      218
      264      274      303      382      358      383      435      490      552      543      664      737      846      891     1040     1177     1300     1529     1683     2059
     2317     2809     3335     4051     5110     6597     9140    13057    21254    48801    50005    21753    12982     8918     6636     5082     3969     3361     2919     2244
     2073     1713     1443     1250     1043     1048      884      787      722      586      630      588      505      468      401      357      367      307      285      251
      250      216      197      196      191      172      167      131      153      133      117      122      101       96      105       97       88       92       73       79
       72       71       74       87       92       90      100      108      123      108      103      141      156      151      147      190      223      194      222      238
      260      264      301      340      382      385      411      433      502      610      663      684      796      915     1007     1167     1290     1457     1741     2022
     2252     2816     3207     4015     4990     6511     8947    13029    21432    43399    43334    21092    12652     8708     6671     5024     4056     3271     2778     2368
     2044     1764     1449     1305     1174      945      932      836      778      635      580      571      505      484      431      382      319      293      306      280
      246      229      219      179      175      180      150      141      136      109      121      110      117      114      102       83       92       80       61       72
       61       76       74       71       84       98      101      108      117       96      120      130      138      137      152      161      175      186      225      285
      271      278      327      338      358      347      454      481      549      595      636      732      833      836      992     1105     1368     1460     1621     1967
     2373     2685     3163     3963     4833     6244     8069    11032    15936    20859    20589    15576    11261     8244     6225     4821     3826     3190     2637     2306
     2029     1753     1493     1335     1141      977      881      808      748      709      630      557      503      393      422      406      324      335      302      251
      249      219      175      199      171      171      149      159      130      120      124      116      109      101      100      111       75       67       71       69
       63       69       75       65       59       73       88       96      110      120      140      113      133      155      162      191      193      221      212      250
      287      281      289      353      370      388      460      458      550      579      631      757      784      920     1028     1146     1287     1488     1734     2004
     2284     2742     3165     3783     4584     5562     7075     9207    11418    13000    12895    11083     9037     7150     5550     4554     3777     3162     2613     2184
     1861     1613     1412     1287     1092     1012      844      792      652      696      598      515      473      424      412      387      336      305      311      226
      257      207      230      176      178      172      158      162      147      111      102      111       99       93       95       91       91       76       63       62
       64       76       67       71       87       97      106       98      120      121      111      128      157      159      166      175      161      197      185      232
      247      271      293      337      381      382      442      488      544      644      659      731      767      904      982     1063     1234     1445     1615     1901
     2180     2488     2879     3400     4113     5045     6049     7330     8379     9267     9221     8322     7158     5942     5098     4238     3374     2847     2536     2182
     1803     1647     1431     1222     1093      924      902      773      730      602      583      507      519      463      436      352      388      332      285      281
      214      237      210      194      172      178      148      144      139      131      116      129      104       95       85       85       77       66       77       59
       70       75       77       84       85       83       85      113      114      128      120      133      140      158      182      167      176      194      212      231
      259      260      308      357      342      397      434      474      492      569      598      682      746      917      960     1091     1152     1365     1601     1651
     2000     2360     2642     3267     3554     4310     5071     5729     6523     6769     6736     6408     5711     4858     4333     3680     3134     2699     2422     1921
     1822     1550     1322     1211     1069      957      861      808      693      644      568      485      450      455      414      359      293      299      252      265
      260      248      184      206      197      138      174      153      136      124      113      136      113      101       90       71       98       76       67       72
       65       71       87       74       80       86      118      102      119      107      122      123      158      171      164      180      169      191      215      233
      264      302      287      329      350      412      392      450      504      511      616      642      747      885      922     1007     1185     1204     1426     1662
     1838     2142     2399     2907     3292     3739     4246     4785     5073     5328     5280     5188     4711     4219     3618     3218     2922     2470     2186     1839
     1618     1426     1299     1078     1010      862      826      745      671      636      535      510      464      424      377      331      309      276      256      273
      218      223      192      191      177      174      161      134      129      113      103      119      111      102       86       82       86       84       68       72
       64       59       61       84      106       81       91      101      116      121      122      138      130      150      147      147      186      198      218      219
      247      275      278      290      338      392      422      407      464      579      586      652      736      821      902     1015     1073     1247     1389     1592
     1717     1982     2258     2550     2876     3220     3578     3849     4149     4294     4325     4074     3734     3611     3262     2893     2533     2344     1993     1780
     1548     1401     1246     1032      999      829      821      684      605      623      529      464      448      422      370      348      318      279      271      248
      216      224      209      183      175      193      137      163      152      135      108      115      112       62       90       85       87       76       65       65
       44       85       83       93       87       88       89      123      113       97      133      133      135      143      184      184      195      192      226      237
      220      243      286      306      372      373      429      409      478      487      594      633      698      783      831      892     1052     1199     1312     1469
     1561     1822     2080     2289     2476     2874     3138     3246     3436     3464     3482     3445     3238     2977     2762     2599     2246     2040     1753     1643
     1461     1246     1167     1061      966      875      745      684      655      575      522      435      464      413      388      353      295      298      274      241
      197      214      205      172      172      158      139      135      131      115      118      115      104      100       68       76       80       66       73       59
       65       79       71       92       73       77      100      100      114      100      116      115      125      129      157      169      192      185      182      230
      243      238      274      306      323      352      383      429      447      529      538      567      673      777      824      866      971     1106     1233     1383
     1568     1737     1811     2103     2209     2394     2660     2774     2830     3022     2946     2855     2706     2561     2348     2192     2070     1869     1670     1462
     1411     1303     1075     1007      897      813      771      705      648      561      552      486      439      401      363      312      301      269      283      276
      220      225      201      189      160      159      127      128      150      113      124       98      103       78      100       86       91       75       89       66
       68       79       81       80       91       77       82       96      122      105      124      125      131      151      137      208      163      193      211      218
      220      226      273      322      346      334      379      419      428      477      509      565      610      699      757      864      958     1025     1160     1292
     1370     1493     1710     1923     1999     2106     2236     2404     2439     2449     2494     2462     2420     2237     2057     1941     1796     1626     1524     1381
     1300     1176     1040      963      885      768      715      636      576      477      528      474      424      411      351      329      299      282      277      251
      185      199      176      206      188      153      116      126      144      132      107      115       92       97       85       78       78       72       74       58
       81       63       59       79       80       94       79       94      108      108      121      141      154      150      159      149      171      189      171      187
      236      215      296      289      278      368      374      381      464      500      524      552      636      636      717      827      852      972      996     1118
     1255     1399     1459     1592     1771     1800     1898     2067     2068     2023     2121     2091     2066     1920     1857     1659     1597     1509     1325     1264
     1207     1052      944      868      799      688      647      607      621      471      469      417      395      392      338      309      289      256      245      249
      198      191      163      152      156      155      138      122      153      118      119      105       80      109       95       77       78       85       69       56
       55       60       62       74       82       89      103       93       83      103      105      116      121      146      176      170      168      199      183      216
      205      255      253      276      327      360      337      416      465      447      493      537      564      628      737      719      830      899      975     1065
     1129     1262     1348     1439     1485     1638     1726     1774     1794     1884     1836     1906     1825     1715     1643     1567     1503     1324     1216     1119
     1059      975      872      826      746      680      594      600      548      478      423      397      390      348      326      312      310      258      242      225
      215      205      176      181      169      158      135      134      132      104      115       97       98       72       89       88       60       65       78       67
       68       59       70       92       87       75      108       96       93      112      107      108      129      152      148      162      178      162      202      231
      233      242      274      247      284      311      331      363      394      452      500      491      543      594      664      687      771      798      897      957
     1054     1153     1202     1324     1437     1459     1493     1537     1536     1574     1643     1563     1506     1562     1490     1399     1260     1248     1167     1024
      942      861      824      760      688      593      589      546      543      421      453      430      382      348      335      312      268      260      274      235
      213      208      191      154      156      172      142      139      113      107      101      117      110       99       77       89       78       76       75       64
       55       69       58       76       67       76       75       88      112       87      110      103      137      128      155      144      158      169      209      222
      200      255      223      272      288      303      337      376      363      417      449      474      500      551      633      655      691      804      835      929
      954     1044     1107     1123     1225     1282     1312     1390     1412     1463     1397     1434     1333     1307     1298     1237     1151     1143      995      908
      886      808      786      701      658      633      580      582      499      472      402      377      341      317      295      273      242      281      232      212
      226      200      179      173      159      154      140      135      105      109      107       94       91       88       89       88       85       63       69       56
       56       70       92       82       80       85       90       81       96      106      100      112      116      147      144      133      155      180      199      175
      224      222      240      262      250      302      320      353      332      401      442      471      523      531      585      649      686      728      793      824
      873      920      974     1063     1050     1170     1201     1178     1228     1308     1307     1217     1209     1191     1107     1050     1060     1059      897      870
      788      755      719      646      619      557      471      468      442      409      380      378      356      341      304      268      248      259      190      218
      210      179      191      173      166      132      141      120      114      103       99      106      117       84       73       75       80       63       55       89
       56       72       82       49       71       84      106       93       96       88      107      119      123      134      144      172      145      157      153      177
      201      207      233      256      291      261      322      331      320      365      448      436      457      511      547      524      629      664      722      748
      781      848      894      980      960     1008     1054     1044     1118     1106     1046     1102     1060     1098     1084     1028      914      880      912      819
      803      675      681      606      497      576      494      452      463      422      382      365      290      303      276      250      241      256      215      226
      216      195      183      166      149      137      123      116      115      120      110       91       95       63       90       82       68       71       74       44
       66       69       79       77       73       76       89       80      105      112      115      103      129      131      127      153      148      172      167      172
      190      199      249      217      248      279      327      316      333      399      407      423      417      490      488      522      558      633      660      641
      692      706      793      841      919      876      917      956      982      888      958      974      960      963      927      837      862      856      763      758
      683      634      586      571      529      492      493      413      432      399      383      328      330      280      288      296      227      242      219      178
      177      183      184      136      164      124      145      117      103      120      115      107       99       90       89       77       71       65       55       60
       49       58       79       61       70       88       74       74       80      104      100       88      121      143      127      128      142      146      178      166
      213      182      222      277      236      264      280      319      302      318      352      415      422      467      473      526      537      564      586      613
      692      728      746      666      766      880      838      869      880      885      906      877      909      803      806      770      798      753      652      678
      622      596      580      573      460      481      437      377      407      376      335      313      300      287      250      254      218      222      195      197
      186      156      185      155      159      137      116      137      107      105       96       78       85       85       98       66       81       77       59       65
       55       84       59       70       88       73       86       82       78       94      109      110      108      139      112      146      129      169      192      165
      184      179      225      205      209      264      261      269      320      313      342      383      384      436      449      441      490      553      548      611
      617      621      698      708      767      766      784      786      814      817      831      803      797      755      752      720      698      681      635      615
      614      573      505      512      478      440      395      390      404      364      333      308      303      260      276      225      234      204      173      186
      173      152      141      141      149      109      123      117      113       98      108       97       90       81       68       55       77       74       64       61
       43       64       63       75       70       63       75       96       83       82      103      102       99      111      124      126      164      118      160      164
      189      183      216      218      217      245      223      263      254      309      296      347      372      365      455      437      489      523      537      547
      528      552      609      688      663      699      736      728      674      742      749      749      679      632      713      609      613      643      602      611
      522      489      464      471      429      422      398      363      329      319      308      300      287      257      231      233      229      212      201      163
      180      157      136      148      116      120      115      112      106       95       85       65       81       72       84       69       70       58       70       56
       59       69       64       69       75       77       83       71       86       95       93       99      107      111      115      134      143      148      154      145
      165      180      196      199      225      229      246      261      291      328      294      311      340      354      367      425      415      462      476      438
      535      556      577      561      616      603      660      629      647      685      676      618      620      622      667      566      590      611      558      510
      487      515      412      426      409      401      363      360      311      322      287      268      254      245      241      190      216      184      164      159
      170      131      150      163      134      120      104      105      109       97       79       91       84       73       67       66       68       61       67       52
       48       59       52       56       60       65       76       97       72       93       79      100      107      100      115      128      156      116      157      145
      156      162      165      201      195      226      243      263      283      271      307      337      305      328      366      356      426      440      475      439
      441      528      503      539      590      614      547      539      609      565      606      598      583      575      564      574      542      504      504      479
      466      426      446      395      388      379      314      330      305      303      278      286      254      232      216      224      183      201      180      158
      143      144      144      122      112      111      102      111      111       79       86       83       72       83       79       90       70       72       60       70
       51       59       48       74       50       48       80       75       86      100       80       89      114      110      108      122      125      141      150      133
      131      160      183      199      201      223      215      217      241      267      270      326      316      293      347      336      391      385      404      446
      516      493      463      486      508      491      534      527      550      503      602      522      529      526      516      531      463      460      457      431
      423      360      380      379      348      335      312      327      296      282      268      242      246      230      188      190      157      154      162      149
      143      144      136      124      130      110      132      102       95       84       90       82       77       78       53       67       68       74       62       74
       48       56       55       72       64       69       55       77       87      101      114       92      103      125      114      134      131      131      123      141
      168      165      174      158      177      177      209      212      215      263      267      257      284      284      252      333      328      370      385      396
      420      413      438      466      477      509      444      426      488      504      477      511      497      451      483      433      444      395      416      414
      407      374      379      328      333      301      307      286      275      269      276      247      204      235      189      183      150      150      151      181
      165      145      124      114      109       89      105       90       93       98       90       93       74       77       65       65       52       65       70       46
       58       47       50       50       84       85       67       80       57       84       73       76       97      103      115      117      124      123      130      138
      142      158      160      155      183      208      173      232      218      241      275      253      263      255      283      323      305      364      334      360
      373      399      442      426      474      427      439      472      469      410      456      453      436      439      443      481      405      407      445      385
      361      337      335      333      313      321      319      260      260      247      243      221      205      218      190      185      161      159      156      135
      134      114      121      115      119      114      112      107      104       80       85       82       75       69       84       64       62       64       52       62
       57       57       56       58       63       72       76       79       71       77       89       83       81      101      106       95      103      120      108      132
      158      157      149      154      155      148      185      176      193      225      254      216      251      286      282      294      289      312      344      311
      313      386      344      426      384      402      400      374      389      388      406      390      390      402      378      394      397      386      346      360
      331      299      290      302      304      285      275      246      209      255      228      246      215      205      191      163      177      150      122      149
      142      128      124       99      127       92       97       67       88       92       79       86       68       55       45       68       73       66       60       53
       50       51       53       49       70       68       72       60       74       65       81       88       77       96       90      101      127      123      117      128
      139      152      164      172      144      157      173      195      209      232      226      225      244      227      279      255      297      281      311      311
      317      326      317      371      374      348      373      407      379      364      368      371      345      350      373      348      304      342      376      321
      283      310      282      265      275      249      257      231      224      221      214      233      166      196      135      156      158      155      127      128
      130      132      110      113      103       94      107       93       62       80       75       74       62       58       84       60       60       58       63       47
       41       52       47       52       50       55       66       68       66       73       78       71       93      100       81       99      106      101      116      106
      122      159      143      156      165      170      196      196      169      197      217      232      183      243      215      249      262      248      264      288
      304      315      320      323      341      373      324      320      365      333      339      324      335      360      334      323      326      290      304      290
      311      264      278      260      256      250      207      217      201      208      198      210      190      163      177      161      156      133      126      128
      131      102      109      105       87      100      107       86       86       93       69       76       80       69       57       52       60       67       50       54
       48       52       34       47       53       62       70       58       66       57       76       70       72       78       92       96       93      102      113      122
      115      152      141      159      156      152      173      176      180      205      190      199      195      217      222      262      252      274      244      282
      285      299      306      273      328      284      307      317      284      331      337      299      289      314      296      283      288      268      258      305
      254      274      246      250      243      234      238      210      198      187      172      188      204      186      136      126      156      132      135      120
      117      127      100       86       87      104       97      101       91       80       73       90       80       67       69       48       52       53       50       35
       60       61       51       53       63       65       55       58       67       69       59       84       73       82       94       87       97      104       93       94
      110      150      163      135      148      150      160      151      176      173      185      188      233      203      192      231      218      236      225      244
      248      275      298      269      265      280      272      289      340      322      281      266      310      301      264      287      282      298      254      276
      278      237      250      230      202      202      212      223      206      178      165      183      177      175      184      150      140      134      151      120
      124      101      107       82      100       95      100       89       72       58       72       71       72       59       43       51       56       51       49       59
       45       42       38       62       49       68       54       70       57       55       69       71       77       78       78       99       86       92      104      118
       93      112      110      141      133      170      138      145      171      174      179      176      183      166      205      196      238      223      231      236
      276      266      275      268      250      274      288      282      290      239      279      267      262      262      295      245      259      242      261      239
      233      231      202      212      221      174      171      180      173      178      172      169      151      158      137      140      147      130      137      111
      101       98      107       93       92       65       63       79       73       52       71       74       68       62       67       53       57       52       54       49
       40       53       38       39       47       62       70       50       65       77       62       68       77       81       72       94       77       74      102       96
      119      113      141      152      146      126      144      162      165      147      186      179      170      182      177      213      217      208      236      244
      220      240      265      245      249      230      259      249      243      261      260      232      288      199      272      266      235      230      207      211
      218      192      218      214      211      169      205      193      187      186      155      175      139      144      141      125      126      128      121      118
       86       95      113       84       63       82       88       90       92       83       56       55       54       52       57       43       55       40       46       29
       48       39       45       49       67       55       58       53       53       66       68       57       74       80       71       81       92       76       91       97
      119      104      115      109      114      147      139      125      154      151      150      195      164      182      169      164      187      217      201      208
      202      217      226      233      192      219      226      222      225      240      238      249      227      229      226      222      213      191      228      230
      208      230      218      191      158      199      183      185      163      187      158      125      142      140      147      116      129      125      106       99
       89       95       74       94       72       80       93       76       64       74       62       52       47       56       53       42       55       49       45       44
       41       44       46       40       43       46       44       55       65       61       55       76       88       90       77       72       73       98       88       99
      121      123      101      104      104      118      124      141      128      148      155      142      156      169      184      169      195      153      183      226
      192      194      211      197      220      207      210      194      241      255      188      201      227      206      197      204      218      205      203      178
      202      167      196      170      161      178      161      168      159      168      147      147      118      132      126      114      110      112       96      101
       87      112       84       89       93       70       81       69       63       83       54       72       68       50       75       48       51       47       51       41
       34       39       33       45       57       49       44       44       63       59       55       48       65       71       59       73       86       95       90       95
       74      121      111      106      102      113      121      144      138      157      117      151      147      143      162      175      168      172      168      179
      169      176      213      187      187      204      198      205      174      222      176      227      194      190      193      192      207      192      178      191
      194      192      166      161      177      152      171      160      158      164      118      138      107      108      121      112      104       96       90       97
       75       89       75       86       87       75       59       68       64       71       58       43       75       49       45       53       42       39       40       36
       30       44       40       42       50       52       56       53       44       59       49       65       42       59       73       80       91       76       89       66
       93      105       95       92      120      119      106      115      129      108      134      139      133      140      138      161      164      154      172      191
      183      155      147      197      180      198      185      147      180      194      160      180      180      172      214      180      203      204      188      182
      185      158      172      141      138      152      141      173      112      126      111      126      123      129       94      127      115       95      106       97
      100       93       79       70       74       68       72       75       59       59       63       44       59       51       57       52       44       35       48       43
       28       32       55       40       38       42       38       28       56       48       48       54       56       60       58       72       78       82       73       93
       91       87       82      100       99      114      100      120      117      111      124      130      128      115      121      159      140      173      168      158
      167      181      167      172      168      169      150      173      182      185      165      166      201      177      170      169      152      172      157      165
      153      173      160      166      169      120      123      127      115      124      123      151      113      118      124      104      104       92       79       88
       75       81       93       83       68       74       69       60       62       44       56       51       53       54       55       40       39       43       30       33
       40       37       37       34       39       41       50       50       51       49       67       66       67       49       73       70       80       65       59       86
       80       96       75       85       81       84       90      103      130      106      116      126      100      140      149      110      154      151      154      142
      164      170      161      158      140      159      154      154      157      156      177      158      164      140      176      145      154      167      172      174
      158      152      156      144      145      119      120      131      115      106      103      106       89      104       93      107       99       86       79       86
       75       73       77       69       88       63       54       72       64       73       62       59       53       62       48       51       43       36       25       45
       37       44       38       47       57       50       53       47       41       61       43       57       57       69       71       69       65       78       69       91
       67       81      103       82       64       81       91      106       96       92      116      109      117      132      123      125      140      153      135      130
      139      140      149      147      129      147      172      132      165      164      164      142      139      166      140      187      150      166      148      142
      113      138      118      140      132      136      110      108      133      117      116      119      108       91       90       75       70       76       71       71
       70       71       82       67       55       61       58       66       57       61       64       51       59       52       51       50       29       64       40       43
       41       35       48       44       43       37       43       57       47       66       51       46       45       73       64       67       69       73       79       72
       80       75       88       93       91       91       84       98      102      105       91      121      107      123       94      130      130      114      122      150
      137      143      133      149      125      160      133      155      140      133      135      125      152      134      125      156      119      140      127      131
      138      118      129      120      107      121      103       99      112      120      120       97       90       89       98       87       82       90       84       94
       61       81       53       67       68       50       68       63       56       62       50       55       53       44       48       43       53       38       33       32
       31       35       45       37       32       49       50       43       42       47       51       52       49       54       53       53       62       57       62       77
       86       87       77       89      100       83       99       90       96       81       99       97      105      116      116      102      128      125      109      131
      130      116      137      122      131      128      111      124      136      169      134      124      129      137      123      135      119      143      124      128
      134      133      136      106       86      124      107       93      108      105       99       93       99       87       83       83       78       81       73       69
       84       62       75       62       70       57       71       49       57       48       44       56       51       53       55       41       39       39       46       45
       27       35       25       34       40       40       47       38       43       40       43       47       53       56       62       55       58       59       74       61
       74       63       70       74       77       84       94       82       93       83       89       99      103      106       79      115      126      113      116      124
      117      108      123      124      140      127      107      119      139      128      127      116      125      133      130      149      124      135      126      142
      107      107       95      110       95       92      107       85       94      100       79       81       85      102      105       71       74       87       74       73
       67       94       72       63       74       44       55       52       55       55       47       47       55       43       43       45       35       49       40       39
       37       28       46       48       38       34       52       61       46       48       60       48       56       40       52       55       62       56       84       71
       76       57       80       72       75       79       77       88       98       80      100      102       74       85      115       91       99      104      110      114
      111      114      118      118      133      136      122      125      129      107      142      107      110      118      123      120      113      106       88      100
      111      108      107      105      108      119       98       90       96       90       87       96       68       71       75       69       78       69       90       72
       57       57       52       68       60       53       44       40       48       46       53       40       48       49       46       34       39       44       37       32
       35       35       53       39       36       45       42       49       47       64       37       45       46       37       58       44       56       53       79       85
       62       65       63       60       81       72       76       86       67       77       91       98       98       96      101      101       88      114       97      112
       93       87      110      114      129      120      108      104      113      102      113      115       97      114      138      120       96      117      113      126
       93      110       94      100       95       96       66       93      112      105       75       85       78       71       64       77       63       59       64       79
       67       66       60       53       55       45       69       63       53       55       49       46       35       31       38       42       43       21       31       38
       32       36       30       33       38       32       38       40       50       41       42       48       40       59       50       57       55       53       53       63
       61       60       75       79       72       52       71       78       77       81       91       90       91       85       83       97       75       97      104       79
      112      110      103       96      104       96       99      117      114      123      115       93      113      102      107      123      107       94      107       96
       98       95       92       82      106       81       88       84      101       64       80       80       73       70       83       73       66       67       55       62
       63       52       52       55       41       41       49       58       44       38       42       37       50       42       36       48       38       41       34       26
       29       26       36       35       31       39       38       29       25       38       41       54       41       51       43       58       60       52       42       61
       51       57       60       71       61       70       84       92       83       85       81      100       86       78       78       96       94       96       88      116
      104       87       92      104       77      101      100      121      116      108       97      103      103       89       98       95       97      109      115       95
       72       89       92      109       75       87       89       78       72       73       70       85       65       72       82       64       62       53       64       45
       62       54       45       60       44       54       56       51       45       42       51       44       33       38       47       43       36       25       38       24
       35       28       28       32       42       27       38       30       35       40       35       52       51       52       38       46       60       54       53       62
       54       48       55       56       79       69       65       78       58       66       77       69       75       79       95       80       92       91       88       86
       87      103      101       73       94      111       93      101      108       81       84       94       72       95       96       98       96       87       77       91
       89       86       76       73       68       79       79       76       56       64       59       80       83       81       80       63       51       46       54       57
       40       52       52       59       42       64       49       37       42       37       33       42       24       39       32       38       36       39       29       38
       28       41       34       35       29       36       40       27       49       38       41       50       54       36       40       40       42       50       54       47
       67       65       55       66       77       55       68       62       57       75       80       90       66       83       84       85       95       59       81       90
       80      102       82       76       86       93       91       92       81       88       97       81       91       86       73       77       93       79       83       82
       97       87       76       65       80       88       82       61       52       64       71       59       65       65       58       67       67       55       58       54
       51       62       53       37       42       58       47       39       40       38       34       33       40       42       28       32       34       35       26       34
       20       30       37       31       40       36       29       29       38       41       40       34       34       42       42       56       46       41       40       50
       52       38       34       44       65       58       69       47       68       54       68       82       62       68       90       65       60       63       74       72
       78       86       72       94       68      105       96       93       86       83       77       82       82       90      105       73       77       81       72       80
       80       73       73       71       57       81       65       79       65       67       72       63       63       56       69       64       55       60       58       42
       59       44       46       43       39       51       43       45       39       36       31       38       29       45       44       34       15       42       36       35
       34       26       28       28       29       34       32       28       44       33       42       39       52       25       43       41       36       39       52       41
       54       50       54       55       64       55       63       65       67       69       54       71       71       65       84       64       79       75       59       79
       69       78       77       88       84       70       81       80       69       81       75       74       85      101       74       73       75       72       84       76
       60       73       62       75       57       55       65       69       66       58       61       68       53       66       46       48       53       69       51       47
       58       46       45       49       58       49       37       34       27       31       35       36       30       26       35       33       25       32       34       32
