       19       24       24       27       22       32       27       25       35       28       33       45       37       38       42       30       40       34       49       38
       32       43       62       45       49       50       66       55       43       61       56       60       59       61       60       58       57       65       60       55
       73       73       69       72       60       77       64       70       42       74       67       55       72       54       52       75       84       67       67       71
       81       60       54       61       67       58       54       58       48       61       62       60       63       44       48       49       49       50       43       41
       44       34       30       38       34       28       38       29       41       34       39       29       26       29       38       26       21       25       20       25
       30       35       29       32       25       23       25       28       31       29       32       40       41       30       41       41       40       39       37       48
       40       47       50       44       62       55       50       52       56       51       60       61       57       69       52       62       59       74       63       67
       70       68       89       73       80       78       70       78       78       58       95       82       57       65       64       76       66       64       65       57
       76       70       59       58       64       55       70       52       68       67       63       41       54       68       61       43       50       57       46       42
       50       43       53       46       36       35       41       43       44       38       29       32       29       41       25       34       22       24       28       30
       28       27       26       26       26       25       32       37       52       37       28       47       37       43       31       43       52       35       48       42
       57       48       51       47       55       39       50       47       56       66       51       57       56       51       63       78       76       68       64       81
       90       79       64       47       54       78       80       73       82       83       79       85       64       65       72       82       74       69       66       76
       84       71       68       72       85       59       59       68       70       65       78       67       56       62       56       53       65       69       48       46
       44       49       32       31       44       45       37       48       40       34       33       36       33       30       44       31       23       32       23       19
       12       31       26       27       26       25       39       36       33       33       34       38       34       39       30       45       48       60       47       50
       46       53       51       54       55       66       52       79       59       53       56       63       56       59       65       67       79       60       73       72
       95       94       86       81       76       76       89       74       82       84       77       65       77       73       76       77       88       74       72       81
       85       85       72       73       72       70       73       64       68       71       68       72       58       72       58       46       53       68       46       40
       44       46       53       42       48       41       43       45       41       36       52       34       36       33       36       32       34       31       36       24
       25       26       36       23       37       33       29       28       35       43       35       43       41       36       51       51       48       49       45       51
       56       53       56       60       62       61       51       58       58       57       58       70       82       69       70       80       74       82       87       74
       79       97       90       78       81       84       84       68       86      100       91       94       82       80       67       91       86       98       91       72
       78       76       76       79       71       75       93       70       76       72       80       62       48       57       55       55       47       59       72       55
       58       36       53       45       49       31       45       35       25       34       33       32       37       44       31       24       32       38       25       29
       33       31       35       35       35       27       30       42       31       43       52       44       44       41       34       42       59       63       59       44
       35       46       54       54       51       78       57       63       58       59       74       62       77       81       75       84       84       76       75       90
       62       80       84       90       96       80       75      109       67      102       98      105      102       83       84       74       81       79       72       87
       99       78       91       89       82       78       88       67       79       66       70       60       55       56       52       58       57       59       69       68
       58       67       38       40       41       43       49       28       39       39       31       43       30       35       47       29       39       26       27       37
       21       25       25       42       42       40       36       44       36       45       38       38       51       48       47       55       44       57       55       56
       48       55       68       70       63       63       67       78       74       62       90       68       76       87       91       90      102      102       84       98
       88       77       83      105      101       98       99      101       84       78       82       88      103      112       98       86       84       90       85       84
       94       76       91       89       74       74       76       70       86       65       79       69       77       57       72       54       61       56       51       42
       63       67       55       59       58       62       39       42       53       33       41       30       29       27       31       37       38       24       44       29
       32       21       33       35       32       29       29       39       50       43       37       37       52       44       54       41       48       53       51       59
       63       74       56       64       61       60       75       80       59       91       85       82       78       86       87       76       76       96       85       80
       88      102       97      100      102       90       90       87      100       84       96       93      123       94       81      105       98      111       89       94
       91       89      105      102      107       93       88       91       79       68       78       80       65       57       54       65       65       67       54       51
       55       53       54       48       52       48       46       37       50       55       37       39       37       32       29       32       37       28       32       31
       32       28       21       43       50       42       41       44       47       41       40       39       48       45       51       51       53       60       52       62
       57       55       62       54       68       55       80       65       67       79       93       82       91       82       95       88       99      103      103       87
       79      100      111      108      125      102       98      111      102      114      104       99      114      116       99      113      124       95      105      106
       91       96       95      104       92       93       93       87       81       79       75       78       73       68       69       73       74       63       62       70
       60       54       56       65       51       60       36       53       56       40       53       42       38       40       46       38       29       34       37       33
       43       27       32       30       32       30       38       39       40       47       51       47       54       58       47       62       51       82       67       59
       62       63       67       59       74       71       73       78       70       94       73       93       81       81       96      110       95       99      100      108
      115      107      109      124      114      114       97      102      123      107      124      116      119       99      108      114      121      107      101      104
       93      128      102      100       96      105       80      100       95       96       78       73      105       85       75       59       69       66       71       56
       70       57       64       55       53       56       49       54       51       34       61       51       40       51       47       33       42       30       25       33
       30       46       32       33       36       36       33       32       41       46       56       45       51       43       54       54       59       44       49       52
       64       78       82       69       87       89       76      113       90       83       77       97       92       90      120      110      121      101      101       99
      118       96      106      113      101      122      136      126      126      127      138      139      139      125      106      134      130      112      115      105
      114      106      113      106      101       88      100       89       94       86       88       72       79       89       74       76       81       81       67       73
       70       56       57       61       43       56       50       43       54       46       45       39       38       41       38       29       47       36       33       35
       26       38       34       40       43       36       48       32       44       45       41       43       64       49       48       59       56       62       60       59
       74       71       98       80       93       78       83       85       84      102      105      105       97      126       98      110      109      111      119      124
      106      121      128      127      120      122      125      133      128      119      107      135      131      144      123      133      132      120      135      113
      127      124      120       99      106      111      100      100       84       92       99       96       76       73       76       84       71       87       85       81
       55       65       67       63       56       55       57       68       48       49       44       45       46       47       31       29       44       40       39       40
       30       42       52       28       37       43       45       36       40       32       69       57       51       47       61       45       65       76       76       68
       68       71       91       83       88       72       72       85       95       87       95      100       99       97      118      108      132      111      131      129
      142      124      126      126      150      127      116      126      138      158      147      147      141      130      138      126      136      122      140      145
      118      115      134      115       95      108      134      104      135      102      102      103       94       88       78       85       69       94       70       76
       74       84       56       58       56       68       61       59       33       47       52       41       49       42       31       45       34       49       39       26
       17       41       32       34       37       49       39       41       40       57       47       34       64       57       68       69       60       69       74       68
       68       70       90       61       87       93       72      108      100      109       98       90      103      123      111      129      138      113      121      139
      152      128      146      138      159      139      140      129      141      151      167      141      155      139      166      155      130      148      146      147
      144      135      119      144      117      124      120      114      103      110      105      121      107       88       91       97       71       81       84       84
       73       77       68       71       66       56       57       61       48       60       56       42       57       45       40       49       32       47       36       35
       39       48       39       38       36       35       54       41       57       45       64       61       62       51       58       55       61       61       78       70
       91       84       81       78       91       95      124       92      101      120      107      114      134      108      115      108      123      127      152      154
      173      132      146      148      171      162      174      155      146      137      159      163      176      149      132      141      159      163      166      151
      157      139      138      149      133      129      114      122       99      123      126       90      114       93       95       95       84      101       96       75
       85       76       78       69       56       58       63       40       54       58       57       51       56       44       65       53       37       43       42       32
       23       25       27       54       43       48       56       53       47       55       62       52       45       56       90       63       79       82       83       71
       74       81       87       87       93      103      110       96       99       94      102      128      126      145      116      136      152      141      137      167
      137      139      155      172      165      153      142      162      179      174      157      159      169      167      144      157      149      157      173      177
      153      132      145      151      136      130      140      124      107      111      114      118       96      101      101       93       94       88       76       82
       91       70       85       78       73       51       59       60       69       61       62       48       42       51       44       59       41       34       42       33
       35       38       38       39       47       43       41       54       48       58       47       68       63       75       62       74       69       59       72       53
       70       84       72       92       86      107      104      116      121      113      133      154      134      143      160      151      120      137      149      171
      167      154      155      178      175      172      184      182      188      202      176      153      193      188      169      179      179      169      186      159
      141      142      149      139      146      135      135      125      113      137      111      125      111      131      103       97      100       89       80       86
       86       83       83       72       73       68       75       63       53       70       45       49       46       48       49       37       45       37       43       47
       37       42       44       34       46       59       57       58       57       61       50       66       66       64       66       67       68       85       82       91
       92       86       90       84       89      104      108      115      153      122      132      152      134      141      145      150      156      172      199      170
      179      196      180      203      198      202      207      153      193      191      190      202      189      184      189      187      193      183      161      139
      163      178      170      159      143      149      133      133      132      127      126      126      123      121      139      108       95       98       95       97
       87       88       82       77       67       78       52       54       62       65       58       46       62       53       49       66       44       40       44       34
       29       34       32       48       47       48       49       61       52       63       68       59       67       73       59       94       85       96       80       96
       94      101      105      112      125       98      128      113      114      130      124      136      159      144      161      145      164      159      191      164
      177      198      190      198      188      206      221      219      206      216      205      214      209      220      198      194      201      179      181      162
      146      195      175      152      182      153      157      144      129      144      137      135      119      110      117      105      115      107      105       96
      107      108      103       79       87       75       68       82       69       62       48       57       51       42       68       41       55       42       38       45
       38       38       44       42       44       44       51       62       62       58       63       62       82       61       69       72       95       85       76      114
       81      111      100       96      101      122      149      121      115      131      138      170      157      171      175      168      165      195      193      195
      208      175      210      224      218      235      229      240      224      230      219      213      209      247      246      191      212      206      198      199
      196      181      197      185      172      173      185      129      141      168      151      121      113      122      153      111      109       98       91       90
       93       86       96       87       99       93       72       78       86       67       78       59       58       54       52       57       56       35       52       46
       39       38       46       47       47       61       46       54       56       67       53       55       65       70       84       81      100       78      105       97
       85       95      110      130      122      126      165      154      154      132      131      170      148      154      173      187      187      196      205      202
      206      211      230      213      230      211      234      259      220      243      238      245      223      248      252      252      226      226      205      217
      200      223      202      178      201      189      169      185      163      177      167      142      166      132      136      136      112      118      109      110
       97       85       83       87       68       87       72       77       58       63       61       62       57       50       59       57       57       53       55       41
       43       48       53       48       52       50       68       61       62       55       50       72       63       56       76       62       93       89      111      108
       91      117      110      106      120      148      145      138      142      158      183      167      203      179      179      169      228      185      212      220
      229      254      241      240      256      248      250      257      261      269      291      227      271      250      238      248      252      244      275      246
      197      222      190      222      202      177      169      170      187      177      145      153      147      135      134      126      113      105       94      103
      100       93       99       85       97       90       91       64       86       67       53       67       66       52       40       49       48       49       66       51
       33       50       48       44       47       51       71       58       45       63       75       77       75       98       81       94       91       90       98      102
      120      121      144      121      165      132      118      161      175      173      165      190      159      191      204      205      208      228      209      278
      236      217      256      281      265      279      264      258      292      277      265      253      270      248      266      304      281      255      272      229
      248      219      229      237      229      197      202      201      152      183      168      155      154      139      164      136      126      132      129      109
      106       91       93       90       82       64       87       71       72       68       79       54       69       48       58       49       39       43       49       39
       60       46       56       53       52       66       49       56       75       69       66       75       63       81       62       91       87      117       84      102
      113      142      111      124      113      129      154      163      166      177      184      189      198      203      214      201      222      261      252      270
      261      300      274      307      282      320      300      311      315      310      298      311      265      307      315      290      292      247      288      258
      254      261      237      236      232      197      197      192      176      182      179      151      161      132      142      136      130      122      111       94
      115      114      105       99       94       80       96       86       65       55       55       60       56       66       58       44       47       56       46       57
       35       49       50       46       72       55       61       53       68       62       65       86       69       84       70       79       79      112      105      110
      109      131      120      146      152      149      183      179      168      190      186      199      220      208      195      261      241      264      301      279
      316      290      296      329      333      294      327      314      320      328      343      323      371      328      344      318      315      293      302      294
      278      287      281      241      260      246      209      201      166      183      201      182      144      138      137      132      122      127      129      128
      106      101      105       86       84       71       99       75       76       61       88       61       72       48       45       57       56       45       45       47
       51       60       47       58       65       61       55       58       60       66       72       76       72       93       78      109       82      108      116      128
      116      129      133      169      140      174      150      173      153      175      211      229      241      236      235      248      265      279      290      282
      328      327      300      325      331      358      340      333      367      355      376      364      376      401      356      365      306      329      310      297
      314      307      261      268      249      239      233      211      197      191      211      202      171      175      150      133      148      132      124      121
      105      106      102       96       83       87       81       84       88       80       71       75       65       63       75       48       57       54       53       48
       44       44       56       63       53       66       65       74       65       63       64       84       83      105       96       71       99      123      111      123
      130      138      149      152      152      157      157      183      190      186      197      224      222      260      252      265      262      300      292      332
      374      324      348      342      368      375      409      386      411      416      434      401      403      393      385      351      377      387      315      337
      331      325      307      315      261      268      239      237      227      198      207      212      170      182      163      187      148      143      127      113
      124      126      103       96       97      112       73       84       89       78       79       67       75       75       57       61       48       62       41       46
       47       55       66       62       53       58       68       70       70       93       86       98       93       95      102       91      100      122      112      106
      138      148      139      158      154      167      189      203      191      176      222      252      266      237      297      285      328      295      329      341
      382      362      368      390      421      416      440      411      432      415      429      453      471      423      407      404      410      386      324      368
      352      346      298      293      274      275      251      257      256      185      236      214      190      192      158      164      159      128      122      132
      126      141      111      105       98       96       78       90       86       91       78       79       85       58       54       54       42       50       36       46
       54       53       54       54       61       68       60       60       68       85       66       67       92       90       78       97      111      121      116      124
      150      143      144      171      162      183      212      197      179      212      223      248      260      279      292      325      284      369      360      381
      375      379      442      452      453      458      461      482      471      482      440      480      443      468      425      433      409      413      403      389
      362      381      339      323      306      303      272      260      219      231      222      182      209      199      175      182      157      150      159      157
      128      119      140      139       87       96       95       79       93       82       75       77       74       75       74       56       62       53       56       50
       43       52       68       51       64       67       74       79       66       83       88       85       99       96       95      100      112      124      138      131
      142      156      147      157      186      215      188      230      214      250      244      254      261      304      333      324      323      354      393      414
      426      461      460      485      507      502      555      524      546      491      511      583      538      481      499      488      467      478      420      431
      436      393      396      332      345      329      315      292      280      239      254      228      221      191      194      178      171      149      164      129
      135      133      131      111       95      101       93       85       89       69       62       65       73       69       63       65       54       56       47       50
       53       48       70       57       72       67       73       71       82       84       90       87       86       89      103       94      113      119      124      130
      135      138      156      172      177      205      180      223      266      262      264      278      288      288      326      330      352      394      402      436
      431      467      524      507      524      540      541      555      538      580      552      593      533      548      515      530      484      473      498      403
      414      420      405      345      360      368      330      307      288      266      241      223      241      200      188      181      185      152      155      150
      135      163      143      118      112      110       88       81       99       80       92       65       64       79       64       69       47       51       52       56
       57       74       64       56       66       74       77       65       78      101       72       90      107      104      102      116      114      121      142      134
      155      173      157      176      196      212      201      265      271      262      287      301      282      360      357      356      384      456      470      502
      479      549      533      579      577      629      591      623      634      617      618      602      605      622      603      564      567      556      522      476
      459      433      437      381      399      370      355      283      302      282      267      242      253      222      231      203      185      181      151      146
      149      122      133      130      115      106      100       94       78       81       96       91       76       67       67       60       59       53       47       50
       45       61       57       62       71       74       80       85       71       91      107       92      116      113      114      110      123      134      125      171
      133      167      173      200      182      221      224      245      272      256      287      329      302      381      396      411      429      461      528      520
      527      569      620      594      665      685      666      695      739      669      652      725      679      673      674      626      617      614      558      552
      518      442      445      445      381      412      341      303      317      325      342      287      217      218      236      205      195      195      200      148
      147      130      136      140      117      106       90       80       91       85       68       90       74       50       81       51       67       48       63       61
       58       52       65       59       59       70       78       72       75       80       85       98       91      112      129      117      121      120      144      137
      193      184      180      189      204      239      267      237      283      289      345      336      361      402      423      419      438      477      527      520
      593      634      673      680      741      725      776      730      752      773      776      764      738      699      670      690      696      646      623      543
      576      495      502      481      418      437      384      328      320      315      320      307      241      227      225      222      195      181      192      154
      160      147      117      132      132      147      107      102       89       85       93       92       66       72       63       73       50       54       52       61
       61       56       57       63       62       64       76       80       88       86       99       95      108      106       97      134      129      151      148      165
      150      195      204      226      217      250      266      283      281      305      342      349      366      388      459      423      493      537      578      601
      606      669      697      761      804      775      875      895      847      783      879      828      773      788      734      785      717      732      674      632
      586      526      503      499      459      469      416      371      359      310      326      307      260      250      227      222      232      185      172      158
      144      157      114      136      112      130       90      119       83       88       93       79       88       61       81       57       68       51       54       50
       64       56       63       66       70       76       69       67       75       79      101       87      104      116      107      129      132      142      158      186
      161      188      224      237      224      241      283      325      330      296      349      400      398      417      458      536      532      540      564      650
      699      794      794      824      893      886      936      940      965      919     1053      994      967      989      879      837      768      793      747      633
      631      599      587      566      518      455      451      437      399      336      348      307      259      265      247      247      197      232      180      189
      194      135      162      145      157      128      117      114      105       92       92       77       84       82       66       80       81       71       61       48
       55       56       60       64       72       68       96       77       83       86       99      110      121      121      126      141      152      172      175      115
      183      189      203      206      248      239      301      297      321      343      352      397      430      531      493      546      589      598      651      689
      781      837      826      923      975      997     1054     1083     1142     1102     1121     1052     1072     1043     1006      994      861      840      838      756
      764      611      564      547      472      518      458      451      414      351      351      350      284      246      264      240      230      189      192      191
      200      162      151      137      127      119      121      104       89       97       89       95       84       82       69       70       60       59       56       54
       67       55       56       57       79       65       73       96       83      108      102      103      106      116      138      146      139      138      159      184
      181      201      205      231      249      284      293      306      307      392      380      422      477      505      519      577      589      654      689      746
      907      827      952     1004     1084     1114     1169     1193     1263     1246     1288     1228     1261     1203     1155     1078      976      928      891      886
      789      711      653      628      579      521      503      442      393      413      398      336      326      279      304      222      216      208      210      188
      139      150      151      173      120      139      145      107      107       90       90       83       84      107       76       63       86       50       58       53
       61       70       64       70       81       73       78       77       87       92       96      107      115      112      126      139      143      141      174      172
      180      196      222      238      258      266      315      306      384      427      359      427      487      565      565      585      627      697      742      833
      865      967     1079     1084     1198     1251     1319     1396     1467     1445     1450     1384     1326     1287     1276     1190     1085     1112      962      915
      895      752      707      644      609      570      496      438      454      400      363      370      310      315      272      256      242      242      219      186
      188      181      178      151      131      113      127      124      104      126       95       96       81       91       86       75       68       56       54       49
       64       56       65       68       70       81       95       88       87       95      107       96      116      124      124      121      137      163      166      166
      181      210      226      257      261      263      314      342      385      357      414      453      499      500      610      639      604      705      814      903
      996     1109     1136     1287     1322     1459     1475     1519     1642     1705     1706     1637     1614     1505     1416     1313     1270     1085     1102      977
      916      816      736      714      602      607      500      489      462      438      351      352      315      283      288      272      243      217      229      222
      170      197      154      162      128      135      123      127      121      105      125      100       84       86       84       72       56       76       56       58
       60       58       82       70       81       74       78       86       96      102       94      119      106      133      120      121      156      157      161      164
      221      206      252      260      279      264      319      367      392      393      423      480      534      555      668      688      747      791      893      957
     1024     1237     1311     1442     1475     1577     1751     1830     1981     1850     1927     1903     1849     1701     1573     1490     1413     1176     1198     1142
     1019      917      855      760      631      629      596      518      483      393      424      377      351      313      275      273      288      259      217      205
      193      170      154      153      138      102      143      115      109      111      105       88       98       96       73       66       73       53       85       68
       46       43       62       69       93       83       81      100       98      101      100      110      120      124      149      146      162      147      183      191
      200      208      232      243      278      314      305      368      370      413      455      491      544      573      680      696      777      912      989     1037
     1180     1309     1321     1558     1719     1849     1978     2095     2249     2238     2244     2189     2151     1920     1821     1709     1549     1405     1284     1186
     1112     1008      842      764      732      618      612      542      440      452      443      398      383      337      319      275      269      208      190      211
      203      185      169      150      122      139      112      115      120      117       94       92      101       99       82       66       64       67       73       51
       60       72       54       72       76       77       90       88       98      106       87      106      109      125      126      140      132      172      169      188
      177      225      206      255      288      300      320      368      385      434      483      512      573      635      651      750      828      862     1003     1109
     1227     1400     1626     1739     1889     2184     2313     2512     2563     2648     2674     2641     2468     2340     2112     1942     1809     1560     1446     1203
     1137     1034      917      819      702      648      606      540      478      477      429      412      350      346      307      309      250      255      234      219
      188      197      178      162      166      134      115      130      139      120      102      104      104       89       77       95       68       66       55       46
       50       65       61       76       74       87      114       84      100      111      102      103      134      130      120      153      152      158      161      173
      216      240      246      274      278      325      336      405      443      447      481      505      560      634      700      807      897      958     1058     1182
     1374     1544     1718     1883     2198     2402     2775     2961     3153     3317     3243     3172     2999     2581     2392     2177     1919     1743     1615     1311
     1163     1055      996      863      786      685      641      577      501      443      475      407      370      347      297      290      263      239      238      170
      196      164      161      146      174      142      142      136      135       88       99      102       87       75       86       65       63       85       59       68
       59       59       67       74       68       76       77      102       98       97      114      105      118      148      136      125      163      167      175      190
      229      206      256      255      290      318      348      357      426      483      470      518      551      679      771      855      910     1033     1113     1308
     1400     1682     1968     2101     2446     2809     3198     3505     3933     3927     3989     3819     3577     3155     2818     2390     2149     1872     1625     1407
     1319     1195     1014      961      808      706      657      619      577      477      428      420      357      330      326      322      240      225      249      216
      215      188      147      156      151      127      121      123      118      108       89       76       81       78       62       77       83       67       80       62
       66       64       54       79       76       66       91      107       99      111      128      120      121      123      141      135      154      173      185      176
      224      233      235      280      320      334      352      381      380      427      484      567      687      689      813      873      946     1060     1197     1334
     1584     1801     1972     2288     2767     3269     3765     4184     4753     5090     4937     4796     4276     3721     3179     2751     2372     2163     1752     1567
     1377     1256     1000      914      786      765      730      623      518      499      430      406      347      356      336      280      295      238      241      216
      215      195      174      167      194      144      119      145      117      110       98       82       94       89       76       74       57       62       73       55
       55       51       75       73       61       91       87       79       80      116      100      130      143      134      153      160      158      183      195      186
      209      239      252      257      281      319      347      378      381      471      488      613      678      666      774      841      950     1099     1188     1469
     1648     1864     2153     2604     3181     3662     4580     5287     6234     6812     6652     6251     5465     4466     3711     3261     2587     2232     1828     1693
     1369     1240     1126      928      885      820      704      591      576      536      462      438      372      364      318      295      296      257      261      231
      212      200      180      178      168      145      149      133      129      131       92       96       86       71       79       73       71       75       47       62
       62       67       56       63       83       92       82       91      112      119       94      109      132      122      154      176      155      173      174      196
      223      232      276      251      310      354      323      418      425      463      472      542      622      674      776      927     1039     1146     1300     1423
     1756     2042     2284     2715     3335     4102     5157     6632     8336     9721     9534     8283     6700     5372     4247     3466     2896     2389     2098     1835
     1534     1329     1156      987      912      816      689      652      616      505      490      494      407      382      312      321      296      269      259      217
      214      190      187      163      150      144      142      122      125      106      100       91       85       91       78       55       66       86       70       53
       69       71       69       68       92       82       77       90      109      119      106      108      131      125      150      150      172      153      196      211
      217      237      232      287      294      304      338      383      473      455      482      583      582      744      826      908     1077     1180     1313     1480
     1746     2122     2418     2926     3658     4566     5909     8161    11581    15496    15333    11477     8131     5888     4435     3816     3025     2546     2060     1715
     1608     1382     1305      995      858      834      725      642      617      525      473      454      414      370      312      275      290      287      247      255
      223      203      169      153      162      146      126      121      122      120      102       81      103       89       68       96       76       74       65       60
       74       54       76       74       83       82       90      102       99      103      119      112      122      119      136      155      166      189      190      187
      229      251      255      279      313      352      331      376      431      477      551      587      628      656      815      913     1085     1141     1358     1520
     1815     2155     2438     2942     3682     4763     6445     9106    14871    30697    30755    14526     9315     6299     4892     3853     3157     2561     2087     1855
     1578     1293     1191     1058      877      840      723      648      616      510      551      453      406      375      358      300      279      256      237      237
      231      202      172      165      150      149      153      142      127      104      110       92       86       80       99       89       83       73       73       65
       49       63       55       60       67       77       71      101       93       94      113      119      133      143      150      144      170      165      221      213
      225      199      240      264      291      326      383      403      473      454      508      569      616      683      839      917      995     1142     1345     1565
     1796     2108     2491     2999     3757     4817     6381     9027    14268    27453    27026    14482     9055     6475     4893     3835     3221     2620     2123     1851
     1616     1382     1096     1014      875      835      709      650      654      539      490      430      417      352      335      269      277      272      233      241
      224      207      144      177      169      155      154      138      127      103      102      116      100       85       65       91       65       78       61       59
       54       54       59       69       87       88       97       75       90      105      125      108      124      150      140      139      181      189      204      187
      195      243      251      304      326      331      329      402      452      457      506      618      665      743      799      922      977     1195     1325     1595
     1796     2005     2507     2871     3715     4554     5754     8175    10766    13937    14390    11094     7863     6081     4687     3624     3063     2512     2024     1832
     1554     1345     1155     1067      938      777      730      595      581      536      485      434      344      361      307      297      273      252      242      224
      213      201      182      169      175      158      150      127      105      110      122      113      101       96       93       61       90       69       65       60
       47       57       60       82       66       87       81       79      108       96      112       97      109      129      136      165      153      152      177      225
      215      237      253      283      299      295      320      402      457      499      495      580      656      726      866      888     1083     1154     1283     1547
     1729     2005     2447     2792     3382     4087     5150     6567     8032     9151     9208     7999     6490     5256     4125     3392     2840     2496     2011     1762
     1510     1354     1159     1010      885      810      762      702      575      498      467      440      401      375      346      315      273      241      256      218
      201      187      172      149      144      127      137      134      112      123      114      100      111       74       70       68       78       77       71       48
       54       71       63       66       92       54       80       73       87      106      105      102      135      146      146      127      163      141      178      214
      219      240      239      291      282      328      384      387      424      540      486      561      661      721      783      846      956     1172     1274     1390
     1660     1880     2320     2615     3145     3727     4325     5156     5925     6499     6654     6012     5371     4429     3699     3075     2665     2238     1968     1673
     1525     1187     1128      975      862      755      789      623      579      531      478      437      405      339      319      309      307      265      245      215
      222      197      193      175      146      145      120      138      122      112      120       84      106       86       84       93       64       72       66       60
       66       65       60       60       65       72       86       80       99       95      101      125      125      146      132      146      157      172      201      232
      207      240      257      268      264      322      320      372      420      475      484      569      670      736      729      845      958     1060     1194     1314
     1619     1823     2162     2408     2725     3245     3702     4209     4744     5006     4949     4927     4283     3739     3213     2791     2405     2105     1800     1618
     1447     1224     1096      928      801      750      670      582      588      507      456      425      419      388      302      329      277      260      237      223
      216      180      141      185      152      149      119      112      135      138      114       95       93      104       90       61       71       62       53       74
       53       70       73       80       64       95       73       73      102      128      102      103      143      157      156      163      158      182      165      205
      219      182      213      252      280      324      315      363      409      457      485      550      582      657      712      847      859     1033     1140     1273
     1448     1702     2008     2174     2522     2860     3198     3579     3780     3912     3973     3824     3545     3106     2806     2342     2172     1963     1731     1461
     1297     1170     1090      928      808      723      668      628      558      522      459      450      363      335      312      291      282      287      241      211
      206      193      166      183      172      133      124      122      120      106      108       92       80       83       88       66       68       70       70       49
       49       68       65       61       71       97       83       67      101      101      130      119      121      124      126      143      157      170      175      173
      220      215      262      251      292      321      325      364      423      463      529      529      502      662      653      824      891      967     1027     1283
     1340     1550     1800     1965     2182     2462     2765     2922     3068     3207     3145     3182     2927     2671     2426     2102     1941     1715     1567     1348
     1263     1038      983      892      786      697      649      625      536      470      425      403      393      354      312      275      267      275      251      198
      209      192      190      150      129      117      119      130      103      105       97       96       81       67      103       72       68       63       77       46
       54       53       72       65       83       84       77       80      110      104       94      120      121      125      128      141      162      180      187      211
      198      205      247      284      298      275      301      366      381      421      463      494      575      596      689      784      874      961     1061     1075
     1206     1397     1553     1656     1928     2145     2277     2400     2547     2714     2658     2576     2490     2234     2112     1968     1768     1550     1455     1220
     1184     1017      928      836      789      687      660      592      511      458      464      404      377      344      311      298      253      264      242      212
      190      177      205      137      148      130      130      117      101       96       81       91       81       88       90       67       77       70       44       55
       58       60       64       56       65       87       84       96       87      101      106      106      121      127      138      131      155      167      184      193
      185      198      219      254      258      284      301      340      369      429      426      511      545      619      598      691      745      794      921     1059
     1187     1337     1429     1574     1684     1926     2022     2114     2206     2222     2234     2149     2166     1956     1781     1673     1540     1403     1299     1223
     1008      925      891      856      754      673      636      530      490      442      435      361      359      344      321      265      271      251      214      207
      187      195      180      147      139      137      117      130      113      108      109      112      114       87       74       69       73       62       65       54
       44       65       71       58       73       75       86       84       83       95       87      108      125      138      142      144      147      154      183      200
      192      178      220      225      262      304      305      337      377      381      468      438      510      603      551      687      748      818      846     1023
     1059     1217     1352     1470     1533     1640     1779     1905     1817     1904     1871     1853     1809     1677     1569     1469     1354     1320     1242     1115
     1013      899      844      758      701      668      621      554      476      450      404      380      354      287      292      279      234      235      238      196
      181      151      183      167      138      129      126      104      136      113      101       76       87       99       74       77       82       61       59       48
       59       55       77       74       74       68       78       66       84      100       81       86      122      139      137      136      120      164      180      168
      198      183      196      261      243      272      307      305      367      428      423      427      515      561      574      589      705      747      832      859
     1025     1071     1153     1253     1356     1337     1547     1552     1596     1669     1604     1629     1609     1456     1443     1391     1256     1127     1094     1028
      880      816      768      704      615      587      556      495      483      438      377      356      355      315      291      280      216      244      214      228
      162      155      170      133      132      118      141      102      105       98      104       72      101       86       62       61       68       59       70       49
       55       61       49       71       63       90       73       60      109       82       97      112      110      130      146      121      125      185      168      169
      219      196      221      232      254      275      290      368      342      349      411      464      435      527      542      562      657      738      757      875
      892      964     1074     1214     1205     1284     1386     1464     1410     1463     1459     1475     1356     1466     1272     1199     1155     1003      956      880
      891      817      727      672      618      594      553      472      455      394      378      365      334      286      270      255      249      222      205      197
      179      184      162      145      153      140      122      118      113      111      100       87       87       74       85       85       87       68       53       56
       53       56       67       62       64       86       64       92       74      102      112      128      114      142      125      147      144      154      155      186
      172      202      204      251      254      243      316      326      312      361      368      461      479      498      561      580      604      606      723      818
      860      933      955     1014     1041     1164     1189     1193     1223     1231     1254     1246     1243     1179     1183     1030     1060      987      903      862
      744      748      716      623      555      531      488      501      430      361      381      318      322      305      243      265      235      228      210      183
      175      178      145      143      138      132      121      131      105      103       81       91       81       82       84       72       73       72       62       61
       45       55       90       72       82       76       66       79       85      102       86      110      110      104      125      133      151      147      183      172
      179      190      219      243      221      279      270      301      304      358      393      387      471      469      484      541      581      579      673      696
      810      799      860      917      993     1001     1133     1113     1070     1128     1073     1142     1064     1091     1049      984      970      885      825      759
      742      667      660      580      491      533      526      430      392      409      359      315      320      290      278      229      193      196      171      175
      167      183      136      136      141      138      123      113      102       95      111      101       79       80       77       75       74       61       64       68
       55       51       59       55       75       65       66       96       85       83       98       99      108      122      117      142      153      143      145      145
      202      191      191      225      229      274      267      295      326      296      329      337      409      450      476      511      523      589      624      647
      680      713      816      810      832      913      916      976     1023      955     1010      956      947      960      883      936      849      818      758      697
      656      627      574      537      472      493      407      399      391      372      354      342      318      280      257      239      217      194      186      197
      163      148      134      132      109      119      106      109       97      108       97       76       65       73       74       71       75       60       65       40
       60       79       62       71       68       73       65       69       94      105       93      111      110      116      114      125      121      134      145      167
      183      211      219      212      248      244      262      258      267      323      343      392      379      380      449      442      513      536      595      588
      648      695      718      685      821      857      831      876      899      900      909      869      870      807      851      746      744      780      689      649
      602      581      499      530      478      422      398      426      356      344      323      293      282      262      233      228      215      206      170      176
      159      172      162      127      118      115      122      119      103       97       74       92       81       82       64       73       69       72       49       44
       48       66       69       63       58       73       74       99       74       85       89      107      102      100      112      117      130      154      155      168
      145      180      172      205      201      234      273      258      257      326      302      311      368      370      422      433      464      520      534      569
      595      655      679      681      725      738      775      799      784      730      763      775      806      762      728      711      712      683      620      587
      582      529      484      500      442      415      365      367      370      335      283      279      295      205      255      207      232      174      197      146
      140      139      132      121      113      128       95       96       90       83       94       94       90       70       90       57       78       63       65       52
       54       57       53       50       59       65       69       74       90       80       87      100      109      102      115      124      122      138      153      159
      173      196      184      203      192      222      225      250      270      306      293      322      312      370      403      427      448      476      490      551
      598      574      601      637      608      702      675      692      709      701      704      729      724      705      679      681      627      628      581      548
      549      500      469      419      383      396      364      350      304      304      265      254      248      242      226      217      185      186      177      169
      149      129      111      128      119      109      111       95       85       96       97       66       97       68       74       45       57       49       43       53
       54       57       85       57       63       61       80       77       66       94       82       99      106      106      105      124      127      134      144      142
      156      163      189      189      179      202      233      248      275      263      281      305      282      302      375      366      411      464      461      462
      501      524      557      560      609      645      640      611      601      634      649      630      612      627      584      606      600      523      532      523
      483      460      398      446      377      380      357      313      298      285      295      262      224      227      211      197      196      169      181      171
      161      132      137      124      115      103      106       94       94       81       81       70       65       74       80       72       57       48       55       52
       44       49       61       51       76       61       67       60       85       78       73       87      100       99      108      107      147      135      130      131
      164      163      171      160      195      183      244      251      230      256      279      320      312      307      353      384      384      402      419      434
      452      488      470      510      558      518      619      553      569      568      617      538      578      552      518      526      497      492      488      453
      457      405      384      420      361      352      302      330      262      279      240      264      231      215      203      204      156      188      155      168
      153      136      116      119      115      100      126       96       93       75       77       79       70       76       69       72       74       41       58       48
       49       50       44       63       64       69       63       77       79       91       90       86       89      100      103      116      129      118      132      124
      155      143      184      183      192      186      204      230      224      258      282      274      312      336      314      364      368      367      379      420
      413      464      488      453      482      490      566      547      532      497      510      502      529      504      498      486      473      468      426      425
      401      398      387      335      347      310      314      287      262      288      247      226      199      187      201      158      158      175      157      150
      148      135      125      129      105      101       89       96       79       88       77       86       79       64       69       62       51       57       56       49
       51       59       33       51       62       63       59       67       75       77       77       75       79       97       90      106       94      128      147      129
      156      137      124      169      189      183      177      226      218      222      254      295      268      295      342      290      326      316      403      384
      376      429      441      451      481      457      473      463      440      479      486      453      493      458      452      481      418      431      401      413
      397      391      338      329      325      354      310      283      302      266      201      203      225      185      202      185      164      177      159      136
      135      156      129       98      123       91       91      120      107       76       80       90       85       73       74       57       56       42       57       46
       43       47       53       64       70       64       45       59       67       85       81       86      107       87      110      103      118      104      118      132
      131      142      142      153      174      175      218      228      214      214      228      215      227      256      282      326      315      314      359      338
      374      409      406      417      424      439      433      431      421      421      428      455      420      421      423      383      399      401      375      373
      386      362      363      328      272      278      256      270      269      212      218      234      186      195      173      157      148      165      143      128
      121      119      115      125       88      109      101      104       78       94       65       68       63       79       70       73       55       48       70       50
       43       52       50       47       58       83       63       54       66       80       75       73       76       97      101       93      109      113      112      128
      129      121      140      146      131      182      198      198      193      214      217      212      221      278      241      276      270      294      303      367
      348      359      357      365      376      397      390      383      402      381      400      394      390      425      368      375      354      339      330      353
      351      318      335      272      322      274      269      246      238      199      234      198      171      168      184      134      179      139      143      124
      113      110       93      101      100       86       87       84       68       87       63       68       71       68       54       60       70       59       44       46
       63       46       41       47       52       48       58       74       67       82       85       75       97       92       88      100      104      111      100      109
      125      117      141      147      155      154      185      207      184      195      188      238      224      232      221      280      308      314      285      304
      320      321      334      366      317      352      316      353      377      410      379      361      404      383      376      360      347      324      338      339
      314      299      286      272      265      224      249      244      226      209      199      192      184      167      139      134      167      112      131      122
      146      118      103       88       98      109      103       95       90       78       80       67       65       66       55       56       70       39       45       51
       58       51       53       52       52       67       67       61       73       68       76       67       75       90       92       91      102       97      112       94
      144      133      124      157      142      168      151      154      189      218      197      209      247      212      222      235      256      279      272      288
      293      292      301      302      345      316      364      309      343      404      352      335      341      366      331      304      347      309      310      275
      291      275      233      246      269      237      224      224      199      206      180      190      166      159      139      151      148      115      134      118
      119      128      100       97      110       88       89       94       81       86       75       59       57       45       53       67       49       45       59       61
       36       42       67       57       49       54       75       59       75       67       84       88       84       77       83       93      109      100      108      112
      114      131      119      120      132      139      165      178      169      173      203      195      209      195      222      226      247      253      254      280
      282      316      263      301      302      286      314      300      320      285      319      334      306      310      315      266      264      291      268      281
      262      236      277      197      254      223      226      204      236      189      171      185      172      156      150      155      156      125      101      137
       96      105      101       86       84       82       86       86       63       66       57       79       68       57       55       61       46       40       49       48
       40       46       37       55       62       51       56       59       67       56       75       77       73       85       78       83       95      105      109      112
      109      116      117      124      137      160      158      157      200      164      171      180      201      212      239      202      237      242      226      229
      284      241      287      288      287      282      305      279      268      266      268      305      308      288      263      269      294      249      264      261
      264      233      231      220      202      182      171      161      175      169      157      164      145      138      141      132      135      106      110      112
       93      121      109       95       81       82       81       75       60       66       71       66       53       53       49       65       49       48       45       37
       63       44       46       33       54       53       60       55       53       66       65       80       82       83       91       75       76       93       87      110
      110      108      124      114      139      145      160      138      164      154      168      174      177      171      198      201      218      220      243      241
      278      220      260      276      269      267      249      278      251      258      273      255      250      279      256      252      289      252      245      246
      235      231      218      196      218      182      195      200      175      157      183      155      148      153      125      128      121      140      126      115
       97      113      106       87       90       73       83       80       78       91       60       53       70       54       48       64       43       45       45       41
       49       55       55       42       35       43       59       42       54       63       71       68       83       82       86      113       99       75       97       98
       80      107      110      110      119      122      126      136      163      154      151      142      143      162      191      220      199      205      201      208
      236      229      227      214      214      228      269      259      237      236      236      231      259      239      216      211      229      222      208      198
      211      173      179      179      178      172      183      157      155      156      129      146      129      131      131      115      130      130      116      104
       97      105       89       78       72       97       92       82       71       67       80       61       48       46       49       50       35       56       56       39
       33       42       41       48       41       43       40       64       45       66       69       70       73       82       93       78       80      104      101       87
      103       94      106      112      132      103      126      147      124      157      133      136      160      163      173      189      187      182      200      210
      215      241      180      232      235      211      242      234      218      234      207      222      248      208      205      193      226      203      188      194
      191      173      198      191      209      152      170      156      149      148      140      129      129      148      123      133      116      112      107       92
      110       80       77       72       77       79       69       72       83       61       57       60       58       62       52       56       53       48       50       44
       40       53       40       46       41       40       46       53       51       67       67       85       64       55       82       76       76       75       92       97
       91       89       89       99      105      104      113      129      122      129      148      157      153      135      148      188      144      172      188      172
      186      219      181      197      195      234      238      203      213      225      221      242      225      189      198      200      170      207      207      177
      184      162      185      171      170      152      157      153      146      139      137      131      121      112      122      108      114      101       90       88
       87       85       73       90       74       79       75       76       71       71       54       61       46       53       46       47       48       46       44       43
       48       41       50       62       44       45       49       68       61       61       64       79       75       72       74       65       70       95       79       93
       83       87       88       96      120       85      111      119      101      132      134      130      136      146      150      155      162      164      154      213
      204      168      189      198      197      214      180      203      207      220      186      225      197      204      199      231      198      202      174      205
      178      133      150      152      165      152      144      142      137      118      145      125      127      129      115      104       94       93       83       75
       91       77       74       75       56       71       77       74       60       73       52       48       51       40       48       47       57       44       45       34
       37       47       47       45       52       35       54       33       57       67       54       85       72       64       81       76       71       69       79       93
       94       76       96       86       99      105      104      111      106      110      127      136      117      133      149      153      166      160      166      164
      160      176      180      182      173      183      164      176      166      193      206      202      179      191      169      182      187      210      172      162
      171      171      160      157      123      140      142      124      141      130      111      135      120      111       87       94       79       79      105       83
       87       92       74       80       87       63       63       65       65       65       57       62       52       45       46       41       52       41       44       39
       29       37       53       46       43       49       51       46       57       52       55       46       51       67       58       73       66       82       80       84
       83       82       99       89       84       90      110      102      113      123      119      120      115      150      134      147      148      141      147      160
      169      193      167      162      158      144      163      150      170      168      170      159      167      168      191      160      186      137      152      186
      155      141      150      143      135      163      118      149      114      121      129      110      101      118       99      101      113       90       86       98
       74       88       77       74       67       64       76       62       55       54       54       49       58       51       43       47       46       38       44       47
       40       41       32       44       30       40       47       38       61       46       55       54       54       53       61       79       67       76       74       84
       67       88       98       78       83       80      109      105       95      126       92      123      112      110      102      149      133      137      134      143
      163      169      130      140      167      140      135      149      141      151      153      166      159      162      156      173      158      150      152      132
      164      159      126      135      133      142      104      128      139      122      105      114      103      107       94       87       94       79       90       86
       80       83       84       79       68       63       54       58       63       48       45       48       57       42       49       50       35       38       37       36
       42       37       37       39       51       37       51       45       52       52       47       46       53       55       61       87       82       70       82       83
       85       77       60       85       89      106       95      100      111       98      114       96      108      127      120      143      127      121      108      139
      145      129      163      152      137      147      153      133      150      164      143      173      140      143      152      140      143      148      160      157
      132      137      139      117      137      123      108      125      116      107      110       87      104      104       89       95       85       73       94       83
       68       72       64       59       66       55       44       59       35       41       54       60       48       45       49       49       30       48       34       26
       36       41       44       38       54       41       35       50       42       45       45       51       51       52       52       50       63       68       84       81
       76       67       80       72       83       80       92      100      103       93       91       98       80      109      113      106      132      117      119      155
      145      145      139      130      150      151      154      163      149      139      161      127      153      141      125      163      130      150      134      124
      115      121      131      108      123      128       92      103      112       99       80       92      115       69       95       73       92       82       69       91
       57       49       54       62       63       62       60       54       46       52       47       58       50       46       49       41       34       30       41       43
       31       40       46       33       43       35       30       49       39       42       40       49       66       56       58       68       68       64       66       73
       80       80       83       76       77       81       94       75       89      109      102       95      116      109      115      104      129       95      117      121
      130       98      122      137      152      174      130      149      131      156      143      146      140      130      139      127      125      122      139      120
      136      127      119      116      122      124       99      105      108      106       98      100       87       62       85       79       83       60       81       76
       77       78       55       49       67       59       52       54       47       61       45       56       44       43       51       33       37       45       34       22
       23       32       41       43       37       42       44       47       41       37       52       46       54       52       41       58       56       73       61       72
       62       73       84       68       77      106       88       83       94       90       90       77       92       98      110      117       96      114      101      132
      104      119      123      137      110      111      123      120      150      136      125      133      107      109      104      132      123      126       94      116
      132       98      104      116      105       95      103       95       87       91       98       78       73       74       91       81       82       75       87       60
       79       60       67       66       61       58       72       51       49       59       46       32       55       42       46       38       44       26       35       36
       29       28       33       32       34       48       40       43       35       45       46       43       44       55       51       52       48       42       70       64
       75       77       65       76       58       66       87       90       89      116       95       85      100      100      108      115      101      101      103      100
      100      124      118      119      111      118      121      118      125      115      123      138      124      114      109       97      104       96       96      118
      109      108       99      107       86      107       99       95       83       77       66       85       78       64       72       77       87       60       58       57
       82       82       60       47       56       60       68       44       48       53       44       46       40       43       27       29       37       24       27       32
       37       37       32       38       40       38       33       50       50       40       55       45       48       51       42       51       50       57       53       52
       54       70       69       58       58       61       69       74       85       72       79       79       82       90       89       72       85      107      101       99
       85       99      106       91      113       94      118      109      105      122      120      115      114      106      116      111       92      106       95      124
      108       95       84      105       82       79       85       88       83       99       75       74       83       75       81       62       68       74       52       65
       77       60       73       64       52       49       50       48       57       44       47       41       55       40       32       38       43       41       32       27
       34       31       31       37       33       31       40       35       49       39       44       37       60       48       40       47       41       36       65       54
       53       51       62       73       88       76       84       86       84       74       81       86       71       79       89       78       89       87      102      108
       84       91       89       96       89       94      115      110       98      118       91      107       90      110      113      100      104       93       90      105
      106       84       90      104       89       98       96       84       72       87       81       82       72       80       66       66       65       62       60       58
       70       59       69       65       50       56       60       44       46       57       39       33       38       42       26       38       43       34       36       31
       35       41       24       27       36       36       35       31       47       46       38       44       37       48       57       50       56       45       64       41
       49       72       61       89       67       58       70       82       62       78       78       72       77       74       90       80      102       85       69       79
      104       91       96       93      109       92       87       84       77      101       91       91       85       89       97       90      107       90      103       95
       86       86       86      102       73       85       76       80       91       62       80       59       59       85       68       57       65       55       57       70
       46       72       46       59       41       53       46       39       45       47       47       32       45       31       38       41       22       30       32       29
       24       30       27       41       31       39       31       33       52       39       49       50       49       57       53       57       49       46       54       59
       49       57       62       51       63       76       62       79       69       61       92       55       68       84       60       83       78       89       91       80
       86       76      104       99      105       75      102       88       87       92      102       84       84       80      106       92       98       83       89       86
       90       85       54       80       69       81       83       58       87       72       59       74       61       69       52       64       52       40       64       52
       57       63       54       50       45       48       42       42       29       39       39       31       40       38       40       36       32       29       21       37
       31       17       28       37       37       33       33       31       45       36       37       46       29       46       34       41       44       52       53       58
       48       48       53       70       52       51       69       69       56       68       77       77       73       77       56       68       66       81       80       65
       70       85      104       89       76       86       86       96       83       82       99       97       84       91       94       82       86       91       92       93
       80       81       80       91       79       85       98       64       57       71       74       58       65       58       59       69       49       53       54       55
       44       48       51       34       42       58       44       45       44       38       53       33       19       34       34       42       28       27       26       30
       26       22       24       29       31       33       35       36       51       41       41       44       48       49       57       42       58       43       55       54
       51       69       49       71       54       51       40       58       66       57       67       86       69       74       63       70       82       92       75       52
       78       68       84       79       93       81       73       84       86      103      106       62       87       80      109       80       87       87       96       90
       90       69       97       60       78       71       90       69       68       59       77       60       51       68       67       54       46       54       49       50
       44       29       39       32       46       37       40       32       43       57       36       28       42       48       31       34       24       52       29       17
       25       27       32       20       33       35       28       37       39       28       40       35       38       35       32       50       46       40       39       43
       56       38       60       55       55       53       52       64       56       55       77       69       71       78       57       70       70       69       74       75
       85       90       70       74       70       82       53       84       83       84       78       66       81       70       66       78       84       73       84       77
       92       65       69       85       69       66       64       72       59       48       59       54       62       48       50       52       50       66       64       53
       57       48       40       48       49       39       40       27       44       25       34       25       20       33       47       30       33       33       38       27
       29       30       26       33       32       32       37       27       32       31       36       45       51       38       41       41       50       42       51       54
       42       35       53       50       48       63       52       51       66       58       68       61       61       47       58       74       75       60       69       59
       72       85       75       70       69       74       56       85       75       63       50       94       68       75       78       86       65       79       94       66
       72       48       71       70       71       63       56       55       60       66       74       49       53       51       60       63       53       60       43       46
       52       46       52       41       39       53       38       34       34       27       46       19       32       47       43       21       35       29       35       21
       27       21       25       30       24       36       32       36       28       24       32       35       39       39       35       35       46       36       49       49
       46       56       32       44       58       49       60       40       51       51       53       74       49       70       53       54       57       73       62       60
       64       58       86       59       74       76       76       77       72       71       64       64       71       83       68       58       69       74       65       65
       68       74       73       75       53       60       44       66       60       58       50       60       50       50       51       50       48       52       42       52
       45       37       36       56       30       29       44       37       32       38       31       26       27       32       29       37       27       33       34       23
