       23       26       39       31       34       34       27       25       31       29       47       38       47       50       40       39       55       42       41       46
       69       52       66       56       56       60       59       65       54       50       64       75       68       58       74       56       77       65       63       74
       75       61       71       68       71       78       82       65       86       74       68       50       79       75       79       68       72       78       58       57
       72       66       68       69       72       58       74       62       52       60       58       57       68       53       54       44       60       60       41       56
       52       46       36       29       32       34       54       33       41       31       30       36       35       38       29       40       29       27       31       20
       34       39       15       24       32       32       36       43       33       34       41       42       52       45       40       35       39       45       43       50
       59       49       53       54       66       57       57       73       79       59       50       79       72       65       75       73       71       75       71       69
       85       93       79       74       83       70       82       87       80       97       66       84       77       93       60       69       72       95       76       84
       81       60       79       79       57       74       63       61       74       61       49       69       59       56       61       48       55       44       63       38
       40       36       43       49       43       44       45       34       32       38       41       38       29       33       29       34       34       36       34       27
       27       24       38       25       41       26       45       40       53       37       35       42       46       46       44       32       43       44       51       52
       48       68       51       59       58       63       49       65       69       67       77       70       74       62       73       79       71       86       73       75
       86       69       80       78       84       93       69       96       97       87       78      114       87       86       79       70       84       74       82       73
       90       67       79       81       77       65       71       69       66       81       51       61       72       80       71       58       64       61       51       50
       51       55       37       59       34       49       51       41       42       43       29       45       38       37       36       32       29       35       31       31
       35       28       25       25       31       27       43       41       38       25       43       46       36       61       58       42       46       40       42       52
       46       53       49       56       77       73       68       62       59       73       65       67       59       72       62       83       77       84       62       70
      108       90       93       98       81       88       80       79       98       92      102       83       89       85       81       80       84       92       85       87
       82       93       81       70       76       81       88       80       74       97       69       57       69       42       72       70       62       62       58       71
       43       49       49       52       57       39       56       51       49       43       40       34       42       31       36       30       36       29       27       31
       26       24       51       34       33       22       38       44       33       26       42       50       46       49       56       41       60       58       46       60
       60       70       46       49       74       73       75       69       47       67       70       77       93       88       73       73       73      105       94       72
       89       89       83       94       81      109       98      109       83       85      119      111       99       99       99       91       85      100       81      103
       74       94       89       61       71       77       78       56       66       85       97       68       62       58       64       71       58       50       63       45
       57       65       71       48       50       51       54       57       37       39       28       41       45       30       33       29       42       27       29       43
       42       41       30       41       43       44       41       41       50       41       44       58       44       49       50       50       58       63       47       72
       63       51       68       73       73       80       71       62       72       73       83       81       90       81       84       93       90       98       91       88
       91       90      100       87       83       89      100      103       81      118       93       93       97      112       97      103       72       74      104      108
      102       89       89       77       90       84      103       93       77       68       82       59       63       67       67       62       71       57       58       69
       66       49       51       42       45       59       49       41       41       39       35       44       41       45       37       41       37       35       31       24
       29       28       38       41       42       40       45       40       48       43       51       46       42       49       44       43       66       59       63       50
       42       61       76       57       73       72       69       79       73       69       78       90       72       98       77      107      107      102       90       97
      108      100       96      101       99      104      109      113      117      100      133       90      101      107      104      115       99      116       85       89
       87       96       97      100       85       81       72       81       69       85       81       78       91       87       69       51       64       53       67       50
       70       50       72       44       44       46       43       42       42       54       52       42       42       39       38       41       31       35       41       35
       35       43       30       43       39       47       47       50       31       57       44       50       44       52       55       57       60       57       54       60
       63       60       72       79       66       82       87       79       91       82       95       86       93       94       93      103       82      108       74       90
       90      108      105      106      111       99      102      109      110      119      123      107      103      121      120      104      106      118       98      101
      116      105       96       89      113      106       96       83       90       81       75       73       68       83       69       74       80       70       64       74
       61       53       61       37       54       55       54       55       39       48       40       49       44       34       37       31       36       36       30       33
       36       30       30       42       28       42       44       52       49       46       40       34       50       53       46       58       57       52       63       51
       76       59       83       68       73       71       76       83       80       98      102       83       89       95       88       96       95      119       85      110
      125      117      117      138      131      120      113      100      121      119      124      126      111      104      124      120      114      127      121      105
      114       89       94      104      100      119       89       97       86      115       99       81       69       83       95       70       78       74       78       64
       65       64       60       59       65       40       50       54       59       47       42       46       46       49       33       43       29       47       32       29
       38       26       35       48       39       32       57       41       44       45       56       50       53       51       70       53       48       67       59       70
       58       73       84       73       65       69       86       89       90       87      105       96      104      118       93      103      115      130      111      115
      140      124      135      116      110      137      137      115      110      133      127      134      140      108      141      115      127       99      126      118
      123      131      124      111      124      116       90       88      108       99       74       92       76      101       67       77       88       80       61       67
       62       70       50       62       68       49       54       53       55       52       35       59       56       28       33       40       28       30       42       31
       28       38       42       33       47       42       39       48       51       59       58       50       48       54       56       73       58       56       53       51
       71       74       95      105       89       83       87       84       82       88      114      115      102       82      100      121      114      125      126      137
      116      127      144      136      134      117      138      128      122      139      110      119      125      147      136      131      123      148      145      127
      120      120      110      119      112      115      111      108       96      107      108      104       98       83       95       87       81       91       72       79
       67       71       48       75       56       68       61       44       51       39       46       54       45       39       45       39       36       59       40       36
       32       35       35       40       41       46       45       48       55       51       44       49       44       67       54       74       58       73       81       80
       71       93       76       81       84       88       89       87      103       99      109       98      126      141      130      123      131      130      110      102
      120      130      129      130      152      144      157      142      137      133      124      136      153      151      165      152      132      151      145      138
      148      128      110      119      110      109      111       97      123       98      122       98       97       78       90      101       84       91       78       69
       83       70       78       73       69       58       51       58       56       55       56       44       60       40       46       39       32       35       28       39
       30       39       35       30       48       58       57       33       31       59       59       67       61       50       63       59       91       63       83       73
       55       72       76       70       83       89       99       90       99       98      118      118      137      120      126      122      126      134      149      166
      140      159      150      177      132      162      191      140      136      140      148      152      156      133      160      136      146      121      148      135
      162      138      120      135      137      139      124      137       99      113      124      132      110      101      109       70       76       93       77       84
       79       79       84       63       63       59       63       46       62       55       60       48       47       47       44       36       34       48       29       43
       45       42       42       40       60       39       61       67       73       53       55       62       66       65       65       54       68       66       67       75
       76       85       91      102      116      128       87      117       82      115      118      122      139      122      155      156      154      150      144      161
      164      170      152      175      148      162      177      152      147      165      193      168      135      144      170      167      175      147      154      158
      130      116      156      145      156      124      138      137      112      130       98      115      107      106      110      106       85       88      112       80
       88       67       67       88       68       62       55       45       45       52       65       61       39       57       38       35       39       38       43       45
       43       47       44       43       32       55       54       41       61       51       80       62       59       69       78       68       80       69       72       86
      101       82      101       82      113       87      100      115      119      144      103      103      128      148      125      135      154      149      174      167
      149      158      172      158      164      176      187      172      194      163      144      182      158      180      162      190      182      176      179      164
      160      158      150      142      144      147      141      144      118      115      111      125       94      122      119      131      100       86       74       90
       81       90       92       75       67       88       64       63       59       60       63       58       46       49       31       43       51       45       49       36
       28       28       39       39       49       45       48       51       49       42       72       72       67       70       72       69       75       62       81       79
       89       89      102      128      118       92      113      122      109      108      140      148      152      139      133      163      147      163      177      178
      167      163      211      168      167      215      204      185      187      235      178      180      182      167      183      167      177      226      173      187
      159      186      186      149      130      157      167      146      158      130      113      136      125      114      107      112       96       92      115      108
       77       79       65       70       67       86       83       75       66       71       56       48       52       53       53       48       53       41       31       54
       53       48       43       45       68       40       48       54       48       70       60       68       72       78       75       83       77       88       90       79
       81      101      106      115      108      128      112      143      135      142      144      133      167      160      159      170      187      190      179      211
      196      233      213      202      219      195      208      219      221      202      216      220      195      227      184      181      198      231      213      238
      205      178      185      173      142      172      164      154      132      157      142      127      129      122      114      104      108      102       93       91
       79       81       93       79       65       66       63       83       67       51       52       66       47       58       52       50       47       40       44       44
       39       51       54       40       59       48       63       44       53       57       72       56       57       63       79       89       73       79      100       97
       80      101       90      101       96      122      122      140      143      147      161      141      163      166      158      155      179      166      193      204
      214      199      225      215      200      192      213      201      237      230      228      227      237      209      201      223      193      212      225      209
      187      187      186      173      156      176      160      161      150      139      157      141      149      107      110      123      122       99       98      120
       80       93       93       79       72       66       70       68       53       62       71       71       53       60       53       54       51       50       49       36
       49       43       44       49       55       53       61       53       49       60       68       56       76       96       70       69      106       80       96       92
       93      121      109      130      128      135      142      150      142      149      182      159      160      178      187      202      196      198      201      178
      202      234      218      207      254      222      241      223      232      231      237      255      214      216      223      240      228      225      233      240
      190      219      207      220      171      169      164      158      150      165      135      138      148      145      107      108      101      117      118      103
       99       93       97       73       80       69       67       86       81       74       61       64       49       57       72       50       49       64       46       39
       49       41       64       57       45       45       81       44       81       73       61       80       69       84       86       92       76       93      106       99
       97      111      111      114      110      128      127      130      133      147      172      186      185      176      194      172      190      197      208      200
      231      237      234      263      253      260      245      262      257      235      270      281      243      250      232      230      232      267      221      249
      205      244      216      219      211      193      202      186      175      173      155      160      145      132      136      142      108      121      115      128
       97       87      105       94       73       81       69       67       70       82       62       49       64       60       52       54       46       47       40       41
       35       48       37       51       58       61       60       60       67       71       61       93       64       74       90       82       82       92       92       92
      107      105      106      115      117      125      164      138      148      163      181      161      198      201      212      196      212      260      217      219
      231      260      265      251      252      263      246      269      244      251      242      243      316      252      243      271      292      237      237      290
      229      235      207      213      206      197      175      203      200      180      173      160      155      149      127      124      136      111      119      109
      109      101       95       74      107       71       78       76       80       71       65       61       75       52       62       54       61       50       43       44
       49       72       48       39       62       60       61       66       80       66       72       74       81       86       74       85      126       96      112      120
      124      134      104      143      145      147      138      158      139      133      192      178      215      199      226      232      245      227      255      226
      281      274      270      305      330      278      289      294      308      319      330      307      284      327      306      296      254      282      296      277
      239      237      228      237      227      220      202      208      196      161      209      198      162      146      139      138      131      112      115      123
      110      116       98      101      101       88       75       83       66       82       72       63       63       57       49       62       56       53       34       56
       39       38       46       49       65       66       65       68       64       73       81       70       85       74       71      113      102       93      118      123
      130      125      123      134      129      157      130      165      188      194      174      216      219      195      238      228      247      261      293      294
      278      254      265      289      291      334      310      321      371      326      316      349      287      317      343      307      293      322      269      295
      248      229      250      249      223      222      192      222      178      206      172      176      164      159      159      161      139      162       91      116
      121      118      105      131      109       87       94       84       81       77       78       71       54       76       49       52       41       57       49       47
       35       53       46       52       67       66       59       70       69       57       73       73       88       96       92       97      111      107      135      125
      143      132      163      146      162      158      193      153      181      227      213      237      210      227      254      251      267      265      290      276
      280      315      340      343      323      313      349      367      338      358      328      374      355      358      353      372      329      315      310      278
      294      263      297      290      237      225      231      231      205      199      219      181      163      147      163      144      134      140      127      119
      119      127      104      117      112       94       82       71       74       76       65       60       70       61       47       61       59       55       36       37
       55       62       68       53       74       71       70       79       68      114       72       91      100      104      115      106      101      143      110      120
      157      130      147      156      172      155      166      173      212      194      209      249      235      256      260      255      289      307      256      309
      308      353      329      319      357      384      373      341      376      342      389      358      354      359      366      380      358      366      357      337
      334      327      285      279      260      269      242      250      219      237      204      205      196      177      172      160      152      165      150      141
      116      115      110      107       79      107       76       82       83       75       82       70       84       42       78       75       61       75       50       56
       47       58       50       62       68       71       71       78       87      116       72       73       85      104       84      112      135      103      127      160
      132      154      137      148      178      172      172      193      203      215      240      256      247      270      256      294      313      347      322      333
      359      347      362      375      433      414      457      407      401      462      424      393      423      404      411      434      395      369      357      369
      355      346      331      334      296      244      254      281      242      226      236      202      227      162      188      163      152      158      161      134
      136      122       98      123      107       91       99       87       90       92       80       71       78       60       74       56       60       54       48       57
       50       53       46       64       56       69       73       69       62       84       96       98       94       99      104      113      143      129      109      128
      162      152      149      140      178      178      203      239      236      236      255      253      275      289      299      318      308      343      360      342
      351      372      390      407      447      447      453      456      451      433      432      434      436      405      423      381      430      414      400      372
      371      375      352      329      324      284      266      259      252      250      220      225      201      183      157      177      170      167      159      162
      127      146      124      119       88      104       94       98      101       76       69       75       77       71       61       62       67       61       52       64
       63       72       62       52       73       68       60       64       74       70       88       68      107       84      124      112      116      133      145      139
      155      147      147      153      221      184      178      205      235      226      276      289      282      264      341      303      336      396      363      394
      414      469      414      449      453      458      496      498      513      550      521      488      487      524      461      431      466      463      445      428
      390      398      372      346      354      329      315      261      250      270      232      209      232      218      189      182      158      157      181      139
      147      134      105      102      104      100       98       97       91       71       81       70       71       67       80       78       45       59       57       59
       64       58       47       68       72       85       77       60       90       96      104       81      103      104      101      122      131      145      135      135
      163      175      169      176      177      207      201      242      272      245      257      293      322      341      360      359      352      360      429      439
      439      513      429      500      481      545      517      538      533      570      593      551      558      534      546      542      511      473      478      429
      410      375      386      414      339      343      335      305      303      237      259      237      264      257      189      201      185      185      167      151
      142      124      139      126      115      108      103      105      100       92       88       95       77       75       73       75       59       48       75       51
       51       47       58       66       65       52       70       71       73       83       88       94      106      107      117      117      131      132      126      159
      157      167      191      175      178      245      204      242      253      287      278      307      327      368      341      372      383      392      425      459
      520      540      515      553      575      585      629      614      602      605      600      614      599      577      548      540      546      563      523      517
      461      453      429      426      370      359      346      331      294      309      319      256      257      259      252      184      169      190      156      168
      125      142      119      118      128      102      101      103       99       83       86       78       88       77       72       69       43       57       63       55
       46       52       62       63       88       78       73       85       81       89       88       87       90      113      107      131      138      139      142      139
      182      196      157      222      210      235      211      228      276      310      326      307      330      348      387      406      456      478      478      474
      533      568      563      556      617      632      598      639      688      613      655      683      698      668      634      626      557      594      569      487
      504      507      463      460      384      379      383      317      376      296      333      248      251      225      227      222      196      209      179      152
      134      129      130      152      127      112      122      103       98      114       78       92       76       91       81       78       71       72       88       62
       59       64       66       61       65       74       78       59       87       82       82       98      123       96      133      130      132      141      180      186
      181      191      216      204      204      235      251      250      280      304      331      342      371      392      393      427      439      446      474      557
      531      631      624      652      686      713      664      738      708      770      686      716      736      680      658      670      643      621      598      568
      558      528      487      460      434      406      377      371      382      346      327      309      249      250      241      213      210      208      187      168
      148      159      159      129      122      108      109      120       92       90       97       75       79       79       71       61       59       65       57       63
       49       71       57       68       56       64       84       90       80       88       75       98      101      126      125      144      121      137      153      165
      199      160      180      214      229      256      274      257      305      324      327      353      412      438      424      441      485      579      547      582
      655      637      659      710      731      782      815      907      806      830      829      783      829      745      790      714      703      668      635      641
      593      599      471      456      445      397      391      386      401      376      296      310      304      245      247      209      205      190      173      177
      167      162      162      169      136      149      132      112      119      104       96       84       78       84       75       69       69       66       57       55
       60       82       62       65       66       74       82       59       91       88      104       91      103      105      135      124      146      149      157      173
      183      207      215      235      258      243      284      285      312      312      341      385      418      414      456      508      500      537      576      661
      708      726      766      810      804      793      885      836      890      860      956      914      878      823      843      783      766      763      704      655
      624      595      625      520      519      476      424      421      387      351      350      307      307      300      259      277      243      198      180      181
      175      173      155      128      132      135      118      118      105       96      100       82       78       70       80       75       69       72       61       63
       64       55       57       64       81       97      105       98       94       90      110      124       92      116      116      138      150      155      180      169
      201      217      183      241      250      237      279      297      329      351      367      392      441      475      533      513      570      625      645      738
      783      768      838      891      959      929      921      966     1031     1069     1052     1058      983      912      994      887      877      843      812      726
      658      686      560      575      561      483      421      423      419      345      404      363      312      292      261      239      228      216      202      227
      172      145      156      160      156      132      117      134      119      102       85       97       88       82       82       79       63       72       71       72
       58       62       66       66       74       92       93       99       99      131      121      127      143      112      126      149      139      152      170      193
      174      194      233      240      263      297      308      324      359      354      395      426      450      484      528      567      655      688      708      788
      822      890      970      937     1005     1065     1090     1177     1120     1230     1188     1161     1153     1122     1051      976      991      949      867      820
      786      712      677      600      605      529      503      466      417      435      369      369      325      306      289      235      220      191      210      183
      202      165      181      180      143      148      123      116      133      129       97       98       81       74       82       74       51       73       79       71
       57       63       86       86       82       69       82      116       79      108      127      120      127      142      125      145      171      197      176      173
      206      213      229      241      239      273      310      338      367      365      403      413      496      538      592      617      668      692      783      815
      909      969     1021     1100     1121     1220     1221     1284     1298     1231     1249     1300     1260     1261     1196     1081     1060     1067      929      888
      891      789      700      671      591      585      497      490      443      411      407      379      341      313      287      269      239      218      221      214
      164      189      148      116      161      136      133      143      118      124      111       97       90       93       85       77       87       66       69       67
       69       64       60       79       69       85       79      123       85      120      111      101      127      146      150      142      140      165      152      196
      224      220      203      248      285      299      309      340      381      382      463      459      523      587      595      641      714      733      868      955
      956      962     1150     1223     1228     1298     1483     1500     1413     1484     1406     1456     1422     1401     1267     1242     1178     1121     1085     1002
      916      811      766      722      694      625      563      520      516      443      380      390      356      331      334      249      216      214      252      220
      210      208      184      149      145      143      143      157      111      104       94      101       90       86       80       67       63       61       55       70
       68       62       57       85       75       72       95       89       81      100      114      132      121      147      153      147      157      170      199      209
      203      251      256      303      294      307      302      367      404      447      439      501      546      602      621      700      762      776      968      976
     1031     1124     1244     1286     1427     1485     1635     1660     1633     1748     1641     1684     1618     1441     1471     1406     1315     1191     1146      997
      977      945      765      754      729      656      604      569      467      513      457      418      401      303      338      258      243      268      254      207
      211      196      194      129      158      135      133      108      120       98      112      107       85      107       63       62       80       80       74       63
       71       83       73       82       94       92      100       93       88      117      108      116      129      148      144      174      159      179      193      205
      226      243      229      267      236      300      364      360      402      455      477      566      607      651      707      702      800      869     1011     1075
     1182     1289     1369     1452     1560     1804     1810     1880     2024     2022     1928     1916     1852     1853     1703     1605     1542     1316     1250     1136
     1079      970      876      851      740      729      602      551      531      455      430      396      360      322      320      311      282      269      250      232
      203      185      181      187      151      147      141      155      137      103      104      101      118       93       64       77       98       80       67       67
       63       76       77       77       79       83       95      100       94      107      105      128      124      138      137      147      157      188      204      188
      241      181      254      262      335      309      376      373      432      462      515      539      580      666      718      801      893      912     1102     1131
     1300     1388     1530     1729     1847     2034     2107     2272     2245     2283     2268     2229     2200     2002     2028     1777     1700     1529     1338     1259
     1134     1000     1044      900      771      726      663      606      528      477      468      431      379      370      323      315      276      270      254      203
      230      189      172      155      160      158      135      133      123      114      117      100       99       99       79       71       85       86       82       71
       68       76       74       67       90       82      102       88       92      113      135      131      139      156      177      158      173      175      191      221
      221      237      251      299      300      395      384      402      442      483      505      585      608      734      802      816      939      966     1213     1245
     1431     1560     1752     1905     2075     2322     2381     2540     2742     2697     2697     2605     2534     2471     2265     2074     1806     1681     1505     1297
     1211     1108     1049      914      794      705      707      612      554      504      505      384      392      394      293      302      292      280      248      228
      216      200      183      192      192      171      142      136      147      107      129      100      101      106       86       80       79       66       68       61
       74       77       78       77       92       90       95       93      102      136      128      119      133      115      163      163      188      174      198      191
      213      240      276      280      345      386      385      430      432      465      564      621      677      717      759      832     1028     1126     1184     1396
     1506     1691     1970     2171     2424     2637     2878     3104     3160     3273     3334     3128     2935     2755     2524     2348     2057     1881     1687     1456
     1299     1239     1072      920      903      756      751      660      563      554      466      470      387      386      331      328      303      271      268      238
      221      198      166      169      193      154      136      128      114      106      105      100       99       97      105       73       79       73       73       66
       80       72       81       79       88      100       96       87       93      124      131      124      129      156      157      149      200      209      176      218
      238      280      276      328      322      354      398      416      440      505      515      578      673      715      791      986      972     1143     1290     1466
     1642     1743     2122     2370     2631     3068     3249     3525     3818     3947     3919     3858     3573     3322     3003     2677     2307     2113     1891     1655
     1497     1246     1203     1022      911      793      750      686      586      538      490      401      425      373      369      320      339      293      248      233
      227      219      176      170      170      162      173      154      140      124      115      102       94       92      100       83       68       78       70       69
       77       60       79       89       79       80      108      101      100      122      129      130      141      157      165      166      166      194      226      242
      226      270      300      322      343      362      360      389      510      490      569      657      700      743      838      978     1042     1204     1460     1538
     1763     2056     2296     2682     3140     3508     3935     4262     4709     4857     5011     4716     4324     3968     3431     2995     2599     2295     2023     1778
     1565     1333     1180     1114      951      880      775      706      627      584      561      457      393      389      374      312      329      301      264      221
      248      220      206      204      193      155      136      138      143      112      112       98       98       92       95       99       82       76       58       63
       53       80       69       91       71       90      101      109       85      117      122      133      136      150      166      167      189      208      233      217
      267      255      306      280      338      376      429      428      499      521      566      660      728      762      895      948     1130     1322     1474     1676
     1839     2241     2572     2973     3518     4189     4734     5302     5911     6266     6354     6048     5367     4690     3995     3448     2941     2545     2071     1837
     1619     1378     1221     1074      959      902      803      700      634      583      542      496      430      383      398      349      308      277      281      260
      233      219      200      192      163      137      144      152      128      117      118      114      125       92       88       95       75       73       78       65
       62       83       72       77       83       76       80       94      104      104      117      122      161      165      150      191      189      202      262      270
      241      251      302      322      329      363      402      455      445      530      599      614      728      830      870     1074     1155     1365     1480     1769
     1970     2260     2743     3215     3751     4578     5697     6700     7670     8662     8409     7780     6549     5488     4583     3833     3272     2723     2291     1924
     1677     1562     1287     1097     1025      929      825      756      646      584      528      493      428      366      401      364      341      308      274      250
      241      221      200      179      184      153      151      144      140      123      135      120      120       89       98       86       88       68       78       75
       66       84       75       85       84       94       96       89       99      114      151      138      151      145      142      163      160      213      224      227
      256      243      295      347      340      357      439      463      477      561      612      674      765      859      930     1110     1177     1326     1506     1827
     2065     2447     2832     3456     4277     5208     6831     8553    10507    12345    12319    10562     8221     6425     5353     4245     3512     2876     2420     2053
     1828     1465     1351     1158      995      961      804      808      673      638      524      474      439      391      412      381      313      299      258      272
      232      200      193      192      185      160      168      148      123      128      121      108       94      103      103       93       90       63       76       77
       57       78       82       83       90       92       96      123      110      113      142      128      140      154      179      145      172      227      207      225
      237      276      335      358      361      399      385      435      539      542      603      694      792      857      951     1017     1202     1385     1688     1800
     2072     2577     3139     3729     4550     5778     7762    10557    14985    19991    19939    14701    10174     7556     5833     4587     3752     3015     2539     2123
     1780     1496     1323     1221     1061      969      811      765      695      624      539      500      444      420      378      352      310      262      270      258
      256      216      211      168      190      139      162      155      131      132      122      116       97       93       78       67       65       69       70       89
       71       74       67       91       84       91       81      102      110      136      126      139      130      161      159      210      207      191      217      215
      241      237      302      305      358      360      377      424      509      551      600      703      777      868      925     1110     1296     1357     1582     1830
     2164     2611     3052     3807     4824     6181     8279    11918    19272    43663    42615    19456    11687     8197     6073     4592     3801     3182     2713     2173
     1848     1600     1388     1176     1121      973      854      798      701      603      586      520      445      432      360      340      299      291      280      223
      229      239      179      188      158      145      152      137      122      138      123      115       89      106      104       82       83       68       81       66
       69       62       74       68       87      104       97      101       92      118      130      129      134      139      149      151      175      201      213      252
      262      298      271      313      363      360      415      428      547      534      599      732      766      844     1003     1110     1215     1371     1525     1837
     2135     2575     3076     3808     4787     6137     8311    11877    18913    38778    37658    18789    11453     8090     6114     4769     3781     3255     2580     2067
     1925     1587     1341     1213     1131      966      827      763      671      596      591      480      391      426      363      371      313      317      259      244
      212      249      178      227      171      186      162      151      124      146      121       97       81       90      115       92       76       74       71       66
       66       64       84       75       91       85      105      117      101      136      123      128      126      149      187      187      191      209      214      238
      250      277      283      333      370      350      431      469      429      569      646      682      749      893      940     1102     1254     1432     1550     1902
     2119     2616     2983     3724     4512     5699     7543    10010    14328    18905    18557    13990     9883     7534     5718     4478     3723     3046     2540     2159
     1944     1597     1423     1225     1109      940      902      767      667      636      588      492      452      378      377      335      309      285      287      267
      224      198      207      182      167      153      152      118      129      119      111       93       96       87       83       93       99       66       63       67
       65       78       85       96       87       75      106       87      101      118      125      129      140      141      171      178      198      195      199      207
      250      251      295      298      330      380      435      438      521      534      588      672      734      873      925     1061     1187     1431     1567     1818
     2100     2376     2947     3517     4242     5173     6620     8217    10347    11900    11628     9972     8098     6543     5237     4224     3494     3044     2451     2112
     1804     1617     1421     1175     1028      899      863      797      671      608      537      506      463      407      369      359      291      309      255      251
      205      222      196      175      172      167      160      146      131      109      112      105      110       93      104       81       80       87       88       61
       54       75       78       88       84       95      104      109      107      135      113      127      153      141      156      190      186      216      207      229
      276      267      297      287      350      343      421      410      513      524      642      654      754      806      920     1065     1192     1313     1500     1770
     2027     2315     2797     3294     3744     4560     5457     6408     7704     8233     8134     7552     6501     5486     4649     3757     3188     2759     2344     2009
     1830     1539     1347     1087     1058      891      795      738      636      621      533      532      492      406      390      404      306      277      263      246
      216      216      217      148      152      170      149      131      132      124      133       94      106       90       84       91       80       70       83       62
       63       71       79       81       98      102       97       92       95      109      111      132      164      150      132      171      178      200      203      223
      236      266      275      325      330      333      419      398      431      528      549      703      751      778      918     1038     1058     1303     1426     1679
     1960     2216     2519     3026     3455     3964     4725     5297     5889     6211     6094     5833     5293     4564     4075     3465     3003     2586     2208     2028
     1728     1434     1298     1193     1009      943      760      725      668      561      549      483      434      378      381      336      286      245      251      259
      217      212      195      184      163      145      156      146      126      139      119      111      109       83       88       90       74       82       63       72
       56       61      100       69       85       84      103      106      101      115      130      116      162      155      169      174      186      202      200      225
      276      271      280      317      326      341      403      426      441      472      620      645      727      772      855      907     1131     1220     1351     1499
     1747     2029     2388     2682     3061     3593     3939     4408     4719     4863     4873     4615     4172     3963     3481     2984     2670     2233     2009     1803
     1523     1407     1188     1070      994      846      778      728      675      609      508      456      442      428      379      332      336      292      283      245
      229      208      176      164      166      158      124      126      128      120      112      112      112      107       94       86       81       76       78       75
       64       56       65       74       68       82      107      119      107      115      102      131      137      162      175      167      198      199      228      215
      249      280      285      294      356      337      334      388      445      483      533      599      674      725      860      904     1048     1228     1341     1480
     1547     1847     2157     2411     2618     2951     3234     3526     3792     3908     3943     3900     3588     3369     2913     2720     2366     2097     1853     1627
     1455     1280     1112     1003      933      839      762      663      644      567      503      434      434      402      362      347      276      283      257      245
      234      199      189      186      187      143      142      141      113      114      128      107      104       95      104       93       85       68       68       69
       61       73       70       83       78       84      101       92       81      113      105      107      161      157      180      158      150      187      207      224
      232      258      272      301      290      354      401      462      428      480      564      574      640      750      835      894      951     1125     1215     1337
     1533     1739     1932     2142     2280     2563     2839     3011     3128     3273     3195     3234     3025     2814     2565     2357     2083     1877     1715     1555
     1327     1181     1055     1076      930      790      706      611      598      577      517      430      463      408      365      311      302      254      249      250
      214      227      180      200      182      136      117      121      124      108       97       95      116       93       81      101       69       74       60       77
       65       75       68       67       80       83       82       94       81      122      137      136      107      159      153      168      200      182      223      211
      276      247      257      294      308      319      353      397      398      438      498      549      639      676      761      848      994     1064     1099     1233
     1452     1485     1806     1898     2097     2294     2460     2612     2687     2776     2802     2676     2468     2360     2204     2165     1838     1664     1541     1424
     1274     1184     1071      967      848      735      733      651      591      535      477      444      425      430      333      342      295      270      271      211
      220      200      197      182      186      174      151      129      129      122      118      111       90       86       84       77       70       76       77       60
       69       62       70       84       77       72       99       90      111      118      118      109      135      138      134      177      156      200      177      208
      190      267      252      278      298      354      368      387      416      447      535      585      572      684      681      824      854     1013     1101     1177
     1252     1406     1600     1680     1819     1959     2055     2173     2373     2333     2366     2344     2176     2153     1911     1845     1647     1535     1325     1325
     1167     1109     1023      882      807      732      706      591      575      530      466      463      448      362      355      324      294      261      214      229
      201      187      169      174      142      149      135       95      127      115      101       72      109       68       76       82       52       81       68       59
       68       62       64       81       81       75      100       78       97      106       96      133      135      146      151      168      170      189      196      195
      219      238      272      301      309      303      327      405      402      438      490      575      567      613      690      769      796      948      994     1104
     1155     1297     1399     1541     1637     1722     1882     1871     2010     1928     2045     1903     1930     1834     1656     1626     1547     1358     1281     1168
     1090      995      955      823      750      653      659      545      515      489      405      424      378      337      320      319      277      220      232      192
      204      191      178      173      148      129      125      126      114      125      121       97       95       74       80       63       69       77       83       55
       63       80       69       72       86       82       82       84      109      115       96      102      122      122      145      152      155      178      159      189
      191      232      219      273      334      342      350      358      378      432      441      558      547      581      661      753      798      851      965     1038
     1094     1130     1209     1342     1437     1550     1560     1694     1718     1694     1852     1709     1615     1578     1510     1445     1332     1229     1169     1084
      985      934      879      790      724      595      626      514      478      483      413      419      380      351      321      296      254      252      243      218
      193      202      200      167      163      146      129      101      134      110      108       84       76       78       90       90       75       66       69       68
       54       57       66       90       64       83       90       94       99      125      111      122      122      131      137      145      171      179      193      190
      219      237      266      288      248      295      319      312      368      422      444      485      542      548      633      615      774      772      827      900
      961     1045     1148     1236     1267     1418     1330     1417     1467     1457     1495     1476     1457     1386     1385     1288     1266     1141     1033      989
      872      877      804      695      738      656      573      548      459      448      433      394      377      341      273      284      243      243      247      242
      207      198      179      164      158      145      133      134      100      128      106      101       92       94       69       65       79       79       63       77
       61       58       71       70       76       71       90       90       83      113      102      110      124      153      143      151      164      182      181      164
      230      213      222      253      290      309      326      353      395      408      458      449      499      551      572      614      716      795      816      839
      908      999     1012     1051     1150     1196     1220     1237     1305     1274     1288     1302     1233     1267     1224     1147     1066     1045      973      898
      822      777      756      622      689      597      528      489      480      420      398      388      313      311      289      249      267      231      209      230
      175      213      174      154      158      130      132      132      104      104       94       94      102       95       72       75       84       66       66       49
       54       60       77       77       69       94       85       67      101       98      109      119      101      132      116      143      157      157      171      208
      194      221      228      262      258      330      313      334      360      378      383      468      460      501      570      587      648      648      702      745
      855      894      926      924     1045     1057     1067     1143     1132     1172     1225     1209     1155     1115     1060     1099     1002      912      903      830
      772      722      654      607      593      558      514      460      431      394      390      329      313      316      297      280      235      253      215      190
      198      168      181      182      158      130      131      125      119      110       91       90       77       89      112       64       70       78       74       67
       50       61       57       71       75       83       80       78       93       94      100      108      108      118      113      127      174      160      152      184
      187      193      246      223      248      284      268      303      343      375      389      415      457      437      510      550      569      628      659      721
      782      766      890      895      930      996     1082     1031     1020      996     1008      973      992     1016     1027      915      909      858      824      741
      641      720      618      608      546      528      522      420      396      441      339      365      340      277      246      230      222      230      215      195
      189      191      171      167      134      136      125      113      117      113      114       85       78       98       65       86       54       69       70       57
       53       61       67       71       88       78       88       85       90      108       78       99       96      116      118      145      160      144      153      219
      191      201      245      257      270      234      284      323      336      363      350      378      451      497      494      503      532      570      614      664
      684      762      775      827      790      876      905      874      939      966      952      899      934      842      863      796      783      737      769      708
      692      669      531      540      510      501      432      407      394      366      329      315      295      304      284      224      230      224      201      193
      189      152      142      142      132      125      144      104      119       95       84      102      102       78       77       70       72       69       66       48
       55       66       60       73       65       66       80       71       86       78      101      112      113      110      133      143      156      136      127      179
      185      210      223      235      230      249      272      292      314      313      345      339      387      429      445      487      572      525      593      610
      657      667      686      733      762      776      823      802      860      886      833      769      738      815      739      787      762      708      726      640
      604      567      537      525      496      426      444      417      376      325      363      314      301      275      226      245      207      214      216      205
      182      150      152      148      131      127      112      133      109       97      106       87       95       81       77       81       53       70       64       49
       51       65       62       79       70       72       73       69       89       97       85      112      115      125      138      122      162      176      156      164
      186      161      198      210      219      230      258      296      319      295      360      349      353      375      432      445      498      493      564      528
      586      594      656      699      713      660      742      746      720      772      730      737      761      715      704      743      666      643      618      597
      577      490      530      456      459      407      412      346      353      325      354      294      255      253      221      255      211      201      178      194
      151      160      149      140      154      113      108      110      118      117      101       91       91       86       83       85       72       61       72       50
       68       53       66       71       79       71       75       75       89       94       99       93       99      116      115      125      141      137      158      172
      174      191      216      205      219      248      247      270      287      293      314      333      359      390      431      415      467      456      540      543
      546      517      569      613      601      624      682      691      694      688      676      663      667      653      586      642      608      584      566      501
      528      500      478      438      415      381      347      352      344      308      287      275      243      276      233      202      183      226      197      164
      157      173      139      135      108      134      117      108      101       91       86       79       93       86       85       69       80       73       51       71
       42       51       54       62       64       71       67       65       86       80       82       99      107      111      126      119      135      131      131      137
      166      177      160      205      190      223      235      252      280      276      297      299      362      321      385      368      428      400      440      460
      528      536      516      552      559      596      632      623      580      622      626      588      604      631      570      565      577      524      537      517
      497      419      448      407      409      384      332      334      330      281      271      269      237      247      235      227      186      174      186      179
      196      134      136      129      106      112      120       96       99      105       75       83       79       75       77       62       56       60       64       62
       46       50       61       63       77       83       69       66       62       80       88      103       84      102      111      108      141      153      144      142
      144      180      171      171      187      188      239      234      264      253      277      297      334      347      315      367      401      373      424      392
      422      524      526      517      516      548      521      574      586      578      534      550      567      545      525      519      531      486      496      484
      443      420      417      359      361      364      320      317      269      248      287      267      231      231      211      206      166      173      184      159
      159      151      154      140      142      128      102      103      102       78       69       82       79       87       67       64       59       65       52       51
       57       55       60       71       58       58       62       67       57       84       71       86       85      102       97      107      125      141      139      124
      167      163      175      167      194      196      203      209      219      286      257      276      316      300      323      385      364      383      399      434
      441      479      478      473      466      513      465      494      501      528      496      488      483      495      526      478      433      462      435      416
      385      412      383      350      371      278      280      297      274      267      303      231      215      234      196      197      210      188      162      178
      156      121      150      143      125      107      101      100       79       83       83       79       76       83       51       65       61       58       62       63
       62       51       71       54       52       70       60       75       66       92      106      101       89       91       78      105      130      118      116      160
      122      149      169      198      190      207      217      230      237      240      257      268      290      300      313      302      318      334      384      385
      390      411      417      436      422      433      432      479      498      470      476      463      443      460      448      437      426      423      388      386
      384      384      399      337      316      306      295      273      265      249      228      191      210      214      196      192      187      174      136      152
      155      114      121      115      114      114       96      108       78       89       78       73       73       80       69       74       63       53       58       82
       49       60       57       58       66       74       66       78       69       95       70       75      104      108      108      110      125      118      123      125
      146      123      170      154      156      190      203      218      199      207      207      244      234      285      291      266      266      319      345      336
      356      369      368      391      421      398      402      412      404      451      434      455      402      372      402      383      407      388      389      364
      355      307      326      308      285      322      260      273      266      227      225      201      199      207      207      173      167      143      170      148
      147      127      126       98      118       95      100      106       82       88       76       77       76       82       61       55       52       59       56       58
       36       49       55       66       61       76       78       74       78       91       93       95      100       93      113      107      114      118      116      131
      109      130      147      156      140      153      171      167      190      195      233      211      237      255      258      296      297      290      306      291
      339      366      351      344      376      388      343      418      421      385      386      386      412      367      321      367      380      386      360      328
      290      287      303      290      258      274      236      249      230      254      182      205      188      165      190      178      149      143      132      128
      109      131       98      112      107       88      100       93       95       89       83       70       85       64       78       71       58       62       51       49
       53       45       66       43       50       69       75       72       66       79       85       64       76       84       65      111      104      109       98      119
      139      143      133      140      143      147      173      186      160      198      189      227      229      253      237      255      292      285      299      283
      261      304      344      331      326      323      329      335      319      326      351      338      349      329      344      317      363      345      303      305
      290      279      275      252      235      248      226      224      209      212      182      175      181      174      173      151      175      157      148      111
      107      121      118       96       94      103       85       93       93       83       68       64       63       77       60       55       67       63       54       48
       52       43       52       48       51       53       69       81       59       42       84       92       73       88       91      102      110      119      112      110
      127      117      138      122      154      140      155      183      198      195      215      192      207      209      224      228      252      242      296      298
      274      280      301      317      315      312      289      331      318      293      335      337      308      338      331      322      310      311      295      272
      265      256      280      264      247      253      210      204      208      182      204      174      152      186      154      144      146      124      112      150
      120      108      116      107      101      111       83       90       79       61       75       78       72       65       58       57       62       58       40       42
       45       35       44       53       79       54       60       69       79       48       81       83       83       82      102      102       97       89      115      120
      108      129      166      156      144      126      158      151      172      227      184      168      204      211      209      241      210      248      251      279
      288      274      260      281      280      283      297      322      323      293      312      331      322      328      318      291      288      286      255      314
      244      263      251      237      226      215      224      209      210      190      168      196      169      179      165      144      137      119      137      121
       94      102      110       91      103       73       70       98       66       79       90       75       57       62       53       44       63       54       49       44
       45       43       46       51       55       64       41       69       58       63       64       76       90       67       91       90       87      116       94      108
      140      145      126      128      129      153      148      149      166      170      191      191      186      208      197      221      229      233      246      223
      255      268      298      250      263      256      247      268      275      346      286      314      285      270      276      270      276      270      229      264
      239      249      204      228      191      199      243      215      190      161      184      156      146      168      140      146      141      119      137      116
      146      114       90      117       82       81       92       66       65       79       79       78       78       52       61       62       66       70       50       61
       68       59       58       57       44       73       58       50       59       60       62       74       64       82       80       99       85       88       88       97
      115      120      104      117      151      137      156      157      152      173      162      188      192      191      171      174      200      218      213      217
      213      229      256      249      269      231      241      258      250      231      266      243      282      258      263      241      246      220      251      223
      238      213      214      229      198      193      180      197      169      142      179      166      118      134      118      129      107      119      106      100
      108      101      106       90      121       87       95       72       87       63       66       72       66       57       59       51       55       54       55       46
       37       40       46       49       61       67       55       62       69       66       63       74       78       78       66       85      106       89       74      109
      120      128      139      111      125      132      140      126      142      153      171      175      174      197      171      184      192      193      222      208
      229      211      227      214      226      235      266      226      244      252      253      231      262      249      233      237      207      225      223      234
      181      236      186      212      198      172      163      162      176      148      158      148      148      127      130      104      119      115      108      112
       89      113       98       80       83       93       78       82       77       80       67       61       69       65       59       56       55       37       40       46
       40       40       54       44       52       50       56       52       74       71       57       73       57       74       80       81      107       96       80       97
      101      103      112      112      116      121      142      141      133      157      164      118      155      166      138      165      164      184      194      181
      192      215      194      195      205      246      202      233      234      220      234      225      209      209      214      208      231      218      190      194
      184      212      180      164      173      183      181      140      143      146      162      169      115      133      128      107      117      103      100      109
      107      105       95       88       91       71       73       86       74       85       64       61       64       53       59       47       51       45       54       49
       38       53       42       46       53       36       53       55       62       70       66       62       62       79       60       87       78       96       85      104
       84      102       92      121       99      129      132      107      117      108      134      169      141      138      154      171      187      163      176      165
      166      213      202      165      214      202      183      221      175      222      226      194      194      220      189      212      195      208      201      176
      182      194      191      172      159      150      163      148      151      168      136      145      137      131      130      116      130      106      105       98
       87       91       86       93       76      101       60       65       76       70       53       70       60       56       48       50       51       39       44       43
       40       49       51       47       49       55       64       54       51       69       52       53       58       70       83       77       77       82       81       95
       78       85      120      112      125      120      127      119      115      138      110      124      122      158      173      156      172      182      174      150
      188      216      173      189      188      174      187      213      184      230      196      200      162      183      197      172      171      170      162      186
      187      155      146      176      154      135      131      165      144      140      120      126      135      123      121       99      106      122       96       80
       81       90       91       83       90       75       85       63       78       63       74       68       62       56       52       61       36       38       39       47
       46       46       45       58       45       52       48       61       57       63       60       66       61       63       81       82       67       89       72       96
      117       94      103      103      108      116      123      136      135      117      135      143      122      132      131      164      178      173      155      170
      166      171      163      171      185      190      187      182      191      183      183      198      173      207      192      164      184      191      184      172
      163      154      150      147      157      151      132      145      144      124      130      110      120      112      108       91       92      114       85       93
       79       92       86       69       64       64       66       65       59       55       61       59       63       56       46       31       47       48       46       36
       38       43       39       43       40       51       44       62       57       55       56       55       59       65       62       72       66       77       73       76
       89      102       83       95       94      106      102      127      137      120      112      128      138      131      147      146      149      156      141      142
      157      160      166      171      178      181      173      144      166      155      169      173      164      169      162      191      167      157      163      142
      163      154      157      118      142      161      134      129      135      119      116      111      128      131      115       89       86       89       82      101
       85       77       68       53       51       55       60       66       69       63       54       60       51       59       48       37       35       37       32       41
       45       31       43       45       46       39       47       47       51       56       45       47       64       90       68       61       80       69       58       81
       77       81       90      104       87       89      106       96      102      127      118      126      106      136      138      145      144      125      131      142
      144      159      151      140      165      174      152      146      164      162      143      192      181      152      158      170      144      148      149      158
      136      128      128      130      135      126      142      105      125       96      103      111       95       87      110      107       99       93       92       65
       84       63       65       74       65       76       53       57       63       40       46       51       33       48       32       44       53       31       38       50
       36       37       36       41       43       40       51       55       60       45       83       58       55       62       64       65       70       88       66       76
       73       79       84       86       91       88       93       87      112      110      135      115       87      113      131       93      114      152      135      132
      137      161      137      147      154      129      155      145      156      132      151      135      160      140      135      166      147      156      124      122
      133      123      123      135      111       95      119      128       80      101      110       93      104      114       93       86       88       93       85       88
       76       81       79       74       76       48       76       60       53       66       46       52       46       58       60       58       56       42       42       43
       33       38       43       35       46       39       50       54       51       55       63       58       51       50       69       67       60       64       56       68
       67       61       76       84       95       95       98      108      112      103       98      116      136      107      129      115      115      130      141      126
      129      118      139      121      133      137      142      122      137      152      139      155      130      145      130      138      141      116      137      130
      117      113      102      133      113      119      130      102      107       94       87       83       82       98       83       72       76       89       82       80
       72       75       74       74       68       62       58       58       51       44       53       39       44       42       40       33       43       35       45       39
       28       45       36       49       32       45       30       55       45       46       48       44       50       58       52       65       54       66       71       52
       66       77       83       72       85       82       67      104       94       92      113       98       98      102      115       94      141      118      133      140
      121      126      134      112      133      134      131      116      137      112      135      130      138      128      108      135      125      119      125       97
      110      111      117      121      122      109       94      117      100      106      105       98       84       90       84       90       78       84       70       68
       73       56       76       63       45       50       69       60       73       43       62       51       50       57       49       52       36       38       41       41
       27       40       32       39       51       40       39       38       56       40       49       59       52       69       52       67       58       66       69       66
       94       79       81       82       74       81       88       91       98       81      106       89       81      121      121      114       99      127      117      131
      122       92      131      127      117      128      112      113      122      130      133      135      130      112      103      124      114      129      102      120
      103       95      130      108      103       97       95      100       86      107       93       80       92       79       80       78       71       78       83       67
       76       67       59       58       52       51       63       53       53       61       44       52       42       42       49       45       45       26       28       33
       20       30       27       33       32       47       46       32       52       36       35       52       41       50       46       53       46       48       53       48
       77       76       72       60       97       82       76       84       97       87       84       89       93       84       99      108       88      118      113      104
       95      105      105      127      111      113      120      108      114      119      109      128      123      105      119      111      123      125      107       91
      104       93       94      114      101      104       96      101       75       81       84       73       71       75       79       64       68       73       82       62
       67       59       40       64       60       64       54       60       43       41       38       48       45       31       48       33       49       44       43       37
       29       27       26       29       42       43       29       36       36       44       41       55       60       39       48       48       54       56       78       56
       66       67       67       72       77       87       71       76       72       63       87       94       86       89      113       90      100      117       92      100
       80      102      119       96      100      111      107      111      114      138      109       81      119      119      110       89      120       78       98      121
       91       83       89       97       97       87       84      119       94       96       76       63       73       66       56       74       73       82       60       58
       57       65       57       49       59       52       49       41       39       46       40       41       51       31       42       36       38       40       43       28
       33       41       35       33       36       53       38       35       38       38       49       50       42       53       53       56       61       52       66       61
       67       53       53       51       66       80       89       94       80       71       82       69       71       71       80       98      107       97       95      107
       89      103      120      114      112      109      122      103      115       95      101      110       94       90      118       98      111      100       98       79
       85       98       85       83       92       88       83       80       68       91       63       71       68       50       63       63       48       64       71       45
       44       52       51       52       46       66       49       43       58       37       41       47       48       40       36       37       43       35       37       33
       30       24       47       34       36       42       23       40       51       50       44       39       44       42       54       39       51       62       67       52
       59       61       51       67       75       84       83       64       66       79       69       81       85       85       69       82       83      101      116       87
      109      103       95       89      115       83       91       88      100      110      100       93      100       91      107       96       74       84       98      108
       95       76       81       94       83       85       87       76       76       89       86       84       79       74       77       59       63       65       55       58
       46       41       50       42       40       55       54       45       53       37       37       33       35       38       46       35       41       35       36       28
       19       31       26       30       35       43       44       41       33       35       46       53       50       49       38       41       36       49       52       52
       61       61       60       58       61       84       73       75       79       70       64       66       67       87      100       86       87       76       89       86
       77       77       95       91       86       93       84       75       92       91       94       87       93       89      102       84      104       83       75       94
       78      101       73       84       92       65       76       74       72       85       80       81       71       59       69       64       65       48       57       64
       55       45       50       48       47       52       40       48       49       43       51       45       30       30       36       50       43       34       26       42
       27       27       22       31       31       41       44       34       25       36       30       47       34       47       47       40       47       44       38       55
       54       49       56       61       49       64       61       53       75       75       71       68       80       77       69       77       85       75       81       78
       65       80      102      100       92       68       81       96       85       82       80      103       73       88       82       78      101       92       82       93
       76       86       59       74       67       69       63       75       76       60       56       62       63       81       63       61       65       69       53       56
       46       54       53       48       52       44       38       53       40       40       33       29       33       36       44       29       34       34       29       27
       30       25       26       28       33       28       15       42       45       43       42       33       36       50       42       36       44       41       40       44
       53       64       61       59       51       58       58       74       79       68       61       72       76       68       74       73       76       88       69       86
       68       78       79       74       70       72       70       68       90      102       77       71       90       97       80       79       88       90       58       77
       57       82       63       74       84       75       80       79       67       63       72       57       64       53       70       51       52       58       46       47
       49       50       52       39       50       44       37       45       42       37       33       29       45       25       40       28       36       30       17       31
       35       24       27       29       28       32       27       26       34       30       24       41       49       43       50       35       41       45       50       45
       37       49       51       50       55       67       77       62       65       58       77       67       71       57       81       63       67       67       64       78
       75       58       77       70       91       68       88       73       76       73       79       61       88       94       79       73       67       67       63       78
       72       73       87       76       65       78       67       45       70       63       69       50       68       62       41       45       62       54       49       44
       42       47       54       41       41       48       31       41       46       31       35       29       30       25       30       28       14       30       21       36
