       16       19       40       29       33       24       42       27       22       33       35       25       38       48       37       38       29       39       44       41
       42       40       42       49       43       41       52       57       62       67       66       51       60       52       70       70       60       79       58       56
       72       60       74       76       62       76       67       77       64       74       67       63       67       78       77       58       69       71       70       68
       69       78       48       60       75       46       47       58       64       67       39       54       52       39       52       42       51       45       41       44
       42       53       54       35       37       36       36       43       37       28       28       25       21       22       32       26       22       26       27       37
       28       28       22       27       29       25       32       30       27       40       35       33       35       49       25       41       62       48       38       55
       44       49       42       52       55       62       55       80       64       59       58       79       70       50       65       69       73       62       64       82
       55       79       77       77       67       68       90       74       86       63       75       57       58       52       64       78       75       75       71       74
       74       67       56       55       58       69       46       59       64       73       53       48       47       63       61       43       58       52       53       44
       41       45       38       43       51       46       40       35       32       38       38       31       27       30       28       28       24       23       28       32
       34       24       25       29       32       28       33       39       30       20       38       53       34       52       39       55       46       48       55       57
       50       50       35       47       62       60       59       49       57       72       41       60       60       53       67       58       67       69       69       82
       66       71       79       75       90       80       75       77       77       74       66       83       59       80       62       67       66       67       79       75
       81       76       81       66       57       70       81       57       63       63       53       67       81       50       48       57       55       62       46       58
       57       51       35       51       45       43       43       59       37       48       37       34       29       36       30       37       27       30       34       17
       23       28       32       25       31       30       25       34       37       34       41       33       38       38       58       34       39       64       37       43
       54       70       43       45       63       62       56       66       71       58       67       68       52       68       62       61       69      102       70       70
       70       78       82       77       78       77       86       88       79       79       73       80       82       91       79       79       87       77       79       78
       80       77       84       67       77       74       75       80       67       62       73       72       62       53       47       51       59       47       46       41
       39       56       48       49       44       48       40       47       44       34       23       34       38       46       35       28       46       22       30       19
       27       26       30       39       30       51       33       32       32       38       29       36       51       44       34       40       57       52       46       42
       67       55       41       57       59       57       66       65       80       58       66       61       77       84       82       86       61       93       72       99
       77       68       86      100       72       88       91       79       92       87       87       94       75       84       87       97      101       73       70       78
       82       90       93       87       72       61       83       85       70       41       74       54       79       74       73       53       45       63       57       55
       50       56       63       47       48       38       57       50       39       28       46       37       32       36       31       28       35       29       24       19
       32       31       25       36       36       29       42       49       25       49       30       45       40       54       45       55       58       57       45       47
       51       59       60       70       62       51       65       79       61       67       71       62       74       96       70       70       92       74       91       84
       66       85       83       68       83       96       76      107      126      100      109       81       88      108       90       88       90       93       86       87
       79       81       64       70       90       67       63       82       87       71       68       60       82       59       82       76       69       71       49       51
       53       59       56       48       33       53       46       40       50       37       37       37       30       34       37       35       28       33       22       27
       36       26       36       35       36       51       46       37       38       44       36       34       52       44       47       46       52       60       53       60
       48       43       64       60       80       69       86       74       58       69       88       85       55       68       90       66       80       82      105       91
       94       90       95       99       96       89       99       91      103      104       89      109       88      100       97      100      102       95       95       92
       84       91       78       84       96       76       80       75       82       80       82       66       64       80       66       74       88       58       66       55
       79       63       49       62       58       41       43       43       44       41       24       40       45       33       32       41       27       30       26       31
       42       28       30       29       35       46       54       29       39       52       43       47       44       51       52       35       57       58       58       63
       78       68       81       66       58       74       78       74       78      100       62       95       79       92       87       95       90       82       94      109
      104      106      103       83       94       95      118      103      109       97      106      111      116      113      110      107       93      106      104      114
       83      111      109       75       83       93       83       62       79       84       79       63       52       89       67       61       54       57       67       45
       63       61       56       47       61       51       40       58       42       47       48       37       41       46       29       53       40       28       27       37
       26       34       35       44       48       49       35       46       37       42       46       53       47       36       65       64       62       50       59       65
       79       62       67       48       53       84       78       97       87       71       86      108       94       94       87      103       81      100       96      116
      102      116      120      116       85      126      109      105      117      107      106      109      105       96      118      106      111       96      104      117
      110      101      112       84       87       93       98       83       73       80       88       78       74       82       68       85       73       65       63       54
       55       50       58       57       67       64       52       58       52       44       34       45       53       38       17       47       31       38       33       30
       30       33       32       31       36       37       45       34       42       41       46       43       58       58       59       70       69       59       61       57
       64       73       65       74       84       72       81       65       71       88       82       97      101       97       91      102      105      108       86      121
       92      122      120      111       83      124       93      121      124      116      104      102      110      132      139       85      107      103      125      115
       98      105      118       95      114       95       96      108       82       95       84       83       94       78       73       76       62       82       62       50
       58       66       59       67       58       51       48       65       47       62       49       49       39       31       33       38       28       42       29       39
       31       52       32       43       36       39       44       47       41       55       59       61       56       65       54       65       54       62       70       52
       74       75       59       87       86       74       92       88       85       79       88       97      101       91       98       94       95      106      117      105
       96      106      117      133      124      125      135      131      149      128      139      158      109       98      120      118      111      124      138      105
      104      120      117      120      117      107       98      111       77       93       77       83       95       83       68       77       72       59       68       71
       51       52       61       56       51       65       56       48       46       48       44       50       46       42       42       35       33       34       39       35
       33       33       39       40       56       40       46       42       44       52       67       50       55       46       44       67       47       88       66       74
       59       73       78       88       63       70       76       91      110       76      101      113       84      102       96      100      120      111      137      124
      102      128      132      130      149      132      131      118      118      136      148      141      121      132      120      129      117      125      122      119
      109       94      116      139      119      109      126       98      102       81      105       94      103       93       96       75       85       76       79       76
       68       68       69       70       60       72       62       59       61       52       57       44       55       37       38       43       33       43       45       38
       29       46       39       42       35       44       48       41       39       49       51       64       53       43       48       47       58       69       70       78
       66       80       83       81      105       87       74       78       83       98      102      104      121      115      118      126      121      129      126      134
      137      141      155      134      160      146      145      122      141      153      146      131      138      127      148      149      136      117      141      143
      135      137      125      127      120      126      109      130      119      107       86       90       77       91       97       82       87       82       67       60
       66       73       75       59       82       63       55       49       46       58       61       51       53       36       55       44       43       28       34       29
       38       26       42       37       38       39       45       49       34       50       58       54       44       50       77       78       75       73       74       71
       84       68       82       93       58      101       85      111      113      120      106      103      104      123      121      124      130      140      161      144
      138      125      161      138      147      143      153      141      156      139      144      170      140      133      157      145      159      140      138      120
      171      146      140      124      137      123      109      114      104      106       98       84       97      111       98       97       76      100       86       77
       69       80       54       58       68       60       66       59       55       59       45       61       49       46       44       38       33       37       29       49
       36       38       30       46       38       49       36       39       47       59       70       53       63       63       65       66       74       67       64       68
       75       79       94       99       84      105       99       89       92      131      109       95      111      118      119      114      112      154      129      127
      146      163      140      174      172      176      163      164      170      173      149      164      160      142      162      167      180      146      176      139
      139      162      154      125      119      130      127      127      132      125      120      119      104      122       93       87      100       95       99       69
       80       81       68       83       77       61       70       54       60       68       61       59       50       55       45       36       44       46       51       34
       31       35       36       37       48       43       44       54       54       50       63       53       71       68       66       64       59       86       75       80
       92       75      101      100      110      104       87       94      113      105      110      114      141      128      144      140      166      145      160      160
      164      146      145      177      165      146      155      146      170      176      173      179      165      161      176      168      184      155      147      148
      171      151      157      173      139      129      132      117      121      120      108      106       91       93      119       94       91       91       87       87
       68       81       77       61       59       63       61       54       68       47       52       56       57       47       45       44       47       44       40       38
       38       42       44       43       46       47       41       43       59       63       56       66       69       68       70       91       80       90       85       70
       95       80      101       92       93      108      114      100      127      132      137      123      126      145      144      139      160      154      152      167
      153      163      164      161      154      169      165      157      197      179      175      174      196      181      190      186      164      199      177      154
      174      167      181      165      134      149      149      142      117      141      148      119      117      116      106       97      105       76       88       88
       81       84       84       71       61       68       69       55       69       61       48       59       50       48       46       35       42       39       44       47
       43       43       38       40       53       60       47       51       46       57       42       68       65       57       79       76       83       76       91       91
       95       90       99       94       99      114      108      128      124      112      135      136      152      150      157      168      148      172      172      161
      200      195      189      169      161      200      201      189      183      191      222      211      214      173      178      189      184      160      190      164
      153      183      171      169      161      128      174      143      134      107      121      114      120      139       87       94      107       91       94       69
       83       78       71       97       67       64       74       50       60       73       48       70       62       52       51       45       35       53       41       43
       45       37       55       41       51       46       68       57       50       60       52       71       75       79       64       78       78       93       95       94
       72       90      119       95      114      100      132      116      161      117      125      134      160      151      167      164      162      200      187      184
      173      194      212      187      195      210      208      226      231      195      239      224      211      207      201      215      214      199      193      176
      182      180      178      188      150      136      147      154      148      137      119      124      117      129      105      113      120      122      104       83
       81       78       69       72       67       83       66       51       60       60       67       60       65       50       62       59       48       50       43       51
       48       40       46       47       46       46       55       57       73       69       69       54       65       71       73       75       72       88       73       89
      112      117      113       98      115      141      140      147      121      138      158      133      160      178      178      156      169      179      200      209
      216      200      238      189      201      214      212      216      227      209      245      230      228      209      219      232      231      206      214      226
      205      160      169      180      167      190      171      156      133      167      143      126      110      141      116      115      117      120       98       95
       84      104      100       86       86       79       83       66       55       53       61       72       57       48       57       48       43       47       49       36
       37       54       53       48       41       61       51       61       53       57       75       64       57       68       87       98       87       89       90       94
       97      101      102      106      117      126      102      123      168      142      164      180      162      174      172      175      212      218      201      216
      181      227      237      213      232      245      245      252      220      250      236      238      249      242      253      234      246      231      242      186
      203      215      204      192      184      192      166      152      162      157      137      151      131      132      120      116      115       92      114      101
      103      104       97       81       78       98       69       74       62       58       63       53       58       74       50       52       41       49       53       39
       39       41       39       54       44       55       59       61       60       59       70       75       82       81       55       82      104       70       98      110
       99       99      117      117      124      144      146      150      143      160      188      168      191      184      157      177      181      209      216      221
      248      211      239      267      250      269      278      249      267      304      255      236      263      252      227      273      247      232      224      224
      240      230      197      185      185      204      195      188      177      164      150      130      152      102      141      133      139      131       97      105
      103       99       94       90       97       88      103       82       69       66       57       63       56       52       59       62       54       48       52       44
       51       45       56       53       53       55       65       61       60       50       61       82       91       82       75       86       87       97      112      111
       94      118      100      106      146      139      152      154      135      154      193      162      194      182      226      202      170      191      237      209
      239      284      259      240      281      250      243      288      278      300      278      297      300      282      262      266      296      246      268      258
      259      235      230      215      225      228      223      196      198      190      159      165      152      135      159      117      126      145      120      120
      122      115      110       97       79       90       82       70       63       66       60       67       59       46       70       63       58       30       50       51
       32       47       48       59       49       50       52       59       62       86       70       69       70       75       94       85      101       86      103      117
      109      113      124      109      155      120      150      146      165      173      209      196      192      233      207      219      220      252      243      278
      238      281      273      271      287      279      282      308      307      315      358      308      301      283      297      284      307      311      280      268
      245      241      231      222      240      240      219      207      180      177      180      157      147      165      143      153      130      110      128      127
      110      116      112       84       85       83       94       75       64       71       65       77       60       58       49       60       56       35       53       49
       37       49       46       60       56       48       55       66       61       67       70       91       89       83       97      100       86      109      114      123
      125      124      111      107      146      168      164      158      183      179      187      217      201      228      239      268      256      247      277      271
      290      258      271      320      296      325      348      323      349      351      333      308      328      342      331      345      321      320      315      275
      291      287      275      276      251      231      199      224      216      201      198      152      167      149      149      165      147      130      149      124
       92      112      106      104       79       78       83       80       69       71       79       69       61       68       81       67       43       42       60       50
       36       43       67       54       52       52       67       75       81       71       75       94       75       87       85      113      107       82      127      123
      102      151      146      142      173      171      164      183      196      190      204      236      226      265      230      266      273      279      283      337
      325      291      293      337      342      348      357      319      358      358      346      389      357      335      373      357      325      327      327      305
      263      277      257      297      283      257      293      231      232      228      203      188      200      175      149      165      131      143      115      149
      101      120      105      125       94       84       80       74       70       92       72       73       61       66       53       50       49       60       52       55
       51       56       51       55       67       43       57       71       70       78       73       92       85       89       96       99      113      114      138      120
      133      153      121      163      147      171      165      197      195      226      222      222      267      266      282      275      285      297      291      323
      349      341      355      389      377      371      400      362      424      464      378      408      359      356      376      380      354      323      367      301
      306      344      322      289      258      274      226      216      239      187      220      173      157      207      182      161      163      132      132      122
      150      101      104      113       84       96       90       92       83       85       84       63       53       70       64       66       54       67       40       52
       45       50       51       50       62       51       63       69       64       68       94       95       87       82       87      106      120      108      124      155
      129      142      152      167      155      199      175      200      238      229      215      244      258      242      313      319      291      328      303      386
      312      369      352      370      410      399      457      436      390      415      419      419      398      432      412      402      389      385      378      342
      335      342      306      312      309      274      265      253      230      221      224      205      187      191      162      175      163      164      126      127
      119      140      123      110       84       91       98       87       87       84       94       70       68       66       70       51       57       51       37       47
       46       38       49       47       55       79       59       87       74       94       76       75       82      105       98       97      113      110      133      146
      163      135      151      162      176      176      186      228      217      228      252      224      282      289      272      299      299      342      331      352
      372      369      363      428      469      447      456      464      499      440      506      494      499      509      487      428      461      416      405      375
      391      400      394      333      313      288      278      286      291      241      232      235      187      172      215      170      171      190      152      152
      126      115      121      119      129      101      104      102       98       78       82       76       72       78       77       61       62       51       66       50
       71       44       60       73       49       61       54       58       80       80       79       72      103      109       97      112      122      136      145      125
      136      168      152      190      167      194      204      231      245      279      258      287      255      288      327      342      355      392      381      408
      421      414      461      432      472      500      517      529      526      508      494      491      473      487      471      472      475      465      474      390
      386      387      375      365      362      338      325      257      268      248      233      214      226      191      198      193      178      168      150      132
      150      140      150      110       95      111      109      101       79       94       84       63       61       49       64       52       72       56       58       56
       43       54       36       57       79       61       57       78       72       79       88       92       92      106      106      120      140      145      133      152
      141      154      183      197      183      205      223      251      236      260      239      295      294      337      376      393      371      368      471      482
      487      477      514      509      521      549      521      579      638      573      541      542      553      532      526      514      512      513      497      473
      414      439      407      388      347      319      328      287      251      305      285      239      215      217      240      212      178      178      179      144
      108      132      121      116      122      111      103       97       78       85       82       78       64       56       67       74       55       42       53       42
       51       53       64       52       48       68       72      102       88       66       95       91      122      109      112      112      116      144      132      138
      169      161      154      193      179      224      223      222      251      303      315      316      329      340      375      380      379      425      465      466
      531      472      561      523      573      592      603      638      644      561      627      623      621      606      616      585      568      523      516      470
      442      436      454      413      405      309      307      318      312      272      271      260      267      209      193      191      186      204      173      171
      138      144      143      132      105      114       91       94      112       87       88       81       84       86       68       55       57       54       61       58
       50       51       62       51       50       64       79       77       72       98      105       87      106       94      112      118      122      126      134      161
      140      162      177      201      202      225      220      252      277      271      278      314      336      364      403      399      442      447      481      549
      561      524      552      590      596      649      664      660      690      705      698      691      685      710      632      636      638      553      534      508
      519      478      457      454      444      397      344      346      339      292      279      239      234      220      208      209      198      183      214      175
      160      148      134      143      126      130      110      112      104       83       82       95       63       99       61       62       63       54       56       45
       62       44       70       59       63       75       66       85       94       98       93      104      103      118      111      134      134      132      157      182
      175      171      189      176      202      236      233      256      283      290      349      344      386      420      409      426      462      482      536      570
      575      642      607      655      692      757      761      729      824      798      809      774      754      719      796      709      674      691      617      614
      531      573      479      497      477      426      367      384      291      352      309      318      273      258      226      244      215      194      155      158
      151      167      138      137      120      132      106      115       85       87       85       73       93       80       63       51       68       61       54       70
       59       59       72       57       69       91       64       93       72       80       90      125       97      121      127      126      133      139      161      158
      158      166      202      199      198      225      293      265      288      310      323      394      393      449      400      452      496      517      552      591
      598      628      747      735      803      798      851      890      842      862      842      872      891      820      779      767      740      708      667      641
      605      555      482      497      523      435      439      354      349      349      290      309      284      273      237      236      216      224      181      171
      171      157      147      151      129      131      105      114      106      101       99       90       67       78       82       61       70       77       59       51
       59       68       47       57       65       64       76       72       85       90       91       88      105      123      137      108      120      172      152      164
      167      161      192      265      235      241      254      270      282      302      348      378      389      421      469      523      552      582      618      681
      656      742      781      754      813      878      921      960      935      931      942      985      922      922      839      820      853      761      692      672
      645      613      609      486      461      435      456      394      397      360      325      327      262      276      245      245      201      216      197      204
      146      152      137      158      124      124      124       85      117      112       76      109       96       66       84       69       76       57       59       50
       59       49       75       69       71       60       66       78       97       84      108      113      112      104      106      129      165      175      148      174
      179      214      222      212      242      244      287      314      339      371      350      396      402      433      454      569      534      610      677      693
      791      812      854      899      913      980     1037     1046     1092     1103     1119     1023     1044     1048      985      930      924      861      775      733
      687      677      622      557      547      497      466      471      406      411      335      333      322      287      248      262      218      238      202      187
      169      153      129      142      129      133      136      126      117       88       90       87       76       65       64       67       62       67       71       52
       46       60       77       55       72       67       70       81       95       75      102      108      106      132      123      128      146      158      177      189
      190      206      215      227      241      282      277      295      350      340      397      426      433      463      565      595      597      653      713      736
      825      873      977      978     1046     1054     1132     1121     1226     1280     1302     1193     1181     1169     1207     1012      958      982      903      795
      738      713      721      630      606      509      466      456      402      410      394      357      306      283      269      249      236      233      197      205
      169      156      136      164      135      121      121      100       97       87       94       84       93       87       76       66       68       57       58       64
       52       64       61       52       80       71       76       89       83       94      105       85      123      128      125      133      133      143      187      161
      206      194      210      243      264      265      305      325      354      390      377      480      461      520      537      582      642      749      775      801
      879      959     1028     1086     1131     1203     1250     1313     1451     1516     1348     1355     1434     1327     1257     1167     1058     1043      965      932
      807      788      713      658      599      548      495      456      439      419      381      329      319      306      279      263      259      229      220      178
      176      199      186      140      125      132      132      105      115       98       98       90       93       81       73       75       68       51       57       56
       63       50       49       60       75       85       77       92       95      101      106      102      127      113      134      130      157      183      174      186
      193      216      243      219      281      326      295      341      346      405      380      458      474      513      611      629      671      805      817      908
      965     1083     1120     1190     1371     1376     1454     1555     1507     1595     1631     1670     1601     1461     1406     1366     1216     1140     1064     1015
      810      843      806      719      612      594      560      501      441      436      364      370      329      315      302      254      237      199      222      183
      207      162      161      136      138      134      125      125       92      109       90      107       74       91       88       71       80       68       58       66
       55       46       58       66       69       87       73       72       90       93      103      105      127      125      129      133      157      148      176      194
      196      218      240      259      268      290      327      375      366      404      405      465      503      523      621      647      703      826      849      961
     1048     1228     1263     1325     1462     1562     1668     1719     1809     1764     1831     1805     1804     1718     1604     1499     1386     1342     1116     1082
      950      933      853      745      673      635      577      443      442      441      443      366      348      326      351      291      254      239      186      212
      175      191      181      150      158      139      146      113       97      126      110       99       88       90       77       60       68       65       70       60
       53       61       66       78       67       78       85       78       87       97       95       95      128      130      140      163      138      172      175      180
      191      224      282      274      266      316      333      361      366      383      436      473      550      624      661      732      773      827      944     1024
     1147     1243     1470     1500     1678     1812     2032     1998     2032     2193     2156     2116     1979     1925     1773     1614     1535     1343     1275     1146
     1026      963      883      848      763      629      585      483      491      442      362      387      369      337      279      262      256      254      196      209
      223      195      177      156      139      164      126      117      126      118       95       95       96       95       83       94       72       63       64       50
       55       63       61       74       73       87       76       97      110      110      108       98      105      133      126      160      154      193      174      223
      212      206      236      249      284      314      296      384      388      420      470      491      533      639      644      710      827      848     1007     1144
     1290     1417     1496     1631     1752     1940     2260     2358     2484     2582     2483     2490     2353     2246     2091     1890     1747     1499     1401     1235
     1160     1034      890      847      770      622      616      530      537      471      410      388      380      369      301      281      275      254      238      224
      214      196      168      148      153      139      135      119      103      102      103      104       91       79       77       83       92       81       73       62
       73       62       77       71       89       92       76       95       80      107      126      111      119      108      120      167      160      175      192      209
      178      253      265      266      283      346      353      396      425      421      483      567      597      667      720      791      889      930     1036     1209
     1318     1429     1728     1897     2094     2310     2545     2866     2990     3161     3168     2910     2804     2632     2313     2089     1899     1604     1505     1385
     1223     1064      955      882      781      696      632      551      542      468      473      398      357      318      280      322      282      230      220      208
      178      195      181      173      147      145      144      129      120       87      119      103       85       88       91       72       71       71       70       57
       70       62       78       63       71       80       95      104      101      104      110      118      126      141      143      162      180      168      162      210
      208      211      260      344      262      320      342      380      452      432      498      545      616      694      699      754      863     1022     1130     1290
     1416     1634     1860     2090     2352     2691     3053     3325     3585     3745     3829     3717     3422     3153     2755     2324     2082     1884     1607     1490
     1263     1178      995      962      822      770      695      657      525      498      485      428      367      379      330      287      281      266      216      203
      217      206      160      162      148      148      137      147       94      108      111      102       92       99       80       74       90       74       53       60
       77       62       79       71       88       76      103      104      102       96      105      113      147      145      138      147      167      175      191      189
      203      242      260      287      297      317      363      395      398      467      469      551      618      684      766      864      901     1034     1237     1315
     1484     1762     1961     2264     2638     3195     3643     4170     4412     4758     4757     4540     4064     3569     3103     2841     2398     2004     1843     1540
     1405     1238     1047      954      788      759      723      652      527      518      469      422      363      331      317      286      262      261      218      199
      223      197      172      140      136      130      150      143      115      112      121       73       88       82       88       82       78       58       71       66
       73       66       70       88       80       95       73       89       96      114      108      116      123      147      153      155      154      179      167      196
      188      191      244      268      325      354      374      400      422      517      508      578      588      657      807      795      910     1102     1247     1452
     1665     1883     2254     2516     3006     3483     4221     5022     5678     6401     6242     5706     4989     4257     3590     3051     2554     2168     1864     1635
     1427     1233     1138      993      876      768      742      601      531      513      457      368      436      314      331      272      268      245      251      231
      191      201      205      165      143      164      148      132      121      120       91      103      102       87       96       68       69       59       72       80
       74       57       79       72       72       98       86       73       95       92      121      102      135      142      155      139      126      175      194      211
      232      228      251      262      322      376      332      380      491      481      540      543      652      736      791      894     1020     1132     1224     1470
     1707     1947     2245     2668     3270     3964     4973     6193     7363     8767     8802     7329     5987     4930     3955     3156     2620     2389     1896     1654
     1475     1256     1161      951      856      731      749      568      527      519      449      445      395      365      317      319      287      266      226      225
      223      168      188      193      167      129      115      134      131      114      100       84       94       78       87       76       74       72       57       50
       65       83       75       71       85       74       98       81       92       91      113      130      116      128      147      165      188      195      170      208
      233      249      259      247      257      355      394      365      434      471      546      603      648      747      746      893      991     1108     1322     1486
     1814     2012     2386     2812     3466     4330     5556     7194     9897    13123    13123     9972     7345     5556     4294     3555     2820     2364     1974     1730
     1436     1245     1134     1058      888      854      689      618      596      540      519      431      440      384      324      319      275      271      241      228
      181      181      178      163      162      160      128      122      120      115      112       93       97       93       91       64       80       65       64       52
       56       66       70       77       79       99       85      108       91       99      122      110      128      135      144      157      164      180      197      187
      225      234      284      264      300      333      354      400      468      416      529      620      617      784      793      910      988     1131     1340     1461
     1725     2042     2421     2938     3667     4437     5798     8250    12442    23652    24313    12856     8394     5958     4622     3762     2914     2396     2067     1747
     1566     1284     1122     1041      937      809      692      686      594      548      466      494      427      392      357      306      269      298      253      219
      228      174      179      180      141      155      152      127       98      111      107      122       89       91       82       73       69       74       62       57
       66       76       68       98       84       79       98       96       84       89      110      118      117      131      137      141      181      187      222      222
      247      237      234      277      310      309      371      351      415      468      477      585      665      695      847      846     1031     1107     1327     1516
     1785     2056     2436     2937     3575     4438     5985     8334    12735    22373    23445    12826     8352     5953     4605     3629     3005     2505     1993     1825
     1541     1370     1170      988      895      778      719      687      567      541      481      429      428      399      310      299      285      284      253      225
      210      179      202      185      175      151      136      120      143      131       88      104       93      101       84       92       82       65       64       59
       59       75       72       83       85       79       86       76       90      111       93      122      128      129      175      155      151      150      184      205
      210      256      251      275      302      365      361      378      426      449      497      580      641      801      815      909      991     1125     1340     1518
     1775     2071     2334     2876     3534     4267     5562     7305     9838    12795    13313    10052     7280     5662     4266     3409     2834     2383     2049     1727
     1478     1328     1198     1054      894      836      704      700      604      543      502      473      375      346      335      289      281      262      208      219
      209      194      194      175      142      130      138      123      128      101      124       90       94       85       97       81       76       63       51       66
       67       66       54       69       83       83       88      100       93      103      103      129      132      125      147      158      159      194      177      215
      220      233      250      285      302      340      353      363      392      479      543      564      655      700      795      879     1029     1121     1217     1407
     1732     1861     2356     2665     3336     3841     4825     6169     7394     8569     8833     7535     6150     4948     3987     3300     2826     2273     1860     1738
     1457     1266     1140     1044      933      810      634      573      575      484      487      454      430      357      329      296      291      277      215      229
      200      164      137      178      123      166      128      111      123      115       95      100       87       76       80       77       91       76       87       69
       59       66       73       73       80       79       84       82       84      104      119      100      133      144      145      139      156      180      177      209
      231      244      246      259      318      301      366      387      389      459      539      592      645      758      792      830      959     1117     1230     1431
     1692     1906     2177     2587     3055     3452     4264     4850     5632     6187     6360     5781     5012     4238     3599     3035     2477     2185     1877     1659
     1512     1261     1135     1014      861      757      726      666      594      522      445      440      409      402      348      295      283      233      239      232
      184      211      190      167      172      146      133      115      112      110      109      109      104       83       80       86       77       68       67       70
       61       67       72       69       71       70       78       96      104       98      124      138      110      113      137      148      159      161      182      202
      217      206      248      295      269      306      349      384      423      456      515      548      635      734      797      824      901     1051     1201     1315
     1531     1673     2082     2391     2649     3180     3571     4079     4510     4715     4709     4496     4081     3516     3117     2622     2297     2034     1886     1475
     1335     1130     1049      934      818      743      670      618      537      488      483      480      376      392      299      304      282      283      195      222
      199      206      160      183      163      143      127      150      109      119      109       92       84       94       83       83       71       73       78       59
       54       68       69       84       76       82       88       96      102      122      113      138      112      112      123      125      142      152      193      183
      220      210      242      276      314      335      323      372      427      472      501      514      641      659      746      833      948      987     1170     1302
     1415     1622     1895     2124     2472     2659     3001     3491     3656     3777     3831     3634     3396     3035     2717     2456     2144     1859     1677     1492
     1296     1158      966      878      783      704      682      609      598      479      459      447      383      353      313      320      266      295      267      221
      207      194      161      145      161      153      153      141      100       88       97       88       95       87       93       81       57       85       68       66
       57       67       66       59       71       81       91      100       91      117      106      135      122      112      150      138      170      170      163      209
      233      244      236      272      294      322      403      364      432      399      529      551      552      627      727      788      877      932     1115     1182
     1415     1515     1745     1975     2082     2401     2633     2878     3097     3163     3148     3025     2944     2686     2481     2175     1975     1621     1548     1400
     1171     1120      961      827      749      734      649      630      529      514      449      382      341      380      295      274      268      195      237      241
      195      188      176      153      150      144      127      117      117      106      121       92       95       85       80       75       73       70       65       53
       71       78       63       73       85       76      100       93      100      130      110      103      135      137      111      136      163      183      164      195
      217      211      241      240      274      292      340      353      389      478      458      507      569      609      716      771      832      925     1018     1141
     1237     1380     1551     1709     1894     2103     2229     2458     2514     2584     2634     2563     2391     2236     2066     1965     1669     1543     1434     1231
     1175      964      913      821      755      677      630      555      525      460      431      359      373      342      338      292      252      241      201      217
      185      214      198      160      158      131      107      140      110      117      118       89      101       72       66      103       75       80       66       63
       77       68       67       69       87       74       80       86       91      111      102       95      105      137      126      136      155      141      153      179
      223      276      253      247      276      288      340      349      389      377      440      493      548      621      632      687      795      871     1011     1083
     1195     1336     1412     1524     1699     1800     1936     2117     2237     2201     2217     2117     2068     1946     1757     1719     1492     1389     1293     1193
     1034      939      938      778      758      690      593      543      537      432      407      375      361      353      317      252      244      252      234      219
      198      198      175      168      153      131      131      105      111      101      110       92       89       78       68       78       85       79       72       59
       52       64       65       77       76       94       87       91      109      120      119      116      128      135      117      142      136      158      171      191
      181      248      236      252      281      308      290      365      376      426      413      514      517      578      615      693      790      817      888     1043
     1142     1193     1250     1308     1541     1599     1729     1816     1850     1869     1855     1876     1715     1658     1606     1473     1359     1314     1126     1112
     1029      884      830      792      711      652      512      489      422      461      409      366      374      314      288      275      251      229      205      236
      180      186      164      173      144      122      136      107      107       94      100       89       88       89       83       71       73       63       74       61
       43       52       78       79       78       92       87       71       88       92      118      118      119      126      109      135      167      172      172      172
      161      221      196      252      273      303      328      316      368      350      438      471      544      530      621      669      716      752      812      919
     1019     1075     1162     1197     1324     1367     1492     1669     1578     1594     1707     1603     1536     1490     1400     1267     1148     1089     1035      955
      903      830      736      688      631      621      536      523      492      448      386      360      341      295      287      259      249      205      240      210
      184      157      157      179      162      142      125      107      112       99       98      105       91      104       89       69       74       71       62       70
       53       74       80       74       79       71       91       94       87      105       78       89      111      142      142      131      132      139      165      195
      176      205      209      228      264      248      285      355      349      378      444      482      472      551      574      655      669      665      740      857
      949      993     1069     1131     1238     1321     1340     1418     1347     1356     1400     1393     1332     1352     1305     1196     1076     1015      982      869
      846      711      733      670      611      552      520      488      454      433      375      339      303      285      254      281      240      198      195      215
      184      159      157      145      172      138      117      119       94       99      120       88       69       99       75       86       65       73       66       67
       52       51       71       66       73       65       77       96       85       99       90       91      108      105      132      138      143      141      170      164
      167      217      186      221      234      278      290      307      373      334      415      453      466      442      548      606      644      700      724      804
      875      898     1000      967     1117     1129     1193     1268     1268     1274     1257     1310     1237     1174     1130     1108     1024      968      912      805
      750      745      668      621      621      543      484      424      421      371      360      358      319      275      280      245      247      225      200      194
      213      149      153      140      144      129      125      107      115      110       81       93       86       67       72       65       76       60       64       57
       50       64       52       67       54       71       69       80       94      104      107       95      114      117      122      115      132      136      164      170
      174      200      186      245      250      290      277      279      344      321      367      406      440      474      520      505      577      587      705      709
      725      798      891      928      910     1038     1097     1082     1075     1084     1151     1099     1146     1064     1005      943      927      851      789      763
      745      662      612      593      561      451      484      448      395      388      357      327      323      304      275      299      230      234      160      179
      165      167      148      150      136      106      105      108       86       96       80       81       75       75       50       64       87       64       61       67
       55       68       80       75       81       73       74       66       90       85       93      102       84      134      119      132      133      152      180      153
      194      186      206      210      255      243      261      293      310      296      326      432      397      441      464      481      554      537      618      700
      711      755      743      799      866      866      954      965      940     1045     1030     1007      940      945      868      875      820      826      778      678
      648      614      589      558      468      496      428      388      400      355      348      322      311      269      253      263      225      180      193      185
      154      162      148      154      114      111      125      110      109      102       91       82       85       71       78       64       78       61       65       46
       64       62       64       61       84       60       55       78       95      101      100      106      125       88       99      100      114      144      169      175
      186      195      187      225      232      263      279      285      302      337      345      402      385      436      452      472      508      560      584      574
      639      691      779      701      793      799      852      842      835      836      929      895      886      805      874      744      815      728      653      635
      636      571      572      508      492      474      438      371      365      331      302      294      290      257      270      232      246      192      201      184
      178      148      143      145      144      131      134       94      122       91       94       98       79       72       84       69       66       68       68       60
       50       53       54       74       59       75       80       70       86       77      100       77       99      116      112      118      140      141      142      173
      157      179      177      207      217      199      265      271      284      304      345      355      334      390      394      463      469      525      507      545
      562      617      682      702      722      774      764      762      787      793      832      816      828      771      744      728      696      655      680      521
      553      527      530      506      451      388      412      379      361      299      325      310      278      228      248      241      200      207      197      181
      143      168      139      122      115      125      135      105      103      102       99       81       77       75       77       64       52       65       58       39
       62       66       58       74       60       48       88       89       65       88      113       80      111      103      128      115      124      124      138      150
      167      183      198      207      210      215      243      250      275      322      299      361      313      370      376      442      477      462      481      564
      577      537      593      634      679      653      703      723      722      681      770      653      739      719      627      666      663      613      643      530
      541      531      450      428      432      385      384      349      327      309      274      252      253      216      210      219      188      195      173      159
      159      155      129      133      154      134      104      102      103       96       87       85       69       88       68       78       60       66       49       60
       66       55       62       64       53       59       66       76       85       68      110       96       87       96      119      129      134      150      126      140
      159      175      166      199      221      196      232      252      248      259      326      315      331      365      344      388      471      394      440      464
      545      512      528      545      567      607      626      681      636      587      658      590      636      631      611      606      578      552      524      489
      442      462      457      412      388      380      339      298      320      311      289      255      269      234      208      229      177      190      167      150
      123      133      132      134      105      114       82       94       82       85       82       73       66       86       80       68       60       60       58       55
       58       57       65       56       51       66       48       74       80       78       96       96       92      109      119      119      131      141      149      141
      115      150      165      157      226      203      194      223      242      238      279      324      323      336      364      343      357      385      416      434
      456      510      476      541      545      498      576      613      550      583      563      626      595      536      545      561      520      524      539      461
      437      389      410      388      400      363      305      304      299      261      287      249      268      219      238      177      193      196      187      161
      136      149      122      129      113      109       89       86       85      103       67       66       66       61       66       73       55       65       63       58
       48       67       56       52       53       67       69       86       73       73       70       92       75       90      101      114      113      109      139      152
      149      172      171      177      163      197      187      268      203      246      221      291      302      317      352      376      355      392      404      410
      465      458      477      503      506      471      545      519      555      536      544      503      500      571      496      491      481      435      421      399
      411      369      410      357      331      340      283      267      290      265      265      246      245      197      215      188      166      142      151      147
      161      133      134      130      122       97       81      113      102       81       75       71       64       81       58       58       48       49       47       53
       41       59       51       44       56       55       53       66       83       78       97       91       84       87      108       96      111      115      117      129
      147      160      153      172      159      173      165      199      224      261      274      264      290      290      290      332      358      345      343      424
      389      414      462      428      472      426      459      516      491      472      481      476      484      465      465      453      413      422      407      414
      399      388      365      335      349      293      284      291      262      274      219      229      217      195      153      180      154      181      172      158
      125      130      110      111      113      107       92       92      107       72       77       76       73       75       56       76       66       74       59       59
       50       63       46       62       57       61       69       75       82       79       75       78       76       94       74      126      134      114      140      137
      155      154      153      133      175      166      200      186      196      208      242      230      274      276      271      304      328      363      320      331
      372      390      342      432      426      413      428      436      497      473      465      447      457      435      422      400      389      417      379      391
      325      323      305      316      301      316      317      298      233      253      233      212      209      199      206      175      161      167      156      146
      136      116      134      128       99      112       84       90       84       76       89       67       66       86       72       61       72       55       58       61
       52       53       51       56       53       75       70       68       69       61       68       75       84       89      106      121      113      100      124      106
      149      144      165      155      175      178      175      205      187      210      245      217      278      252      266      271      318      315      340      322
      346      355      346      387      389      389      457      426      399      392      419      403      446      432      377      356      362      369      384      328
      360      348      288      283      308      287      236      227      254      229      202      193      212      178      179      170      156      152      131      137
      113      111      111      109      116       90       99       92       86       79       91       62       74       65       83       64       52       51       57       47
       38       57       59       43       62       53       67       60       58       75       70       84       76      114       97      108       95      104      120      133
      135      133      167      156      145      181      183      191      176      233      192      224      257      258      264      284      280      288      340      313
      295      334      347      333      346      361      354      340      393      392      405      360      398      397      388      380      376      353      335      331
      303      290      302      276      275      246      258      240      223      217      205      191      164      154      168      173      150      126      127      135
      120      111      114       88       97       95       98       97       79       65       59       70       69       54       62       59       53       52       47       54
       40       39       59       49       41       60       78       70       70       82       65       57       86       89       70      100      103       90      100      124
      134      131      133      140      151      148      161      176      201      180      181      234      244      233      223      252      259      274      259      310
      323      278      317      327      294      349      321      334      372      359      310      331      331      364      363      324      308      326      316      320
      289      267      282      259      274      247      255      195      190      216      200      184      181      167      150      120      130      139      138      139
      108      137      100       78      114      109       85       97       85       78       78       73       64       68       58       58       41       37       56       50
       61       50       48       42       49       62       51       67       66       53       56       88       87       79       77      107       99      106      112      122
      112      118      137      137      143      159      138      168      190      174      168      205      196      233      235      231      279      268      242      246
      266      251      257      284      296      313      325      303      309      317      329      312      353      312      295      335      294      317      260      292
      269      240      237      271      266      224      209      227      197      198      165      181      183      150      152      146      130      125      129      121
      126       89      121      103       91       85       89       92       77       59       70       59       71       67       51       45       52       45       48       60
       39       44       56       48       60       69       64       65       70       65       73       60       73       78       91       93       81       83      119      113
      118      118      121      120      115      139      161      148      175      175      186      196      186      200      207      209      227      228      234      276
      227      277      244      284      277      295      317      266      266      282      324      315      311      286      271      278      284      287      287      265
      219      245      251      207      209      218      227      205      199      181      174      163      162      160      147      119      119      133      109      128
       95      107      118      120      103       81       71       62       81       72       71       64       53       68       58       55       58       53       46       49
       47       47       42       54       63       63       45       59       61       69       76       68       64       79       96       97       91      102       99      116
      119      120      122      121      127      138      130      151      165      149      158      185      165      176      173      221      226      212      232      225
      215      236      258      258      256      244      286      253      278      258      295      292      266      280      269      268      262      298      250      273
      213      234      219      193      192      211      208      189      172      201      157      147      167      158      129      133      125      116      108      102
       93      118      116       97      100       82       84       79       80       79       68       71       65       68       60       61       58       50       33       36
       41       47       37       49       52       61       44       56       55       74       76       59       80       96       71       89       91       89       81       99
      114      111      127      126      120      139      128      133      153      154      145      189      175      172      178      199      202      221      214      235
      236      225      220      228      241      237      229      259      246      231      239      243      256      250      267      247      247      242      206      228
      242      225      182      196      180      191      186      160      150      161      178      147      146      139      128      125      101      114      112      113
      117       95       87       89       82       91       77       75       62       71       73       61       67       69       65       51       45       54       43       51
       42       39       35       49       52       54       47       62       68       87       75       64       71       80       74       72       79       98       81       93
       89       93       99      103      124      128      123      127      131      150      166      137      180      152      168      186      186      183      204      234
      214      203      218      208      213      216      214      241      220      270      251      246      216      221      224      213      209      225      227      216
      178      181      206      176      197      159      168      165      172      163      167      155      137      112      128      133      123      119      116       92
       93       87       77       99       80       81       73       64       68       64       61       49       66       50       57       64       54       55       39       33
       46       50       51       50       47       49       59       58       60       58       70       76       55       75       74       81       76       67       85      107
       90      101       82      124      119      119      130      124      151      146      138      145      150      150      159      195      169      176      181      197
      176      204      203      190      197      218      205      225      204      212      229      216      222      220      221      225      213      198      211      173
      189      191      183      188      165      178      153      161      174      154      144      144      135      114      136      125      112      109      115      113
       77       97       75       74       75       74       60       72       81       71       76       54       50       44       43       55       49       46       44       44
       49       38       39       55       46       44       46       50       59       67       79       73       80       83       73       92       79       71       91       69
      106       93       94      100      106      102      107      120      140      123      113      137      131      144      145      151      148      158      183      193
      194      191      198      190      198      187      200      198      212      197      169      211      213      186      201      196      181      187      191      219
      157      172      178      146      182      143      178      151      147      169      137      136      121      132      116      102      110       88      116       91
       98       82       76       84       77       61       63       59       60       73       63       54       59       50       48       49       49       48       47       39
       41       38       44       50       44       47       58       46       62       54       55       65       58       73       72       68       85       93       70       68
       91      101       93      103      106      104      105      127      123      132      134      135      125      141      161      143      180      162      163      161
      177      180      174      188      200      171      178      184      216      199      190      175      163      190      200      164      175      157      173      156
      180      157      157      152      147      173      144      121      137      142      149      117      131      123       92      107      103       98       94       89
       86       81       93       76       71       60       67       75       58       47       52       59       58       60       59       52       55       51       36       42
       35       41       39       31       48       51       46       60       53       45       43       69       56       61       65       75       66       79       79       89
       80       90       96       97       70       90       87      116      103      109       98      114      139      152      133      147      135      143      171      169
      171      168      172      156      177      186      172      159      171      163      189      190      179      161      167      160      153      171      147      172
      151      151      168      157      175      151      148      113      129      128      121      106      128      103       96      100      111       93      100       99
       77       78       90       73       67       58       67       54       59       50       57       55       39       51       46       49       42       44       52       36
       42       47       42       29       45       49       40       54       46       54       67       49       65       73       76       55       66       91       75       70
       67       90       85       93       91      106       93      117      102      109      100      122      131      138      112      132      133      155      166      167
      158      170      155      159      164      157      158      180      152      156      137      166      139      156      168      142      158      202      164      153
      143      133      127      127      129      113      137      122      109      130       93      113       96      103      101       98      101       73       78       86
       74       71       83       67       53       43       57       48       60       58       53       42       57       48       49       44       41       37       33       31
       43       33       40       41       49       34       49       42       42       44       63       50       58       63       43       61       58       69       80       70
       65       81       87       93       84      106       91       93      101      113      118      106      125      135      112      136      145      133      158      146
      150      147      120      156      127      160      152      140      154      147      154      149      156      147      148      149      122      140      131      167
      145      143      123      118      115      128      123      134      111      109      112      101       84      116       89      107       98       92       76       66
       73       71       73       64       61       62       61       60       66       46       36       60       49       35       41       41       38       41       35       24
       42       37       50       44       56       45       41       40       61       55       48       58       39       62       57       65       62       62       66       72
       70       90       84       95       83       81       87      101       83       96      110      118      123       99       99      125      145      134      107      142
      147      123      144      138      142      116      132      140      147      129      139      130      138      165      140      139      146      150      122      127
      136      143      113      106      112      120      108      100      101       98      111      126       91      107      105       79       77       93       87       77
       53       68       69       71       92       67       66       44       67       52       41       44       35       45       34       36       32       33       41       38
       30       38       26       39       42       47       42       39       52       57       47       62       47       59       58       49       63       73       74       75
       65       76       85       80       80       88       86       92       95       83       97      110      109      110      110      105      111      152      104      123
      122      129      137      124      112      118      145      116      140      145      132      142      123      144      138      159      140      119      123      130
      131      108      122      118      129      107      118      112       95       92       91       90      119       93      103       89       97      100       63       78
       78       79       72       68       65       60       53       51       49       51       42       44       55       37       45       40       38       32       33       28
       53       28       33       39       42       39       45       42       45       40       55       53       56       53       52       44       53       63       64       57
       57       80       83       75       72       90       83       87       81       92       82       82      108      122      106      127      112       99      140      120
      124      120      137      118      123      122      131      138      147      106      127      126      132      101      136      123      133      129      132      133
      129      124      117      102      109      101      108      107      101       89       92      106       95      100       85      111       83       84       63       81
       70       67       76       62       54       61       40       60       56       49       57       42       49       37       32       50       39       35       37       34
       40       28       21       34       42       42       48       41       55       50       59       38       42       56       59       60       51       51       69       57
       62       72       86       72       74       82       76       91       77       78      101       85       99       99      116      100      135      104      121       92
      103       85      101      101      126      111      132      142      117      131      132      106      144      125      139      136       95      100      114      116
       96      113      112       94      104       86      107       95       83       88       74       79       77      110       87       68       66       68       74       69
       66       61       62       57       54       61       55       58       45       45       35       56       50       39       38       37       39       36       40       35
       25       30       32       38       37       37       48       51       37       35       38       60       67       40       58       54       65       59       57       53
       64       59       65       69       87       70       80       69       85       92       89       99       89      100       96       74      116      125      111      126
      106       88      121      109      104      101      114      113      103      101      121      109       98      123      107      117      111       84      118      111
       96      111       90       93       99       88       92       89       79       79       68       72       74       71       92       70       77       65       87       72
       58       74       47       46       50       67       53       55       45       48       33       46       42       38       37       48       33       34       27       30
       26       23       22       35       35       46       37       37       36       34       54       31       40       52       53       65       57       48       70       73
       64       63       52       76       74       62       78       83       87       76       70       86       84       90      105       86      115      108       93       91
      109       85      105      116      115      104      113       96       99      121      118      112      107       99      100       87      108       87      119      108
      103       99       93       83       91       94       85       92       90       76       76       89       53       81       70       62       62       68       55       56
       55       45       50       62       60       60       58       63       41       45       44       42       47       30       46       31       35       30       45       30
       28       24       40       40       36       28       37       38       35       34       58       42       48       57       51       52       50       55       64       57
       66       56       64       52       66       73       65       70       86       87       79      101       98       78       77       84       97       98       95       76
       67       81      101       99       87      115       86      101       99       94      100       91       96      101      109       96      109      102       76       81
       90      103       77       91       79       80       89       89       83       90       84       69       87       54       73       65       68       71       67       58
       51       50       60       48       45       58       45       48       43       50       35       41       37       36       35       35       35       34       27       33
       22       41       43       27       27       33       32       33       38       41       45       40       46       55       41       36       44       59       47       40
       54       51       61       61       62       58       70       78       73       70       70       71       94       87       64       78       94       82       89       81
      103       85      100       96       98       89       88       97      102       98       90       78      102       95       98      102       94      103       91       84
       80       71       73       88       70       96       66       64       57       62       65       79       81       60       72       80       67       61       75       46
       54       49       47       51       55       55       42       42       30       50       36       40       37       30       31       45       23       37       32       27
       32       38       32       31       28       37       36       41       39       44       29       41       54       51       31       37       52       47       49       44
       57       83       45       55       67       68       43       62       64       74       65       74       76       87       90       84       85       62       89       64
       84       74       77       73       83       90       90       78       92       77       89       79      108       87       80       76      100       87       93       84
       74       98       90       83       66       74       60       77       66       88       75       63       62       63       48       53       63       42       62       63
       49       42       28       56       44       37       39       37       31       25       37       46       33       37       25       33       29       29       28       40
       31       39       38       46       36       28       37       44       30       30       44       41       50       30       45       44       43       43       52       47
       52       48       58       66       48       51       88       64       71       60       82       75       63       70       70       64       69       77       87       85
       73       76       79      102       64       79       75       85       92       77       75       86       83       68       86       81       79       90       70       72
       73       78       84       85       70       72       66       69       72       70       59       68       60       68       51       54       49       37       48       50
       56       50       52       36       50       50       61       34       39       51       36       34       34       26       35       39       38       40       29       32
       17       25       29       24       38       41       41       43       32       37       52       39       44       33       47       51       43       45       50       46
       40       52       65       54       44       53       67       58       60       48       60       71       69       68       74       91       73       65       69       62
       65       78       87       62       54       59       75       78       89       86       97       96       81       99       58       87       93       70       73       72
       93       84       58       77       79       87       74       73       65       58       52       72       43       52       58       57       47       50       38       66
       49       47       53       46       54       37       35       39       35       37       40       34       25       33       36       32       25       39       22       21
       25       19       40       30       26       31       25       44       27       35       40       23       44       39       33       40       53       49       44       46
       41       57       35       56       51       65       61       55       65       49       61       68       74       63       62       58       66       74       69       73
       60       70       61       63       71       78       67       72      100       87       76       67       79       83       87       89       95       82       61       78
       71       60       52       69       83       75       50       74       64       71       53       58       69       53       50       57       50       46       48       51
       54       41       42       32       38       51       34       41       33       38       31       29       39       30       15       28       35       18       27       29
       24       27       23       36       25       24       31       34       33       33       42       34       36       41       47       32       45       37       62       47
       53       65       45       56       56       66       48       60       52       53       55       60       66       62       58       56       58       69       48       72
       76       68       78       70       73       73       78       61       64       68       68       66       68       88       71       70       88       67       74       84
       79       57       60       57       86       65       68       47       65       61       53       59       49       51       43       42       52       55       51       40
       51       42       48       39       34       37       33       41       37       27       39       31       39       39       29       26       34       18       22       22
