       25       27       27       33       23       36       44       22       26       37       29       40       29       46       37       36       46       44       50       49
       56       52       48       41       58       56       50       61       66       57       52       68       58       74       53       68       57       64       69       67
       72       93       81       63       70       73       64       48       69       64       75       93       73       72       59       61       71       76       84       72
       68       79       69       64       67       71       73       64       65       54       64       64       47       47       49       59       71       53       46       48
       44       54       43       50       40       37       34       39       40       36       38       33       34       41       29       30       23       29       26       21
       31       34       21       41       29       27       42       29       46       43       29       47       50       41       38       44       55       40       48       44
       47       38       37       48       51       57       45       48       54       64       54       71       55       69       75       68       75       61       96       68
       82       56       86       82       70       79       71       79       73       81       68       87       75       81       82       75       70       78       67       57
       71       65       66       69       61       71       66       77       72       66       50       59       63       44       54       61       53       49       59       47
       50       47       57       45       55       48       36       37       43       38       43       42       37       37       31       29       29       30       38       31
       21       29       30       30       23       36       30       44       38       25       45       36       45       47       48       39       40       39       51       52
       54       50       46       60       64       62       65       67       69       66       69       51       79       66       66       70       72       75       82       79
       89      100      113       70       99       70       74       81       83       81       79       75       79       94       96       69       60       69       74       65
       86       72       64       86       72       67       87       65       84       68       73       55       59       43       60       51       59       54       55       58
       59       43       47       49       42       39       36       39       25       44       42       27       36       42       41       38       29       33       35       26
       32       29       26       35       33       40       30       47       49       28       34       41       41       51       49       45       43       54       46       62
       50       58       65       49       58       56       58       62       66       58       69       62       72       79       74       79       72       83       88       78
       62      107       83       94      104       74       95       83       86      101       90       85       93       91      102       86       79       80      103       74
       74       92       94       91       71       55       86       67       83       61       71       75       81       65       65       60       40       53       56       48
       41       55       48       50       43       43       37       65       36       28       37       38       39       36       34       33       25       37       29       24
       33       27       33       33       34       37       31       45       34       33       37       45       41       45       50       46       54       55       66       56
       71       52       57       58       64       81       61       79       98       77       58       67       74       81       73       64       87       78       77       99
       98       88       99      101       91       69       85       99       93       75       61       90       82       87       94       88       83       95       90       96
       89      105       86      105       86       82       69       74       74       73       88       72       70       65       60       58       64       53       53       51
       54       56       55       55       47       39       50       37       37       40       28       42       43       43       43       27       28       35       39       27
       35       23       30       36       45       30       28       42       32       45       49       41       48       47       53       42       44       61       63       51
       55       54       56       67       49       68       73       75       88       70       72       82       82       77       80       91       81       75       98       84
       83      120       96       90      100       89       73      102       95       85      110       92       95       92       97      104      100       95       85       73
       92      106       90       78       85       76       84       78       80       59       77       67       64       61       77       64       61       73       96       52
       49       57       51       59       50       59       44       41       41       46       29       32       42       42       46       47       35       24       32       33
       33       31       47       40       37       46       36       37       52       44       50       57       50       54       55       62       60       51       65       73
       54       65       66       63       67       82       65       67       86       80       72       72      103       90       93       96       92       93      119      104
      109      103       93       91      110      102      102       92      100       84      102      113      103       90       84       88       93      106       96      102
       96       98       77       90       98       87       77       78       82       78       99       77       75       75       64       51       64       68       61       52
       56       57       62       43       53       43       62       42       50       47       35       45       37       33       43       26       38       44       37       30
       35       33       32       32       47       41       35       48       33       40       34       42       49       43       52       41       55       46       45       48
       56       52       68       71       58       80       59       61       90       74       77       94      101       95       90       96      107      109      101      123
      106      113       96      122      123      108       97       85      100       93      108       97      110      125      112      106       84      116       85       90
       85       88      101      104       98      100       91       84       86       95       81       97       86       78       72       89       57       68       84       61
       74       49       65       50       51       67       42       45       55       42       46       54       50       53       37       32       46       38       34       26
       25       40       38       41       41       39       34       37       45       48       46       51       43       39       59       60       55       69       50       58
       49       62       63       80       88       79       79       69       80       87       88      100       81       88       92       88       81      111      109      114
      121      100      111       83      121       99      120      106      123      112       95      117      112      130      134      115      112      119      120       86
      109      110      108      102      132      114      104       91       80      100       87       98       84       79       75       63       77       72       63       72
       48       53       63       72       59       58       59       45       36       48       44       42       37       45       33       39       34       34       43       33
       44       37       43       34       36       30       68       39       49       44       48       33       58       72       60       53       61       54       60       76
       65       55       78       80       81       75       88       68       99       97       89      102      100      109       89       95      125      114      119      107
      121      104      108      119      112      135      121      129      120      123      100      127      138      143      114      150      111      113      128      118
      106       86      104       90      101      119      109       84       92       80       89       74       80       82       83       75       68       73       80       74
       69       55       64       49       48       46       50       52       45       59       43       46       41       39       36       43       37       31       41       27
       27       36       41       34       52       41       42       40       45       35       47       41       66       64       51       58       64       47       68       68
       60       68       73       73       84       84       75       82       75       99      110      101      103      111      116      121      110      127       87      103
      135      150      125      115      114      125      132      140      141      109      156      114      138      119      126      118      115      150      148      127
      131      144      117      108      117      106       99       87      111       86      100       96       85       82      106       87       79       71       75       72
       60       64       62       63       63       58       75       50       48       55       50       43       44       33       50       49       38       39       36       40
       31       46       46       38       45       36       44       43       37       67       61       57       52       53       52       63       65       56       84       69
       74       74       94       71       95       82       83       90      101      101       94       90       88      113      117      111      133      135      126      115
      132      120      124      152      130      132      149      146      134      152      129      146      129      145      149      153      166      133      132      142
      115      114      112      132      108      127      130      109       98      112       92      103       82       76      101      101      117       75       83       65
       78       68       63       57       69       67       50       46       44       59       47       49       53       41       36       48       52       35       45       25
       37       49       34       45       33       40       40       61       44       62       51       63       62       71       62       66       71       65       60       71
       76       76       74      106       68       82       81      100       93       85      113      121      103       87      131      105      134      136      117      139
      160      154      126      161      135      143      160      157      157      150      136      143      117      142      128      145      139      138      132      157
      127      130      127      122      118      102      125      112      113      105       96       91      102      111       92       86       75       74       90       81
       88       77       81       54       56       64       64       69       53       44       39       48       48       40       39       53       43       43       41       37
       34       42       36       32       48       45       37       49       65       51       46       49       60       51       52       73       64       69       71       66
       81       91       83       71       85       93       94       92      103      124      110      131       94      123      156      121      134      139      125      144
      168      143      145      154      159      171      173      172      130      156      160      152      178      162      157      140      158      154      142      153
      155      127      148      130      137      123      124      126      101      112      124      115      106       90      113       86       69       90       80       87
       78       77       61       80       63       65       66       66       55       54       52       55       54       46       48       38       51       43       29       40
       48       42       33       29       48       46       54       48       48       59       49       60       52       68       63       68       80       72       57       76
       92      104       91      107      110      107      105       91      119      136      125      121      126      155      132      134      139      164      140      162
      160      135      132      156      167      165      179      203      169      134      190      182      173      162      152      144      161      166      169      163
      156      150      121      132      149      137      118      139      119      102      133      114      108       99       89       91      112       84       80       74
       80       76       76       70       73       57       57       55       59       64       44       50       53       44       41       40       50       41       37       36
       37       53       51       34       43       34       44       48       60       58       62       59       60       75       84       71       76       79       91       77
       91       96       88       87       98      100      110      117      132      135      125      127      143      132      136      140      168      158      155      152
      160      181      167      201      189      179      168      184      185      189      190      186      175      169      180      197      191      145      170      181
      131      161      135      165      165      131      134      113      118      125      140      121      107      110       94      105       97       91       86       77
       85       93       94       69       70       74       69       54       65       73       52       58       46       38       45       44       43       43       52       32
       38       41       46       45       52       54       44       63       69       68       58       81       60       60       64       84       83       77       97       69
       80      114       97       97       99      115      121      135      158      143      119      157      125      143      161      141      167      172      170      157
      174      190      195      187      209      169      195      230      215      227      177      195      176      181      200      195      185      172      185      171
      180      156      168      168      175      151      149      153      125      125      113      121      142      110      106      112      118       94       96       78
       97       77       84       79       68       69       80       77       47       65       54       50       46       49       58       55       53       42       37       42
       43       44       46       45       55       45       48       56       58       75       58       76       65       67       76       81       72       92       84       95
      100      109      102      101      125      104      115      127      142      131      157      148      155      157      150      182      159      187      198      165
      180      190      214      196      205      200      217      196      239      212      202      213      220      200      232      203      182      208      203      184
      193      166      188      193      157      178      153      155      153      141      117      124      127      134      114      101       98      105      110      102
       95       84       86       80       78       71       72       68       67       95       48       54       49       75       56       44       59       53       38       48
       56       32       43       46       43       68       58       50       67       67       55       73       90       61       61       77       83       87      109       97
      119      106      103       95      112      142      125      149      134      147      134      162      153      135      185      164      205      157      181      199
      211      238      204      200      194      229      226      251      215      214      237      244      241      247      241      224      220      208      235      202
      199      182      208      193      176      189      158      163      159      156      136      148      141      122      106      128      115      102       99      116
      105       73      100       71       77       88       82       61       78       61       66       55       74       62       56       46       62       37       55       47
       42       53       58       47       49       61       48       56       65       57       66       63       65       62       64       78       92       87       76      104
       95      104      101      110      128       94      138      142      148      159      172      175      199      181      194      188      194      197      218      239
      229      247      246      209      260      243      273      209      232      238      244      240      256      236      260      226      244      229      202      210
      220      209      190      211      210      173      179      185      172      157      128      147      131      153      131      121      123      119      107      120
      107      107       89      101       80      113       82       66       79       51       73       70       49       62       55       37       51       53       41       35
       53       45       56       61       44       65       58       50       50       71       74       55       62       94       88       70       89      100      115      109
      115      125      130      112      121      136      152      139      156      165      183      173      174      182      206      206      237      212      226      221
      237      239      280      250      229      261      264      242      270      226      253      268      271      280      253      245      248      250      259      229
      252      226      220      209      186      194      187      202      182      154      146      130      158      129      127      128      139      115      121       98
      108      107      107       92       83       82       63       68       55       53       74       65       63       69       59       47       39       48       55       45
       49       56       52       47       41       64       54       75       60       84       64       70       72       71       79       90       92      113      121      113
      128      114      134      140      135      146      145      152      168      155      193      180      186      193      229      223      189      244      239      279
      267      225      247      269      252      294      293      289      277      298      254      297      270      264      291      283      248      265      255      239
      227      212      239      210      245      236      189      174      189      176      180      160      164      140      149      149      122      115      120      110
      120       92       93      116       82       90       89       69       69       64       73       80       72       54       59       53       57       45       50       50
       50       38       49       54       52       65       57       66       49       71       80       81       78       67       95      102      107       92       88       97
      114      133      140      143      137      146      163      132      173      179      196      169      202      220      244      219      244      269      251      260
      273      276      281      257      304      295      299      313      269      319      353      298      317      284      301      278      278      289      268      271
      253      271      252      218      218      235      194      211      210      182      171      174      160      186      157      144      132      118      118      108
      130      108      103       89      105       96       85       62       86       86       64       75       73       58       57       48       44       52       62       34
       55       54       51       55       56       58       61       75       84       77       81       62       98       98       82      113      107       90      105      127
      110      121      157      122      161      165      165      181      179      206      217      209      218      202      237      218      243      268      264      274
      288      316      297      319      313      339      333      329      346      341      332      331      330      331      333      314      301      285      295      302
      285      258      277      256      218      222      204      225      181      200      208      192      164      163      134      148      136      127      149      105
      106      127      112      108       92      116       83       78       91       92       73       84       60       64       59       46       52       49       40       57
       63       52       57       72       45       61       76       73       72       72       78       76       89       87      107       95      110      109      127      121
      140      148      132      148      143      148      174      181      174      190      212      233      216      248      251      255      257      290      270      295
      327      324      356      342      366      366      394      353      344      363      354      372      366      365      358      382      332      330      348      302
      314      299      276      288      265      239      235      236      194      209      173      176      198      151      186      176      162      142      125      134
      123      133      104      105      103       85       81      110       98       82       88       60       73       75       55       48       46       57       67       55
       52       44       43       52       62       70       60       73       74       92       95       81       91       81       94       93       98      100      111      131
      132      135      148      146      168      179      188      202      214      210      207      201      241      251      267      274      291      297      327      285
      306      326      335      365      363      413      376      373      397      389      341      429      398      373      415      361      409      357      365      320
      339      315      299      304      252      286      265      233      254      230      246      207      182      179      176      171      147      134      152      117
      127      121      108      110       93      104       78       66       83       97       85       62       73       50       53       59       62       58       48       64
       35       51       60       53       64       55       74       64       79       77       87       77       77       92       86      105      131      102      127      142
      119      176      142      129      173      174      211      197      201      227      231      254      282      276      294      316      305      376      326      362
      376      347      420      360      435      433      427      419      416      434      404      426      402      416      410      395      423      388      365      324
      350      348      310      308      304      294      235      260      248      259      230      200      221      200      198      153      174      170      169      144
      142      142      115      101      136      117      106      113       78       82       75       86       90       69       66       76       53       45       51       49
       59       75       57       68       66       52       65       83       89       85       81       83       79       93      125       99      102      128      124      122
      145      129      173      151      193      179      211      213      210      226      259      275      284      279      277      331      307      366      337      397
      426      349      405      457      418      421      466      428      478      495      506      500      490      471      464      464      435      447      407      407
      371      359      344      352      334      322      302      273      279      258      237      221      215      205      193      226      183      164      132      138
      139      150      117      133      119      115       85       98       98       84      102       78       59       64       62       57       69       55       50       53
       68       55       76       59       65       58       79       83       78       88       88       78       96       84       93      101      116      121      129      132
      140      145      158      175      164      196      235      217      237      232      275      292      304      313      314      370      359      372      380      415
      424      444      476      493      452      492      522      504      526      505      497      515      497      498      537      491      473      453      425      404
      426      403      400      358      318      327      276      269      246      271      275      256      205      215      190      218      186      177      167      156
      132      136      122      158      113      109       90       95       98      101       90       84       65       75       71       65       60       75       63       58
       56       49       46       61       68       73       76       76       73       76       81       86       95      106       98      117      120      126      134      166
      156      155      173      195      194      221      227      249      253      251      257      331      280      325      366      354      416      373      401      465
      466      486      485      497      515      531      556      568      558      572      571      524      572      503      580      499      537      547      452      471
      443      454      398      367      315      353      350      323      316      279      233      242      237      224      196      211      191      172      156      175
      152      122      135      124      104      141      104       92       97       81       69       90       62       90       77       64       86       65       61       60
       56       54       66       47       71       78       72       79       73       86       93      114      103      103      101      106      117      115      169      168
      169      167      181      188      200      230      234      242      267      261      283      287      300      336      359      373      421      409      444      419
      508      545      603      508      600      571      628      597      628      671      685      595      613      616      595      606      559      557      510      501
      460      436      453      427      403      344      345      326      339      304      302      284      244      245      206      169      214      201      149      183
      137      141      124      126      126      109      106       98       92       98       93       98       79       83       68       62       60       54       72       55
       54       65       52       81       65       69       74       72       76       82       85      105       90      106      118      115      125      136      132      171
      168      177      194      200      245      228      213      260      299      288      303      327      357      399      392      414      454      445      507      490
      570      529      600      578      592      629      654      669      711      701      702      685      728      659      647      639      634      598      580      508
      508      487      461      465      396      380      385      342      306      308      267      296      272      239      227      210      182      188      167      170
      162      132      166      131      118      106      124       95      111       81      105       90       99       82       77       62       53       55       66       51
       62       55       69       60       71       90       88       68       80       82       96       96      102       93      114      128      151      145      167      167
      146      169      199      199      244      239      240      259      319      288      321      353      361      405      433      446      499      528      573      565
      611      621      666      683      707      726      752      792      757      773      767      727      764      713      682      735      678      623      604      584
      579      530      538      475      402      418      409      355      339      340      282      281      250      232      218      236      230      216      187      170
      167      155      147      119      155      136      133       89      103       99       83       87       84       81       80       67       72       70       51       59
       57       57       62       67       80       55       78       88       68       95       97       91       97      105      114      148      124      144      169      173
      172      168      191      200      227      265      278      289      305      332      350      396      365      395      478      461      486      595      571      566
      631      664      698      769      767      825      792      860      846      836      856      874      895      800      802      771      724      709      678      616
      584      584      573      540      518      451      431      370      353      349      327      325      278      246      269      224      239      213      199      198
      149      177      151      139      141      117      120      113       99      128       89       91       82       54       66       66       64       63       74       56
       56       70       68       63       93       80       70       90       88      108      123      116      122      117      144      142      115      142      191      195
      177      200      197      244      253      264      282      298      289      343      368      409      444      455      503      512      542      621      628      654
      669      728      769      786      828      923      901      976      925      950      995      936      928      915      859      868      860      746      733      709
      696      586      588      595      541      472      424      416      354      375      320      327      240      274      253      245      198      193      198      180
      156      156      147      138      117      156      119      110      133       92       96       79       82       78       78       53       67       66       68       67
       53       76       65       66       79       72       76       80       89      109       99       94      110      129      143      132      143      157      168      170
      172      197      232      229      248      264      313      319      353      355      394      420      433      442      475      541      567      611      667      699
      782      820      889      914      910      973      982     1022     1049     1039     1116     1087     1052     1066     1006      938      894      855      824      788
      741      668      652      561      589      515      494      451      419      378      375      321      349      281      274      254      237      205      183      200
      197      173      150      131      145      134      144      105       98       94       86       83       89       78       77       82       63       66       74       51
       67       72       69       60       70       62       80       78      110       89      118      113      129      126      147      147      156      158      172      188
      197      209      249      229      261      288      287      286      346      368      427      403      488      486      509      566      601      674      696      738
      864      873      934      993     1063     1093     1175     1179     1213     1128     1265     1279     1194     1161     1114     1050      987      973      944      873
      709      707      665      613      590      551      507      445      424      399      344      328      302      304      266      275      252      218      254      201
      195      166      168      147      145      129      130      106      106      102       78       86       87       74       72       85       68       65       70       63
       53       52       76       79       73       86       93      102      105       98      110      118      118      125      153      134      155      152      180      196
      191      210      241      219      282      288      293      364      351      370      369      463      446      542      566      648      657      743      721      819
      867      956      980     1136     1179     1202     1284     1412     1329     1366     1405     1289     1286     1288     1250     1205     1096     1056     1002      918
      906      812      724      648      632      584      574      486      428      438      399      339      376      320      319      220      273      231      238      234
      195      197      169      151      149      137      134      139      118      112       97       99       87       91       80       73       68       72       82       73
       61       76       68       70       66       74       90       97      102       98      119      106      114      152      150      154      155      165      177      213
      223      222      232      226      285      294      329      334      344      418      434      473      478      562      594      649      724      780      826      864
     1003     1022     1189     1197     1300     1451     1408     1538     1533     1539     1650     1560     1552     1451     1359     1289     1275     1138     1125      993
      932      860      803      692      671      619      583      546      491      411      412      395      332      298      290      267      257      249      245      213
      204      160      135      185      129      142      123      109      110      125       95       85      100       86       90       61       68       74       54       64
       67       69       77       81       64       76       73       85      107      123      100      118      138      148      149      152      142      183      186      213
      203      194      194      241      264      327      330      391      409      400      443      468      495      615      662      742      758      804      961      973
     1069     1169     1256     1301     1425     1539     1538     1799     1809     1784     1821     1746     1731     1632     1582     1487     1371     1336     1184     1105
      980      878      821      771      707      603      602      535      540      465      453      376      342      373      298      290      252      239      252      181
      194      190      206      151      149      120      123      121      109       94       83       95       81       82       93       82       77       58       61       59
       55       71       67       73       82       88       82       92       93      102      113      105      116      141      156      135      186      168      185      238
      200      258      267      290      294      329      289      343      367      452      516      532      538      591      694      743      811      850      966     1087
     1151     1277     1313     1563     1675     1791     1944     2015     2056     2135     2126     2109     1987     1881     1752     1628     1549     1457     1283     1216
     1073      961      860      844      678      655      577      573      516      450      422      403      382      346      353      293      261      263      230      207
      198      201      180      163      161      155      133      133      135      111       98      113       96       96      102       78       76       81       94       57
       65       62       64       62       73       81       82       83      104      106       98      146      138      119      172      143      200      171      176      190
      211      241      247      278      292      282      350      379      421      400      483      470      592      641      706      738      877      982     1088     1196
     1279     1334     1546     1705     1871     2034     2161     2243     2287     2413     2499     2449     2235     2172     1966     1849     1760     1588     1471     1299
     1178     1024      969      882      772      737      655      590      538      499      450      426      390      366      330      345      285      247      192      218
      194      167      190      168      153      141      143      127      113      116      132      104      105      110       88       81       77       79       67       56
       72       59       57       75       82       82       95      103       96      114      108      124      155      129      146      189      161      197      196      214
      205      261      246      276      291      316      359      386      403      434      514      581      669      687      737      762      916     1047     1136     1296
     1413     1478     1707     1807     2095     2325     2548     2647     2904     2928     2854     2909     2794     2466     2306     2143     1924     1666     1506     1393
     1259     1115     1070      964      824      761      628      626      567      535      465      438      359      374      341      333      303      287      244      218
      222      196      167      157      142      144      139      132      117      113      132      101      100       93       90       76       70       82       66       72
       72       75       86       94       80       80       90       88       93      137      119      112      131      139      152      159      137      196      192      226
      244      289      260      305      305      366      377      382      410      503      494      599      659      681      747      847      961     1055     1194     1357
     1485     1614     1864     2130     2312     2620     3025     3273     3367     3516     3530     3481     3284     3007     2722     2415     2158     1884     1705     1427
     1399     1243     1089      982      799      753      644      563      585      541      464      410      415      366      366      350      284      290      237      210
      205      194      176      166      183      178      161      148      148      135      116       88       94       82       80       94       82       81       72       82
       61       61       77       65       73      102       75      130      103      103      118      133      139      142      147      144      173      180      205      203
      216      265      270      277      319      346      358      407      438      558      517      640      704      743      781      906     1018     1192     1244     1396
     1537     1749     2101     2346     2728     3038     3460     3986     4268     4433     4431     4230     3781     3520     3029     2759     2337     2139     1820     1663
     1455     1301     1190     1025      900      840      729      659      549      537      541      433      408      398      347      327      293      264      273      200
      224      213      162      175      150      142      145      153      112      128      105      104       88      110       71       76       78       72       66       64
       54       67       91       64       91       96       96      101      110      100      125      137      126      144      150      169      178      165      223      228
      222      248      269      308      318      350      377      422      481      505      560      632      623      763      815      924     1044     1198     1372     1495
     1729     1945     2269     2619     3101     3613     4238     4817     5360     5630     5568     5295     4775     4087     3517     3196     2669     2391     1961     1745
     1437     1315     1171     1031      883      841      773      661      607      531      507      399      405      393      371      320      304      267      284      237
      238      198      183      187      174      147      149      109      139      135      105       96       93      108       99       84       59       75       94       55
       60       73       63       84       72       89       68       92      106      116      140      118      121      118      170      166      182      186      238      241
      211      261      268      285      311      365      395      432      455      541      557      639      716      734      818      931     1038     1251     1379     1596
     1853     2044     2335     2856     3442     4150     4813     5854     6780     7392     7416     6952     5778     4916     4140     3343     3004     2490     2104     1849
     1580     1393     1298     1068      926      791      756      680      574      546      517      473      434      383      386      323      263      275      247      236
      239      237      190      178      162      169      149      132      133      138      119      128      110       92      102       98       73       81       71       58
       57       71       59       81       67       99       85       98      130       98      111      119      125      137      170      151      174      183      206      225
      257      231      284      326      307      351      412      424      461      512      579      633      706      756      808      996     1077     1243     1460     1626
     1898     2197     2624     3082     3789     4578     5755     7434     9113    10261    10412     9025     7286     5789     4557     3720     3150     2695     2286     1944
     1730     1482     1276     1156      985      892      757      714      609      509      520      482      446      392      365      303      288      293      262      244
      233      227      189      173      170      149      172      145      136      114      108      121      107      103      102       89       77       61       73       67
       69       54       66       60      103       86       88       86       98      107      138      124      136      157      164      153      174      197      234      222
      222      263      262      288      320      315      385      423      468      512      562      625      709      796      895     1056     1123     1303     1442     1615
     1993     2297     2788     3227     4104     5065     6377     8637    12185    16139    16435    12304     8908     6528     4926     3950     3268     2685     2369     1929
     1707     1471     1297     1080     1004      941      780      708      627      561      512      459      462      400      349      315      306      261      220      231
      209      203      183      170      155      171      139      138      117      114      118       94      102      107      113       77       91       62       67       76
       63       70       76       73       97       87       90      101       85       99      116      129      131      146      142      165      191      179      216      201
      239      226      272      301      367      371      394      449      438      562      623      648      678      771      902      972     1113     1282     1395     1704
     2057     2349     2694     3419     4099     5433     6914     9715    15440    31795    31516    15867     9812     7059     5199     4255     3279     2910     2453     1959
     1691     1485     1321     1178     1033      878      802      716      654      564      507      482      414      375      356      320      319      279      275      241
      211      176      183      172      165      189      143      139      127      130       95      121       96       98       85       90       80       81       68       52
       61       65       65       79       77       67       96      107       88      118      121      133      119      160      144      165      173      168      217      212
      225      299      270      297      333      362      369      447      471      500      569      662      715      772      919     1021     1164     1289     1556     1681
     1956     2241     2770     3278     4251     5241     7116    10006    15566    29409    28774    15243     9868     6960     5361     4332     3393     2703     2339     1949
     1711     1445     1316     1153     1020      868      816      749      651      603      504      456      456      399      398      368      347      265      275      236
      236      210      187      200      160      142      152      135      112      133      117       92      124       95      108       86       89       53       85       64
       58       78       87       74       72       93      104       96       96      131      118      129      139      131      177      164      163      177      208      233
      249      270      291      316      318      378      378      373      490      503      618      638      691      815      919     1006     1214     1254     1445     1681
     1940     2270     2718     3316     4003     5071     6473     8738    11803    15446    15331    11611     8675     6478     5011     4120     3328     2740     2343     1959
     1664     1443     1257     1125      996      822      790      754      619      577      546      500      444      402      361      317      321      300      273      212
      231      205      172      167      141      158      141      130      124      121      105      106      102       87       86       93       91       74       62       60
       51       81       70       59       92       88       77       81      104      108      114      139      147      146      147      162      184      198      210      238
      233      252      276      317      325      351      400      440      441      522      579      613      650      859      900      966     1214     1253     1436     1639
     1863     2140     2511     3013     3743     4606     5593     7078     8691    10108    10004     8798     7033     5576     4460     3671     3054     2551     2184     1904
     1598     1312     1265     1121     1008      873      809      703      652      584      530      487      417      417      382      341      294      248      255      221
      211      209      213      161      180      176      157      139      116      114       97      117       86       76       86       92       68       88       75       61
       61       83       48       87       91       88       90       92       97      102      134      115      139      137      155      157      162      200      219      243
      228      280      256      264      306      367      373      399      472      492      539      589      675      769      941      978     1089     1237     1339     1569
     1864     2094     2441     2827     3458     4104     4918     5657     6560     7305     7286     6698     5645     4702     4062     3435     2883     2537     2099     1844
     1620     1366     1159     1032      962      829      766      662      595      543      470      423      421      401      369      299      284      283      237      238
      234      190      212      178      173      127      149      161      131      128      125       91       82       97       85       94       72       83       69       79
       54       55       74       72       67       81       93       99      109      121       88      123      120      168      160      167      164      187      219      229
      246      256      301      298      293      370      408      405      451      509      576      588      683      776      863      956     1001     1131     1332     1568
     1740     2011     2269     2608     2978     3625     4174     4787     5202     5585     5574     5256     4703     4120     3717     3114     2712     2202     1944     1775
     1541     1289     1176     1052      977      815      775      684      593      564      500      472      436      380      391      318      327      310      254      236
      220      201      183      185      171      147      142      130      116      129      109      130      101       99       78       73       67       66       78       61
       60       62       76       77       72       90       81      107       88      112      116      122      144      126      148      172      173      189      233      235
      244      245      243      287      297      355      392      431      411      508      532      594      630      730      846      912     1071     1124     1253     1430
     1610     1802     2043     2437     2701     3137     3535     3831     4178     4320     4206     4146     3853     3442     3042     2676     2342     2165     1829     1594
     1482     1231     1084     1000      875      784      721      690      631      532      523      461      410      372      359      311      267      304      258      209
      228      190      197      150      178      145      132      130      168      112      113      101      102       84       95       93       74       77       58       72
       70       61       79       64       88       79       82       72       94       96      106      111      136      166      154      145      180      203      175      197
      234      225      285      286      280      316      389      414      450      438      523      606      628      769      782      900      987     1090     1174     1374
     1534     1688     1900     2099     2446     2709     3041     3161     3462     3415     3728     3379     3289     3010     2669     2494     2172     1869     1679     1530
     1373     1169     1075      977      950      777      688      637      588      539      461      450      405      375      345      297      294      291      266      196
      228      199      187      171      153      177      129      137      111      104       88      105       89      100       92       86       77       71       59       62
       47       68       75       71       86      100       87       91      101      107      100      128      142      136      157      177      199      180      190      210
      202      242      312      302      320      330      399      373      457      489      477      602      617      666      766      813      936      922     1132     1333
     1329     1565     1811     1895     2114     2384     2613     2701     2900     2934     2948     2830     2627     2554     2379     2184     1817     1727     1435     1357
     1265     1104      991      875      816      757      663      657      595      502      456      412      395      378      334      336      288      272      266      217
      180      173      180      183      173      138      123      118      128      122      114      104      107       96       87       85       71       89       78       64
       80       66       83       75       85       76      105       89      100       96      131      122      129      122      146      166      175      174      189      180
      232      223      285      289      318      313      338      386      391      445      550      539      642      689      669      820      888      968     1051     1069
     1269     1435     1518     1725     1863     2057     2262     2407     2378     2434     2505     2439     2339     2295     2031     1906     1749     1591     1469     1320
     1222     1088     1036      849      742      694      640      547      530      513      454      424      373      334      344      307      279      254      249      237
      204      197      207      202      158      144      144      127      100      117       96       95       81       70      103       72       64       82       80       61
       70       66       71       72       73       77       74       80       71      111      116       97      140      148      127      159      155      184      203      227
      212      202      263      241      295      329      352      335      400      453      466      493      597      657      674      771      801      905      976     1109
     1194     1289     1466     1499     1720     1784     1919     1987     2165     2105     2061     2070     1989     1932     1841     1666     1549     1339     1265     1187
     1120     1021      873      816      769      672      593      581      522      490      447      378      374      345      317      320      259      264      224      235
      177      194      177      155      144      151      153      120      129      126      110       98       97       99       88       89       65       83       74       82
       68       51       62       72       76       90       84       87      101      103      117      108      121      138      120      123      157      209      192      193
      231      219      254      308      280      288      339      383      378      396      436      477      506      576      670      625      768      809      996     1009
     1108     1222     1273     1481     1472     1541     1738     1674     1644     1814     1778     1777     1742     1648     1618     1551     1425     1270     1151     1074
      975      976      889      757      656      642      572      589      525      458      398      388      398      328      322      272      284      259      229      224
      192      202      180      161      167      135      132      134      133      111      114      102      104       86       86       79       69       67       51       76
       56       64       62       82       69       69       81       91       94      101      102      127      136      133      133      135      184      187      181      220
      223      229      221      259      297      278      318      342      405      390      468      445      545      584      593      681      686      789      898      937
     1020     1159     1107     1242     1310     1420     1444     1578     1555     1555     1560     1529     1454     1483     1379     1310     1235     1177     1049     1000
      935      909      871      771      660      623      532      554      464      453      409      397      336      316      285      302      239      231      230      214
      193      191      176      177      152      139      140      140      128      109      113       79      113       90       79       87       64       84       60       58
       56       67       79       81       79       71       67       98      115      112       93      115       98      135      148      145      174      174      174      219
      204      210      222      250      282      291      326      342      362      367      409      441      496      560      553      680      704      749      820      867
      930     1037     1110     1126     1190     1244     1349     1340     1311     1357     1409     1290     1369     1244     1258     1185     1137     1038      975      932
      873      792      751      670      639      595      573      510      477      419      413      331      348      361      317      296      261      230      208      190
      209      168      159      128      151      144      128      114      110      117       99       95       81       97       75       87       65       76       58       63
       47       50       52       56       72       85       87       83      101       85       93      105      101      122      148      135      133      169      179      161
      192      206      223      239      271      279      296      348      360      384      406      466      506      523      515      597      650      672      672      802
      803      939      975     1078     1048     1143     1127     1217     1295     1257     1238     1207     1201     1213     1135     1053      965      957      920      823
      778      760      661      572      572      564      485      518      474      408      371      339      346      291      320      279      282      230      204      183
      186      200      153      171      153      121      127      133      111       87       81      103       93       87       69       93       81       75       69       70
       58       57       54       74       89       73       86       98       96       84      110      122      117      124      140      120      128      184      167      192
      189      193      234      252      256      258      294      321      337      357      409      423      423      496      517      504      630      621      755      763
      784      829      818      935      986     1038      980     1033     1033     1045     1104     1117     1004      967      983      951      919      883      843      781
      731      649      640      568      563      462      476      464      407      366      351      350      330      272      279      261      229      222      218      191
      205      159      142      155      133      136      106      138      123       96       93       79       63       76       80       62       69       68       64       57
       54       64       74       79       78       74      102       81       86       96       94      106      105      117      130      137      143      152      160      173
      193      210      214      230      236      243      277      318      318      321      350      437      406      475      538      523      516      593      652      677
      716      776      801      866      847      848      900      937      959      945      994      967      987      921      941      921      775      753      709      711
      672      582      573      577      496      501      426      430      390      419      392      297      307      295      237      255      210      209      235      203
      167      161      154      141      132      113      118      121      108      101      115       87       81       96       77       74       77       65       67       61
       46       70       69       62       65       74       92       99       92       91      107      112      100      117      125      148      140      147      154      173
      186      211      215      222      248      257      254      290      329      327      323      377      398      427      456      478      518      545      571      657
      672      716      780      757      805      815      884      834      879      895      840      896      822      774      787      775      709      732      636      639
      626      610      549      532      483      460      408      370      363      350      333      286      290      283      248      242      224      212      199      191
      208      162      184      144      141      142      112      137      109       82      112       95       86       84       69       75       65       50       60       56
       47       68       60       58       83       83       82       76       96       90       88      106       95      119      108      131      128      123      176      182
      195      192      184      230      225      231      270      283      300      322      349      348      380      447      431      465      466      498      543      608
      640      603      656      705      758      714      734      773      800      810      789      799      804      695      720      672      709      649      627      582
      574      526      499      508      440      406      395      366      342      339      305      287      303      248      224      205      192      195      181      161
      179      138      136      132      137      108      107      119       92       96       86       85       75       83       69       78       63       50       65       57
       43       61       57       68       74       79       70       84       71       97       79      103      109      107      118      130      122      152      144      150
      179      196      189      239      185      241      237      274      295      313      322      395      320      356      409      348      417      455      473      528
      538      562      570      627      642      686      666      669      734      684      673      670      675      671      655      646      594      623      588      542
      517      524      477      480      462      399      409      327      316      312      277      262      245      237      221      237      162      191      158      181
      145      156      170      133      123      118       94      122      102       98       89       80       81       87       75       76       62       60       47       61
       61       65       52       65       79       70       79       76       82       81      106       92      102      108      133      132      112      130      164      146
      165      164      206      198      229      204      227      269      256      285      297      337      332      348      357      410      404      462      481      493
      495      488      507      617      585      598      616      631      648      650      599      611      570      644      626      579      588      521      542      502
      496      453      478      450      427      380      339      345      294      284      292      277      243      240      234      192      173      170      172      178
      158      139      139      163      123      128      115       90      103      101       78       96       73       53       78       49       84       60       70       58
       48       48       64       72       57       56       75       70       84      105       88      101       99       98       87      126      125      131      144      141
      149      194      175      185      175      227      218      239      269      253      305      319      338      316      333      368      396      413      441      438
      455      485      526      515      522      544      580      567      601      592      543      583      539      568      514      520      514      522      489      464
      453      412      418      377      416      368      351      309      291      266      237      250      271      223      204      186      185      183      180      151
      154      125      134      133      130      112      106      109      110       93       83       78       78       70       75       73       66       40       60       48
       45       58       56       56       51       78       71       84       76       77       77       84       99      105      104       97      128      127      150      152
      156      179      151      171      195      197      209      234      227      248      297      281      293      316      365      350      382      372      416      427
      441      461      487      442      501      490      534      547      514      515      546      512      534      543      486      545      473      491      416      399
      420      372      371      346      348      350      288      292      247      270      240      249      213      195      185      169      158      176      162      148
      173      154      134      123       93      100       95      104      112       87       94       82       94       61       51       61       69       51       60       53
       49       51       60       52       55       59       74       73       72       71       95       82       87       99      103      114      111      120      126      126
      149      147      176      182      196      204      202      221      239      232      284      289      301      277      317      313      351      374      371      438
      396      436      405      451      465      455      480      491      484      498      468      465      514      497      488      458      417      401      402      380
      428      373      345      323      320      298      317      273      286      272      254      210      217      199      188      132      179      153      155      146
      140      136      108      105      116      104       99       99       86       97       89       69       79       79       61       58       68       67       56       41
       47       52       63       85       57       61       51       65       75       93       73       84       97       88       91      112      104      127      114      130
      133      139      143      167      182      198      181      213      247      271      210      243      277      262      260      277      332      330      335      375
      428      373      380      375      401      410      392      399      462      442      428      456      434      468      456      406      423      392      343      372
      363      363      334      315      314      283      284      275      231      246      247      222      188      193      174      176      150      136      174      133
      119      135      106      106      113       92      101       87       85       74       78       73       64       66       67       63       51       49       61       51
       66       47       48       67       76       66       68       78       71       84       69       76       86       80      109      114      108       95      128      130
      131      147      149      147      165      174      182      197      196      241      214      241      254      273      293      266      293      280      318      323
      355      375      371      365      338      373      427      402      395      440      427      404      417      415      400      394      422      377      390      378
      293      343      293      261      264      228      257      235      221      250      204      197      186      179      156      152      148      161      129      129
      116      114      103      100      103      106      101       96       92       89       67       82       79       77       64       59       55       48       48       50
       43       45       74       58       58       59       66       86       81       53       90       84       50       75      100      112       84      123      116      136
      150      150      129      147      164      168      190      183      189      198      217      208      229      253      226      267      302      284      341      308
      365      309      356      346      333      357      352      384      345      384      371      368      392      384      385      354      329      351      338      329
      308      299      284      301      281      275      238      225      212      208      236      204      188      198      154      156      146      138      133      118
      131      126      102      100       92       97      103       80       76       84       77       82       61       62       64       61       48       62       50       40
       46       60       56       49       64       60       71       80       73       68       78       73       73       90       98      112      109       98      112      124
      126      128      156      148      168      162      146      152      203      188      211      232      247      229      218      223      266      302      269      266
      286      323      294      337      318      303      314      320      337      359      340      347      358      355      335      326      333      336      318      289
      277      275      249      217      225      215      261      224      216      211      190      189      176      176      151      165      175      157      120      126
      123      113      124       93       97       82       89       88       91       96       68       56       76       73       68       60       54       52       56       60
       50       50       57       62       64       56       85       74       57       67       67       70       85       74       82       94      110      111      117      111
      127      140      108      143      158      150      160      178      173      174      189      210      206      235      213      226      281      272      293      273
      272      290      301      281      309      302      311      329      325      322      290      308      330      273      282      308      268      287      272      254
      270      274      267      260      237      219      215      219      204      192      189      182      190      169      179      140      141      132      127      133
      111      104      121       88       80       79       85       89       74       75       74       73       71       66       61       47       55       51       42       53
       37       56       59       40       49       60       55       61       61       67       64       58       70       63       72       78       73       90      101      108
      122      125      126      120      144      143      144      131      185      162      218      171      202      186      230      235      232      236      229      221
      234      258      291      265      280      315      270      283      286      286      294      323      308      287      305      264      282      247      246      270
      258      257      250      193      205      189      218      204      196      180      175      188      193      155      154      146      125      133      120      130
      133      113       97       95       95       89       61       82       56       66       79       63       56       61       64       45       54       68       53       42
       40       42       29       55       53       71       80       44       61       75       69       84       76       97       82      108       79      106      118      107
      108      122      105      117      115      138      172      136      161      145      172      182      188      192      182      184      241      212      241      231
      232      248      233      271      251      276      279      284      279      254      305      277      316      304      251      271      258      271      236      264
      229      273      206      219      204      217      201      180      167      173      171      152      146      165      138      119      136      124      109      120
      118       96      106       96       95       84       71       68       68       62       70       61       78       53       52       51       42       41       53       29
       42       40       54       62       41       58       51       53       68       66       75       72       56       87       97       96       80       96       89       98
      110      119      115      131      123      116      151      152      151      132      161      163      166      176      199      187      206      212      212      222
      211      224      234      238      217      243      264      268      227      244      277      268      249      219      272      250      263      220      210      219
      222      232      217      220      174      185      172      144      164      176      167      141      142      139      161      132      116      131      116       99
      103      101       95       93       77       70       88       71       82       66       62       66       61       45       52       58       47       49       49       45
       38       42       43       45       50       47       49       52       58       67       63       73       78       72       75       92       83       84      102      108
      112       96       95      114      103      116      126      143      154      147      147      164      182      210      162      170      205      211      185      228
      203      246      214      195      208      205      234      236      247      237      239      257      245      254      232      238      241      200      226      233
      210      200      208      190      195      196      170      171      166      147      148      139      145      136      130      107      141      104      110      110
       98       79       94       97       76       97       81       74       91       67       62       61       50       54       47       53       42       39       47       48
       47       41       51       50       39       52       49       45       56       68       62       71       68       74       86       64       89      101       82      111
      114      108      102       99      127      126      131      124      121      133      157      176      145      148      180      162      172      197      199      202
      211      181      231      224      205      250      189      197      249      216      212      227      220      214      216      212      198      219      209      210
      177      204      203      177      160      165      170      173      180      158      133      133      132      115      138      136      118      108      126       97
       85       89       90       71       81       66       79       69       79       62       73       57       50       49       51       54       47       48       42       28
       58       41       40       49       54       51       50       69       51       64       59       69       69       82       94       61       77       88      104      101
       95      109       94      101      124       98      120      117      135      113      147      131      152      164      151      151      172      182      153      168
      180      180      200      200      199      206      212      186      203      192      220      188      201      195      195      208      200      190      218      170
      177      166      152      175      166      165      159      131      141      154      130      137      122      126      122      121       96      125       92       92
       90       88       79       54       68       71       69       67       75       69       67       52       53       41       44       51       64       46       30       37
       38       44       34       45       51       48       46       38       60       50       71       60       67       78       79       99       74       85       81       96
      106       82       92      117      119      115      103      129       98      104      111      126      123      133      150      142      144      173      159      179
      194      145      166      192      208      181      156      186      186      210      168      169      200      172      185      185      184      200      197      184
      170      177      178      146      170      142      143      138      147      133      124      127      105       95      123      109       92      106       99      101
      100      103       83       87       76       77       60       77       71       56       50       64       59       66       43       40       48       28       38       37
       37       39       44       33       52       47       44       49       52       42       60       71       53       65       60       58       83       81       90       63
      112       66      103       91      113      105      116      129      115      132      113      144      116      134      125      162      142      140      154      160
      164      159      148      167      167      155      181      149      192      178      159      149      170      160      199      160      188      174      169      160
      150      148      173      149      154      139      140      139      130      125      150       94      105      106      103      111      108       94       87       70
       90       77       71       83       78       63       67       57       61       62       42       60       46       42       43       43       45       37       39       37
       27       36       31       41       40       42       48       46       52       52       54       51       70       53       66       63       77       73       66       56
       88       74       75       92       94      103      106      100      122      121      105       86      148      122      143      128      152      151      146      153
      146      159      156      162      133      143      151      141      151      145      145      166      158      193      185      144      130      157      153      171
      149      155      137      138      124      104      129      131      106      131      128       96      104       99       94      107      101       84       68       93
      107       79       83       62       79       61       71       46       62       57       55       55       64       44       37       46       46       40       33       30
       31       42       36       48       38       41       49       48       49       52       44       69       44       75       58       60       67       82       72       63
       72       84       74       71       86      101       98       96      100      106      119      101      123      116      117      137      146      119      154      139
      139      151      150      142      152      139      156      140      156      155      167      170      163      138      155      154      164      165      135      139
      155      137      128      128      109      135      113      122      111      116      100      111      109      111       96      108       91       81       85       66
       69       79       57       70       59       56       65       59       53       42       61       42       37       36       41       55       44       41       36       40
       36       32       42       39       34       41       50       46       38       51       50       67       83       55       72       59       67       53       60       77
       70       59       75       78       79       86       83       79      117       92      116      117      117       93      124      103      119      164      135      156
      126      141      133      141      124      128      128      122      155      168      129      159      120      138      144      135      110      126      120      146
      126      118      132      125      123      130      129      126      103      110      111       96      106       90       94       90       86       66       91       88
       79       86       72       67       60       46       57       64       51       53       70       46       49       50       43       40       42       53       30       34
       34       36       36       42       43       28       40       41       32       66       51       43       56       72       54       74       56       55       69       71
       81       77       63       63       79       72       96       90      102       98      109      102      112      100      118      123      122      115       94      147
      134      127      136      131      131      124      123      121      134      118      131      126      129      119      140      151      137      142      121      110
      134      143      107      131      126      117      121       98       93       85      119       90      116       90       91       74       90       86       90       71
       84       82       60       68       59       52       48       45       51       47       56       49       53       36       31       40       31       28       34       33
       30       24       38       30       30       38       42       44       54       50       42       60       57       39       46       50       53       56       68       72
       70       78       82       75       96       66       79       90       76       86      103       84       99      107      131      101       87      111      116      123
      110      117      125      122      134      144      144      121      124      122      134      136      119      159      144      120      129      107      120      126
      104      110      110       98       98       93      111       81      106       97       89       83       96       77      100       88       80       72       81       74
       69       51       68       75       55       37       42       46       59       50       40       38       49       57       40       40       34       37       37       34
       30       26       29       47       39       38       40       45       43       43       49       52       57       51       55       54       61       53       59       62
       72       72       71       75       79       74       74       88       72       87       98       71      102       77       90       86       98       89      105      110
      103      112      123      124      125      128      113      138      116      107      125       98      119      122      125      106      120      136      117      105
      117      119       91      114       90      102       91       96       99      109       80       92       85       85       89       81       67       69       55       65
       74       57       57       49       67       61       69       46       45       57       44       44       55       38       41       37       53       40       34       37
       38       33       48       40       40       52       48       46       35       41       63       52       51       55       67       40       62       50       64       68
       57       80       69       74       64       64       69       65       83       91       91       86       97      108       84      109      121       98      111       95
      106      101      122       99      136      113      112      127      106      115      121      106      105      128      120      118      108      104      114      100
      124       86      120       88       98      106       97       85       85       85       75       87       75       76       75       74       75       62       60       54
       62       52       42       66       46       36       58       49       36       44       46       45       48       37       56       31       34       30       29       29
       29       31       31       38       39       41       35       51       23       41       42       46       33       54       50       61       65       63       48       60
       57       67       68       73       64       62       62       89       81       88       88       84       74       86       98       87       94       88       92       93
      102      105      110      118      127      104       99      100      128      102       99      108       93      110      115       94      115       94       80      102
       95       92      101       85      103       86       96       92       79       66       72       69       84       77       73       72       67       67       59       69
       77       67       49       54       47       62       63       51       53       46       47       42       38       45       40       45       39       32       28       31
       30       29       31       34       37       27       37       42       45       35       44       42       42       43       50       53       50       50       46       55
       52       55       57       72       53       72       74       81       83       59       63       79       93       85       79       77       98       80       95       86
       94      110      102       94      105      103       95      108      108       88       83       83       92      101      104      119      101       99       92       78
      105      104       82       78       88       87       84       88       85       77       79       83       81       70       62       65       66       75       60       51
       73       54       60       63       70       49       45       41       45       40       38       34       32       38       49       26       29       40       17       33
       32       36       35       34       45       30       49       41       42       39       40       38       38       52       47       47       51       50       52       54
       59       59       63       51       73       64       76       64       73       73       64       78       84       72       71       90       82       80       84       77
       98       66       84       77      106      100      103       94       62       96       83       88       94       93      100       92       90       92       81      103
       99       76       63       81       88       94       79       82       83       68       82       66       68       80       63       65       66       47       46       55
       64       49       56       44       37       43       41       39       53       34       38       46       23       40       28       21       34       31       36       32
       29       33       38       34       32       38       39       33       30       46       46       58       36       51       38       50       38       51       53       62
       58       60       59       62       63       81       55       53       65       86       60       76       89       71       71       73       87       92       62      101
       82       79       84       76       86       99      103       92       99      107       91       87       81       86       67       95       99       82       85       79
       78       89       78       69       79       75       84       83       68       69       71       78       65       80       62       61       64       60       58       47
       58       62       41       53       42       47       39       43       38       47       47       32       30       28       27       28       24       20       33       24
       31       30       33       27       37       23       27       32       53       36       47       38       42       42       46       35       42       56       41       64
       51       49       47       48       49       56       70       46       46       55       70       76       74       66       63       83       71       78       85       78
      105       90       71       83       82       75       88       78       89       81       89       74       74       69       81       69       83       85       73       85
       84       96       74      102       70       75       68       78       85       64       63       60       50       71       62       55       63       50       57       64
       45       56       46       56       35       35       45       45       37       39       39       28       31       33       27       31       31       41       27       31
       23       24       29       29       34       34       33       44       37       47       39       41       30       38       40       46       54       55       51       53
       50       52       62       64       46       56       71       59       57       65       82       68       76       70       80       59       62       70       77       82
       73       92       81       78       81       89       68       80       82       91       71       88       80       82       84       79       78       73       69       74
       76       71       79       70       69       81       68       75       89       58       68       61       44       50       67       59       67       51       55       47
       51       43       45       52       38       41       42       40       37       37       40       39       37       29       38       28       33       25       37       34
       31       26       35       28       24       33       38       35       32       27       38       36       37       43       39       42       54       46       38       41
       43       50       52       53       54       59       65       51       58       59       57       75       62       76       58       54       78       56       94       65
       60       67       77       81       80       79       70       67       84       71       94       78       74       82       85       82       73       66       79       57
       75       70       61       65       54       57       59       63       76       59       66       57       49       57       79       74       56       41       38       56
       54       52       50       58       42       38       34       42       38       39       47       30       27       31       40       29       29       27       36       31
