         100          10
    1 10 57 34 -13.0  33.0
      141      166      153      143       76
      246      345      319      204      123
      576      849      783      426      228
     1009     3196     2230      730      306
     1085     5256     3086      816      323
    2  6 56 57 -11.0 -13.0
      651     1197     1145      544      300
     1061     4523     3859      969      376
      899     3019     2577      851      343
      528      854      824      442      287
      272      388      348      251      182
    3  3 61 33 -21.0  35.0
      170      170      136      129       94
      328      302      272      217      132
      691      876      632      326      180
     1563     3407     1392      486      204
     2284    12895     1861      598      257
    4  5 64 35 -27.0  31.0
      174      142      125      122       83
      320      342      276      149      104
      735      820      497      273      151
     2090     3153      962      379      162
     2391     3516      934      392      183
    5  4 63 52 -25.0  -3.0
      529      649      425      247      128
     1483     2161      939      378      171
     2626     7918     1163      421      195
     1086     1469      795      342      195
      474      513      365      232      114
    6  1 50 66   1.0 -31.0
      427     1334     5090     1567      499
      457     1273     3912     1461      522
      323      588      900      649      344
      218      288      404      275      206
      126      143      151      132      122
    7  2 50 46   1.0   9.0
      210      285      389      320      230
      355      699     1039      788      378
      505     1495     5630     1745      531
      508     1430     4320     1594      532
      321      677      945      711      419
    8 10 59 55 -17.0  -9.0
      607     1038      781      381      202
     1325     4645     1913      635      261
     1389     5900     2123      636      256
      703     1149      863      411      183
      328      401      379      246      141
    9  1 44 41  13.0  19.0
      130      154      213      248      178
      172      288      507      548      345
      260      555     1442     1701      760
      264      683     2999     6475     1014
      261      561     1253     1456      704
   10  9 45 48  11.0   5.0
      221      341      453      461      354
      285      595     1228     1267      694
      340      930     4277     5353      995
      290      835     2280     2565      930
      230      445      762      739      496
   11  7 32 62  37.0 -23.0
       97      230      488     1297     2263
      107      254      622     2074    10543
      102      182      467     1018     1463
       86      161      250      446      493
       62       83      153      169      221
   12  6 70 49 -39.0   3.0
      545      443      270      144       82
     1731     1043      483      205      103
    19235     2062      642      289      134
     2766     1477      582      232      127
      767      550      322      190       95
   13  2 32 31  37.0  39.0
       41       68      101      150      114
       55      125      173      239      268
      114      167      287      545      595
      105      258      532     1277     2109
      133      299      662     2241    15243
   14  1 41 64  19.0 -27.0
      216      481     1374     3243     1163
      219      486     1660     6654     1525
      179      393      810     1073      742
      129      217      348      400      351
       94      127      160      206      171
   15  3 65 68 -29.0 -35.0
     4667     5824     1156      411      171
     2476     2762      966      388      172
      766      806      460      250      159
      341      334      256      177       87
      140      176      145       93       88
   16  5 33 51  35.0  -1.0
       92      183      294      514      553
      127      240      503     1263     1804
      117      234      665     2436     8352
      119      196      544     1162     1536
       75      171      302      477      500
   17  3 59 57 -17.0 -13.0
      815     1355     1008      509      251
     1711     8471     2494      698      266
     1389     4149     1993      605      271
      660      982      763      432      219
      311      379      376      224      127
   18  8 49 34   3.0  33.0
      112      136      157      132      112
      171      281      312      302      198
      284      602      774      629      355
      407     1104     3097     1564      547
      476     1290     6208     1985      617
   19  3 32 50  37.0   1.0
      117      176      337      549      577
      128      245      577     1282     2013
      117      274      737     2809    21753
      125      226      565     1493     2462
      102      183      347      552      749
   20  8 69 52 -37.0  -3.0
      628      529      327      183       83
     2301     1359      548      235      118
    11601     2191      626      252      116
     1507     1001      471      231      116
      515      425      257      169       99
   21  7 34 53  33.0  -5.0
      106      183      358      650      692
      134      244      652     1762     2370
      152      253      709     2731     5131
       97      241      495     1018     1237
       90      170      291      372      440
   22 10 58 36 -15.0  29.0
      160      170      172      143       86
      310      367      381      234      145
      646     1108      914      424      190
     1253     5094     2457      751      267
     1083     4069     2350      750      302
   23  5 37 33  27.0  35.0
       58       74      121      145      136
       87      152      170      243      296
      122      220      442      664      638
      154      296      827     2260     1747
      159      353     1029     4825     2826
   24  3 64 45 -27.0  11.0
      409      399      283      145      116
     1025     1057      582      294      161
     2858     4268     1191      412      215
     3267     4858     1211      455      206
     1063     1191      646      341      173
   25  7 64 62 -27.0 -23.0
     1550     1881      813      305      158
     2943     5900      997      354      180
     1138     1325      665      294      170
      417      453      372      214      109
      211      178      154       99       81
   26  9 61 41 -21.0  19.0
      231      242      229      173      109
      533      655      504      333      134
     1300     2268     1134      468      230
     2135    37658     1925      591      212
     1155     2045     1090      405      204
   27  7 52 56  -3.0 -11.0
      357      746      954      625      307
      547     1725     4809     1164      414
      612     1595     3669     1125      414
      339      688      918      620      309
      201      280      326      296      192
   28  6 39 40  23.0  21.0
      103      154      203      252      224
      156      285      484      596      458
      189      403      968     1960     1344
      221      527     1587    18736     2547
      208      434     1103     2266     1401
   29  2 67 51 -33.0  -1.0
      628      559      345      214      106
     1944     1549      577      261      133
     7116     3393      816      347      152
     1738     1425      572      284      132
      580      514      351      185      106
   30  4 32 62  37.0 -23.0
      126      284      528     1407     2336
      117      269      593     2175    10796
      109      229      521     1063     1504
       94      143      294      466      515
       61      101      158      211      226
   31  2 41 43  19.0  15.0
      114      196      273      353      253
      146      321      611      767      579
      205      514     1413     2854     1259
      233      579     1863    10004     1598
      204      409      930     1409      873
   32  5 31 31  39.0  39.0
       59       74       88       96      139
       75       97      164      181      236
       88      141      239      487      541
      103      196      405     1048     1831
      110      247      477     1785    23445
   33  9 38 66  25.0 -31.0
      208      428     1322     5302     2545
      202      426     1220     4408     2233
      160      303      628     1031      858
      118      167      290      418      386
       89      136      173      182      191
   34  5 57 41 -13.0  19.0
      212      245      246      166      115
      371      521      512      328      178
      703     1668     1386      577      254
     1031     5985     3005      719      285
      716     1492     1148      536      249
   35  7 31 50  39.0   1.0
       79      132      260      441      515
      113      217      393      931     1629
       96      227      543     1811    29510
      117      207      441     1030     1955
      106      146      266      484      613
   36 10 54 51  -7.0  -1.0
      364      585      662      490      229
      664     1617     1975      856      377
      832     3614     7770     1196      459
      599     1442     1745      748      354
      377      504      659      421      229
   37  2 66 45 -31.0  11.0
      366      382      239      176       85
      923      868      472      245      156
     3038     2759      840      327      142
     3625     3114      815      318      147
     1038      951      462      261      136
   38  2 42 32  17.0  37.0
       74       90      120      146      114
      114      180      225      297      212
      177      327      529      685      487
      241      470     1334     2449     1024
      270      638     2270    11611     1443
   39  1 33 63  35.0 -25.0
      109      206      573     1626     2468
      109      253      656     2447     6490
      114      204      479      955     1243
      107      142      227      406      420
       75       88      136      189      197
   40  3 53 35  -5.0  31.0
      120      161      177      134       87
      260      367      420      297      202
      491      882     1074      656      311
      737     2488     4839     1322      478
      746     2642     5711     1322      450
   41  7 66 65 -31.0 -29.0
     2827     2424      733      308      151
     3144     2739      714      265      147
      900      894      521      218      130
      359      321      275      158       86
      161      169      122      108       76
   42  9 62 58 -23.0 -15.0
      962     1456      811      390      208
     2447    10562     1465      474      200
     1739     3234     1181      430      227
      667      769      567      314      150
      280      337      256      174      108
   43  1 39 33  23.0  35.0
       76       95      131      138      140
       98      175      209      292      272
      125      272      528      739      558
      169      385     1003     2563     1446
      177      457     1283     8032     2011
   44  5 42 51  17.0  -1.0
      154      295      477      542      439
      218      465     1228     1805      933
      237      585     2056    12826     1370
      221      471     1075     1603      830
      172      291      458      503      369
   45  9 61 52 -21.0  -3.0
      531      686      558      327      148
     1431     2697     1211      505      216
     2119    18557     1944      588      224
     1094     1852      985      413      193
      422      534      443      287      159
   46  7 59 66 -17.0 -31.0
     1185     4821     1779      593      234
     1218     3694     1684      532      208
      556      823      660      378      204
      259      386      334      223      137
      131      171      149      120       86
   47  5 61 65 -21.0 -29.0
     1416     3829     1263      485      217
     1531     4709     1335      483      199
      711     1030      648      348      154
      295      405      303      205      120
      171      189      151      121       77
   48  8 68 53 -35.0  -5.0
      686      574      366      194      103
     2527     1746      590      245      109
     6606     2435      688      262      157
     1349      971      468      237      110
      444      395      279      146       69
   49  8 62 67 -23.0 -33.0
     1938     6312     1318      416      159
     1638     3259     1158      436      182
      648      844      540      332      143
      294      335      277      180      133
      134      166      128      105       77
   50  4 65 42 -29.0  17.0
      260      276      193      138      103
      646      677      417      229      123
     1771     2063      792      331      137
     3685     4640      928      370      159
     1239     1319      646      270      131
   51 10 39 67  23.0 -33.0
      222      476     1498     7865     2161
      172      461     1216     3634     1776
      152      316      609      902      673
      115      166      295      348      296
       82      107      146      147      159
   52  3 63 48 -25.0   5.0
      444      501      381      207      142
     1177     1523      812      374      162
     3023     9006     1542      497      193
     2080     3238     1167      464      205
      746      909      580      300      185
   53  6 36 35  29.0  31.0
       78      110      140      176      173
      111      163      268      375      377
      124      299      535      972      872
      167      372      974     3389     2977
      197      383      973     4063     3459
   54  7 45 59  11.0 -17.0
      245      533     1246     1309      616
      286      797     3630     4550      933
      277      594     1709     1838      765
      188      374      560      549      375
      122      198      231      258      202
   55  3 35 35  31.0  31.0
       56      104      148      185      197
       92      161      267      396      371
      135      242      546      898     1057
      189      383      919     3236     3794
      182      342      960     3554     4333
   56  2 65 36 -29.0  29.0
      189      180      165       94       70
      363      415      252      176       93
      910     1006      589      274      145
     3101     3517      883      371      174
     2701     3042      875      359      178
   57 10 58 36 -15.0  29.0
      160      170      172      143       86
      310      367      381      234      145
      646     1108      914      424      190
     1253     5094     2457      751      267
     1083     4069     2350      750      302
   58 10 37 50  27.0   1.0
      127      261      387      524      544
      166      344      752     1813     1424
      190      414     1204     7820     3599
      161      375      798     2020     1677
      141      252      440      663      591
   59  6 40 67  21.0 -33.0
      239      550     1804     8200     1940
      203      510     1489     3912     1607
      162      334      687      933      706
      132      214      312      368      323
       89      120      148      181      180
   60  3 54 54  -7.0  -7.0
      422      840      924      559      313
      826     2520     3592     1170      388
      904     3400     5942     1222      463
      551     1123     1307      701      317
      284      466      451      328      235
   61  7 50 42   1.0  17.0
      149      252      234      235      174
      292      468      611      490      266
      431     1019     2203     1182      450
      545     1531    14052     1774      555
      342      810     1403      933      419
   62  8 59 37 -17.0  27.0
      146      207      156      116       95
      351      379      370      221      123
      724     1149      850      395      185
     1378     6328     1933      603      262
     1286     3313     1592      527      239
   63  1 43 39  15.0  23.0
      105      159      190      209      175
      144      260      442      443      339
      222      487     1079     1326      707
      232      582     2418     8131     1305
      219      545     1429     2166      891
   64  7 56 58 -11.0 -15.0
      533     1141     1068      497      243
      911     4160     3343      859      290
      716     2048     1964      677      263
      415      669      645      410      198
      190      266      292      212      118
   65  7 38 56  25.0 -11.0
      131      286      574      929      769
      164      378     1027     4313     2057
      165      402     1033     3443     1968
      123      272      530      809      788
       89      180      247      314      299
   66  2 48 33   5.0  35.0
      100      136      157      138      112
      132      269      313      289      211
      259      528      792      623      355
      386     1047     2647     1666      626
      440     1253     7078     2551      703
   67  1 37 61  27.0 -21.0
      156      319      747     1751     1413
      170      383      995     6381     3221
      120      307      705     1547     1256
      129      204      368      566      473
       80      126      187      242      226
   68  9 32 58  37.0 -15.0
      101      220      459      962     1456
      138      243      674     2447    10562
      107      258      574     1739     3234
      112      210      339      667      769
       92      117      192      280      337
   69  3 38 32  25.0  37.0
       73       99      129      159      148
      119      184      237      299      279
      160      280      506      771      632
      190      413     1096     2636     1819
      186      481     1460    11032     3190
   70  9 47 45   7.0  11.0
      166      289      373      358      242
      279      570      921      877      421
      360     1042     3935     2599      775
      419     1058     4725     3003      760
      313      648     1067     1002      514
   71  2 44 64  13.0 -27.0
      305      681     2130     3007      982
      264      769     2827     4702     1032
      239      523     1078     1213      572
      167      262      375      468      315
      101      164      200      195      175
   72 10 32 70  37.0 -39.0
      142      268      702     2529    18713
      113      213      515     1352     2099
       82      176      305      564      608
       43      110      187      226      297
       55       72       98      118      127
   73  6 54 63  -7.0 -25.0
      707     2115     2758      985      371
      796     3441     6556     1182      420
      556     1231     1381      722      331
      353      521      563      359      219
      180      204      202      162      134
   74  4 52 32  -3.0  37.0
       99      146      131      121       97
      182      260      299      220      133
      327      555      711      486      265
      528     1407     2336     1060      423
      593     2175    10796     1293      431
   75 10 64 45 -27.0  11.0
      324      377      304      186      116
      871      969      589      304      147
     2656     3779     1057      357      168
     2806     4432     1141      389      179
      911     1073      626      296      141
   76  8 69 65 -37.0 -29.0
     3819     1738      589      232      122
     4877     1896      546      244      139
     1013      736      379      187       96
      369      347      227      135       68
      191      160      111       97       65
   77 10 51 41  -1.0  19.0
      181      255      284      228      153
      290      498      650      510      283
      516     1157     2222     1218      432
      625     2088    36502     1698      590
      435     1140     1891     1050      450
   78  5 69 66 -37.0 -31.0
     4412     1843      527      218      115
     3656     1677      598      267      100
      835      653      365      201      122
      372      316      190      138       85
      152      164      109       78       60
   79  5 43 46  15.0   9.0
      146      226      293      357      257
      192      389      781      922      609
      260      618     1961     4064     1047
      242      641     1895     3396      966
      187      385      779      886      572
   80  4 60 53 -19.0  -5.0
      541      713      540      315      154
     1255     2811     1289      515      239
     1555     9321     1802      539      240
      756     1324      884      418      186
      364      508      394      245      150
   81  9 67 49 -33.0   3.0
      517      511      335      185      103
     1635     1315      604      243      133
     7762     3752      811      310      162
     2460     1838      733      295      151
      742      666      412      211      108
   82  3 69 47 -37.0   7.0
      471      400      268      167      100
     1355     1008      509      251      109
     8471     2494      698      266      144
     4149     1993      605      271      152
      982      763      432      219      103
   83  2 38 31  25.0  39.0
       47       82      127      140      150
      100      139      212      242      250
      115      242      409      597      557
      168      343      850     2015     1457
      168      447     1289    10006     2703
   84  6 46 36   9.0  29.0
      124      160      196      174      155
      210      290      404      363      279
      312      569     1058     1030      541
      334      952     3944     3375      915
      386      896     3468     2992      887
   85  7 32 56  37.0 -11.0
      105      209      357      746      954
      104      212      547     1725     4809
      107      255      612     1595     3669
      107      182      339      688      918
       59      115      201      280      326
   86  2 40 66  21.0 -31.0
      228      505     1495     5630     1745
      235      508     1430     4320     1594
      173      321      677      945      711
      136      198      308      384      329
       63      132      160      178      160
   87  4 35 51  31.0  -1.0
       98      192      341      510      565
      119      283      695     1575     1714
      155      290      874     3951     4775
      125      276      633     1379     1490
       92      188      350      534      543
   88  9 63 39 -25.0  23.0
      218      214      207      148       97
      429      558      386      264      139
     1244     1618      765      401      194
     3139    10174     1323      444      211
     1806     2468     1071      425      197
   89  8 53 62  -5.0 -23.0
      520     1457     2136      865      376
      724     2586     7850     1157      440
      511     1120     1422      765      367
      288      462      483      376      210
      144      237      221      204      133
   90  2 52 36  -3.0  29.0
      127      181      186      161      121
      201      326      429      315      207
      420      820     1087      668      321
      632     1945     5295     1315      399
      594     1802     4146     1231      461
   91 10 34 46  33.0   9.0
       97      154      241      371      406
      115      220      453      956     1121
      156      294      776     2813     4525
      132      343      754     2539     3661
      121      224      489      847      984
   92  3 31 39  39.0  23.0
       75      118      162      205      234
       99      166      267      444      556
      124      254      482     1115     1757
      113      265      670     2234    22574
      116      243      538     1568     2946
   93 10 59 52 -17.0  -3.0
      537      709      572      360      193
     1109     2589     1448      570      245
     1598    13497     2448      652      310
      879     1618     1155      483      226
      401      528      477      311      167
   94  1 68 52 -35.0  -3.0
      623      556      283      181       94
     2095     1405      542      208      115
     8175     2512      595      252      127
     1464     1003      472      222      118
      463      431      283      177      120
   95  9 45 46  11.0   9.0
      178      256      433      411      296
      263      528     1005     1051      605
      338      895     3518     3995      959
      326      855     3061     3481      994
      248      510      930     1027      546
   96  3 60 54 -19.0  -7.0
      709      969      688      368      178
     1601     4233     1780      611      248
     1901     9267     2182      602      281
      929     1463      908      472      212
      396      504      414      269      181
   97  6 65 40 -29.0  21.0
      268      237      207      125       84
      551      591      405      228      110
     1629     1754      793      341      144
     4727     5937     1075      421      167
     1825     2001      786      348      186
   98  8 68 40 -35.0  21.0
      214      224      148      111       65
      509      454      296      174      106
     1638     1263      512      238      116
     9120     2706      688      286      126
     1977     1318      533      236      121
   99 10 50 56   1.0 -11.0
      356      732     1081      800      416
      512     1586     6164     1853      552
      491     1519     4742     1701      597
      350      656     1003      743      387
      166      299      377      299      221
  100  2 65 43 -29.0  15.0
      304      301      218      157      105
      707      682      402      218      155
     2095     2306      824      341      142
     3743     4460     1008      382      180
     1190     1258      639      317      151
