  3758497.8  4413550.5  4669828.5  4805895.5  4890168.5
  4068151.5  4834369.0  5143746.0  5310321.0  5414308.5
  4248099.5  5012032.5  5323704.0  5492679.0  5598647.0
  3324665.8  3981635.0  4243822.5  4383956.5  4471028.0
  3427232.5  3984813.0  4191433.2  4298323.5  4363534.5
  3373014.5  4129026.5  4463123.0  4651878.0  4773273.5
  3621606.2  4318187.5  4602010.5  4755652.5  4851897.0
  3892389.2  4515923.0  4753507.5  4878127.0  4954773.0
  3133720.0  3552044.2  3696443.0  3769056.0  3812684.0
  3971255.2  4748204.5  5074540.0  5254151.5  5367831.5
  3265216.5  3748854.8  3915015.8  3998274.0  4048184.2
  4065250.0  4785768.0  5075137.5  5230785.5  5327934.5
  4349991.5  4922892.5  5110181.0  5202295.5  5256982.5
  3360315.5  4002634.0  4259156.5  4396474.5  4481898.5
  4286812.0  4980399.5  5249082.5  5391136.0  5478910.0
  3132872.2  3638656.2  3819426.5  3911475.2  3967138.5
  4248567.0  4906602.0  5152611.0  5280533.5  5358824.0
  3393677.5  4077788.5  4356883.5  4507870.5  4602387.5
  4143923.0  4741787.5  4959910.0  5072191.5  5140530.0
  3357289.5  3829267.2  3986467.5  4064280.0  4110624.8
  3239579.2  3742023.8  3920464.5  4011111.2  4065858.5
  3672068.2  4165631.0  4338469.0  4425935.0  4478673.5
  3180938.2  3632162.5  3788352.0  3866910.8  3914108.2
  4173094.5  4756531.0  4963895.0  5069436.0  5133267.0
  3162933.8  3591267.0  3738250.0  3811959.5  3856177.8
  3609475.8  4082897.5  4243742.5  4324125.5  4372264.0
  3357451.5  4057447.0  4349513.5  4509246.5  4609882.0
  4000416.0  4715240.5  4999873.0  5152223.5  5247022.0
  3524799.8  3965639.0  4112107.0  4184671.2  4227926.0
  3479656.8  4042635.8  4241435.5  4342054.0  4402685.5
  3550777.0  4176482.8  4415658.5  4541139.0  4618303.5
  5110310.0  5588024.0  5756085.5  5841626.0  5893410.5
  4006506.0  4732328.5  5024173.0  5181178.5  5279176.0
  3181942.5  3786480.8  4022156.8  4146806.0  4223797.0
  3560647.8  4106272.2  4332745.0  4457106.0  4535779.0
  3875440.2  4610812.5  4904037.0  5060879.0  5158402.0
  3638795.8  4227785.5  4444795.5  4556770.5  4624982.0
  3482182.8  4054565.8  4269975.5  4382228.0  4450998.5
  3283085.2  3798236.5  3985459.2  4081520.0  4139859.0
  4186913.8  4835524.0  5083318.5  5213558.0  5293771.0
  3058820.2  3403146.0  3507674.8  3557780.5  3587144.2
  3951230.0  4555430.0  4783701.0  4903025.5  4976281.0
  3306128.2  3938776.5  4194019.5  4331434.0  4417220.0
  3166360.8  3709133.0  3907971.2  4010214.5  4072367.0
  3791633.2  4317533.5  4503806.0  4598483.0  4655703.0
  3338654.5  4023779.5  4307092.5  4461423.5  4558437.5
  3242303.0  3751879.8  3935017.5  4028486.0  4085077.0
  3324319.2  3762252.2  3909068.0  3982013.5  4025556.8
  3470676.8  4064597.0  4290801.5  4409245.0  4481995.5
  3379083.8  3926257.0  4125754.5  4228223.0  4290485.5
  3865024.0  4603521.0  4918546.0  5093528.5  5204934.0
  4184233.0  4808184.0  5038760.5  5158085.5  5230922.5
  3950603.8  4624750.0  4887542.0  5026818.0  5112987.0
  3233932.8  3751438.0  3941442.8  4039344.5  4098939.0
  4179882.2  4823136.0  5062875.5  5187384.5  5263534.5
  3626908.5  4257835.5  4498996.5  4625457.0  4703193.5
  3672068.2  4165631.0  4338469.0  4425935.0  4478673.5
  3757116.8  4394383.5  4638342.5  4766548.5  4845482.0
  3994187.5  4708022.5  4992247.5  5144375.5  5239032.5
  4184717.2  4851655.5  5105037.5  5237783.5  5319376.0
  3269533.5  3903565.2  4157154.5  4293030.5  4377608.0
  3431867.0  3996896.0  4206583.0  4315134.0  4381385.0
  3101683.2  3484079.2  3610900.5  3673701.0  3711126.8
  3245106.0  3772965.8  3968302.2  4069291.0  4130878.2
  3261166.8  3806384.5  4012734.2  4120549.0  4186701.2
  3562448.8  4215736.5  4470599.5  4605518.5  4688907.0
  3420920.2  4177185.5  4510946.0  4699363.5  4820482.0
  3923058.0  4526934.0  4754983.0  4874200.0  4947395.0
  4140794.5  4812378.0  5071904.5  5208952.0  5293572.5
  3877066.5  4434458.5  4638522.0  4743735.0  4807830.0
  3596262.8  4224324.5  4462186.5  4586369.0  4662511.0
  5846472.5  6557732.5  6815255.0  6947663.5  7028237.5
  3990741.8  4684660.0  4954733.5  5097640.5  5185956.0
  3464243.0  4148919.0  4432998.0  4588162.5  4685881.5
  3863521.5  4481839.0  4714492.5  4835774.0  4910097.5
  3407822.8  3976558.8  4188439.0  4298280.5  4365366.5
  3975460.8  4781637.0  5134271.5  5332842.5  5460361.5
  3291064.8  3881766.2  4107071.0  4225008.5  4297419.5
  3191000.8  3760088.0  3975845.0  4088559.2  4157698.2
  3380787.8  3919140.5  4113390.8  4212694.5  4272873.5
  3904984.2  4503834.5  4725024.0  4839464.0  4909310.0
  4260058.5  4909061.5  5151153.5  5276949.0  5353910.5
  3498843.5  4117876.0  4362441.0  4492850.0  4573817.0
  3947566.0  4641305.5  4915585.5  5061891.5  5152746.5
  3307780.2  3828301.8  4014837.0  4109920.5  4167450.2
  3678860.8  4378748.0  4661322.0  4813479.5  4908475.5
  3282195.8  3701264.5  3842021.0  3912044.2  3953876.2
  4003908.0  4729383.5  5023062.5  5181639.5  5280842.0
  3376619.0  4081630.8  4370665.0  4527412.0  4625679.0
  3617935.8  4298602.5  4573090.0  4720863.0  4813119.5
  3733904.2  4271110.0  4461515.5  4558266.5  4616723.0
  4331596.0  5041357.5  5319652.5  5467733.5  5559589.5
  3838491.8  4500102.0  4753757.0  4887010.5  4969014.0
  3225697.5  3705477.8  3873984.0  3959198.8  4010539.8
  3911470.2  4579134.5  4838613.5  4976009.0  5060981.5
  4263536.0  4952126.0  5215677.5  5354229.5  5439560.0
  3909144.0  4517553.5  4741198.5  4856586.5  4926889.0
  3369167.2  3899774.0  4092594.8  4191533.5  4251624.0
  3860198.5  4510124.5  4764909.0  4900359.0  4984321.5
  3587264.5  4194997.5  4421501.5  4538906.0  4610598.0
