   0.23638
   0.04440
   0.38182
   0.24800
   0.19760
   0.17883
   0.12483
   0.37528
   0.41676
   0.13624
   0.96740
   0.62473
   5.92363
   0.26011
   0.03697
   0.41834
   0.52865
   0.04484
   0.57930
   1.34534
   0.59344
   0.24903
   0.19069
   0.21628
   0.62777
   1.02488
   0.23202
   0.22229
   0.67795
   0.69564
   0.18852
   5.92746
   0.15078
   0.17712
   1.26385
   0.05388
   0.14658
   0.50443
   0.15724
   0.34659
   3.79704
   0.12685
   0.20845
   0.09612
   0.35650
   0.19726
   0.11160
   0.76757
   0.33849
   0.59069
   0.18661
   0.40900
   0.11631
   0.15472
   0.42522
   0.20736
   0.24903
   0.18491
   0.31097
   0.22197
   0.05833
   0.88852
   0.95380
   0.08955
   0.13670
   0.30669
   0.47541
   0.53974
   0.25816
   0.13081
   0.13591
   7.97999
   0.15973
   0.83293
   0.15636
   0.43580
   0.41467
   0.15282
   0.24420
   0.25686
   0.31703
   0.60401
   1.10684
   0.07072
   1.38653
   0.10221
   0.31916
   0.28553
   0.30385
   0.11431
   0.51035
   1.00748
   0.22710
   0.60506
   0.06316
   0.30979
   0.13629
   0.13187
   0.12463
   0.16947
