         100          25
    1 10 218 160 -17.5  40.5
    181997    206724    199069    167843    126204
    302522    353452    337942    265846    186894
    479058    642482    588153    410147    258431
    723014   1379884   1066698    562254    318527
    778978   1768436   1232873    584814    322123
    2  6 213 218 -12.5 -17.5
    232213    460592    457123    233861    105417
    378800   1433447   1448584    378687    131198
    335329    907393    924971    335942    126094
    176276    293477    294975    178408     90050
     90362    118768    116383     86770     58374
    3  3 227 156 -26.5  44.5
    186986    200558    183374    147784    111317
    324411    351993    311540    231584    161288
    545250    628640    516296    352145    217912
    915296   1346374    842249    470684    272371
   1107218   2873318    999103    511112    285516
    4  5 234 162 -33.5  38.5
    185053    189370    169660    135161     94489
    310588    319187    269840    197051    135494
    538213    579135    426112    277641    172041
   1014612   1297291    623084    345251    203298
   1083590   1439916    636980    347537    205889
    5  4 231 203 -30.5  -2.5
    532630    579199    474729    329829    214603
    924386   1159581    734442    433690    263253
   1290608   2703943    876977    478800    283474
    836493    994681    679445    421411    257251
    488880    522547    439391    313539    207285
    6  1 200 240   0.5 -39.5
    454119    881981   1909420    903125    467014
    441940    827707   1507402    864843    455985
    348863    518580    636280    526855    357512
    238337    316654    351983    320375    244501
    158567    193796    210363    195425    159436
    7  2 200 189   0.5  11.5
    292290    395661    441527    399914    296554
    426096    654670    819790    666116    436647
    539115   1025815   2122426   1078993    553581
    533761   1008648   1930708   1041827    546665
    421910    636444    779916    642075    429122
    8 10 221 211 -20.5 -10.5
    510746    666931    580757    395204    246437
    788027   1515711   1017630    526108    297350
    838317   1848659   1105428    542657    300968
    566534    751287    650607    425245    256584
    346265    408472    374269    285515    190199
    9  1 185 177  15.5  23.5
    167933    229212    280567    282795    242799
    239521    359563    474649    487459    387155
    305150    514736    880215    967098    584322
    334269    596852   1413795   1973888    706406
    303309    492622    805730    887490    565775
   10  9 186 195  14.5   5.5
    200970    326176    451345    463298    352567
    289136    554818    939489   1000532    605389
    349949    752371   2053959   2526905    853970
    326941    661445   1360623   1498703    750700
    242080    420975    619763    643641    454500
   11  7 155 228  45.5 -27.5
    189401    311510    513721    871942   1122650
    199500    335116    579960   1195038   2815758
    186484    305040    496432    791240    968673
    153953    239813    352063    471104    511904
    118008    175559    235252    288778    304048
   12  6 250 197 -49.5   3.5
    201284    165291     98822     57104     33217
    633842    397239    169841     78576     41096
   4740310    747240    222534     90994     43899
    923039    512571    193453     83307     41597
    272065    208532    115952     63709     36500
   13  2 155 153  45.5  47.5
     91913    122638    161057    193094    200696
    119983    183175    258546    326837    345667
    160033    256477    395892    550265    608731
    190308    324996    554633    966616   1266499
    201334    349771    622365   1360175   3324192
   14  1 176 234  24.5 -33.5
    263334    450471    837904   1374413    804533
    271000    468245    931990   2152079    908397
    235557    382730    596992    740651    591833
    182066    267624    359257    402074    357334
    126908    175319    219306    239308    219324
   15  3 236 244 -35.5 -43.5
   1533113   1853393    767541    412457    230424
   1157862   1249420    694822    390984    222751
    606918    624237    470899    305073    185717
    347373    353214    291523    208721    139993
    199210    201494    175072    136427    101138
   16  5 156 201  44.5  -0.5
    129631    199596    300540    409681    442705
    152648    254283    429237    724206    904176
    163651    279726    495698   1093680   2535192
    151987    254834    420201    715375    872911
    126883    197527    295628    404409    437064
   17  3 223 216 -22.5 -15.5
    630399    821844    684257    434224    261772
    955209   2117277   1115254    557517    310620
    878351   1581949    999960    534098    300676
    557157    703896    601032    404546    250078
    333632    384113    351194    264216    181055
   18  8 198 160   2.5  40.5
    134969    168306    181537    171515    142219
    211747    287438    326334    297053    225593
    314595    494876    619100    532428    343646
    419636    810349   1540637    931843    464813
    432219    889098   2195840   1042863    488106
   19  3 154 199  46.5   1.5
    136749    227937    343568    479499    532717
    168551    288260    504790    821900   1051119
    181590    325348    585761   1206340   3335897
    173068    298829    513721    884270   1150182
    142323    232320    362681    508770    567391
   20  8 246 205 -45.5  -4.5
    538916    486583    332370    204190    125429
   1219931    889129    471192    260288    148690
   2818099   1182080    521994    278515    154115
    881653    718356    423507    244833    143220
    434206    394196    286985    184923    116398
   21  7 159 206  41.5  -5.5
    178674    275438    416557    566108    599315
    207833    342817    576728   1019180   1201099
    216994    365359    637663   1367194   1989001
    198329    320671    513670    791831    859266
    163837    245116    357301    458404    474254
   22 10 219 165 -18.5  35.5
    202282    228501    220307    182865    135807
    335139    398196    374072    286745    197395
    535320    735455    651612    432588    266549
    779345   1733714   1147721    568645    316710
    768187   1473686   1106281    561395    312082
   23  5 168 158  32.5  42.5
     92162    125490    157395    175134    170778
    129341    187752    253408    296271    281502
    170511    267907    401769    525802    482480
    202833    343815    608075   1140504    898609
    208749    358557    676098   1713526   1126665
   24  3 235 186 -34.5  14.5
    378173    389076    318702    227287    148764
    663449    691226    507122    323767    195400
   1251060   1471544    736781    405173    230151
   1371098   1674054    773678    422525    233575
    729768    772918    549574    341304    203069
   25  7 234 228 -33.5 -27.5
    942593   1082304    672737    405325    241501
   1410150   2117017    796190    438344    257363
    848963    937155    626034    386353    236613
    488444    506147    414169    292053    191173
    293656    302450    263887    201897    140423
   26  9 227 176 -26.5  24.5
    250543    280506    245349    181345    122389
    487622    570412    465623    297333    172640
    934566   1354215    865449    437043    224889
   1398161   7406844   1215112    515749    251564
    906435   1315836    851771    437109    226610
   27  7 204 214  -3.5 -13.5
    430901    638400    740580    586856    386760
    546907   1048540   1778649    862788    476547
    538273   1012875   1643847    848300    467512
    428900    616080    709659    569427    377878
    294029    377508    406714    358269    266379
   28  6 171 175  29.5  25.5
     38236     56707     76400     92822     86498
     54316     93612    164012    232733    192442
     68781    153230    370814    725753    496895
     78117    186634    572819   3913298    970372
     70430    158566    383793    758591    534378
   29  2 241 202 -40.5  -1.5
    586136    563158    418968    276421    174686
   1148259   1047382    609592    361422    210613
   2357682   1692423    717605    394806    225070
   1056646    975784    594389    354211    207842
    554581    533926    407157    269359    173283
   30  4 153 229  47.5 -28.5
    187531    310758    517212    882663   1216924
    195930    333336    572871   1155888   3187862
    182682    298326    480739    775032    979260
    146834    234738    344705    464899    516908
    114346    169876    230035    289473    307638
   31  2 177 183  23.5  17.5
    186624    273415    354202    387268    346228
    257051    404665    594188    694660    572362
    312035    540461    983463   1557852    928295
    326234    574507   1165560   2735247   1055432
    284224    471500    741928    929282    704444
   32  5 153 152  47.5  48.5
     71990     94878    124129    148003    159112
     92615    140558    194966    242914    260198
    120143    191049    295148    404612    455428
    145811    242233    404043    696097    954547
    153068    260645    459358    969957   3377638
   33  9 170 238  30.5 -37.5
    217698    444715    956694   2300653   1410251
    218997    440796    957785   2309452   1416880
    181712    335685    585210    822371    714023
    133604    213391    319535    389885    357871
     98357    132524    175261    198556    187165
   34  5 217 177 -16.5  23.5
    223138    259037    249540    206627    150836
    356665    452323    424430    319314    214252
    544679    893512    795409    462702    273830
    669125   1969112   1254747    532026    297655
    521915    817354    736092    444079    272655
   35  7 152 200  48.5   0.5
    147908    228781    343018    471135    534705
    178023    286053    466406    776551   1025908
    189068    314232    543495   1076679   4228048
    182121    294087    480299    799727   1073662
    148920    235776    354677    489341    549536
   36 10 208 202  -7.5  -1.5
    357316    490791    526897    417088    281768
    517055    889790   1035661    644682    371931
    611362   1360898   2316102    795186    414131
    508444    837414    972167    624124    369859
    345761    468472    498290    397226    271654
   37  2 240 188 -39.5  12.5
    424345    416510    331796    228849    151904
    761816    739567    512394    320205    194071
   1636058   1442977    700480    389286    223889
   1642623   1456891    700773    391842    226585
    773393    744758    515824    325158    196620
   38  2 179 155  21.5  45.5
    125266    168324    199914    209596    191264
    183614    265073    338752    363957    318971
    257636    405917    567734    647564    527256
    322436    550311    980863   1369299    832030
    338898    609250   1278693   3197961   1016263
   39  1 157 231  43.5 -30.5
    174011    293183    507667    912588   1164483
    180377    311065    547849   1191857   2127395
    165783    272369    445582    701433    804346
    132730    208644    304988    402571    429511
    100670    147481    196592    240634    251458
   40  3 206 162  -5.5  38.5
    179649    220120    227566    202598    161088
    286651    373730    401536    340290    245791
    442444    649014    726195    551342    354850
    587500   1136620   1655487    830085    447138
    596872   1173902   1788385    846705    453215
   41  7 238 236 -37.5 -35.5
   1282907   1283192    671816    387460    231213
   1442934   1424728    688102    393524    235277
    735186    730048    515689    335054    205944
    424317    421257    344746    244551    165420
    256754    256253    220772    172653    120215
   42  9 229 220 -28.5 -19.5
    835721   1063905    717505    388319    205587
   1489784   3854502   1094023    478313    239268
   1128146   1680090    912340    442236    225716
    572521    666952    512676    315655    177671
    295309    324224    271876    191782    127476
   43  1 173 157  27.5  43.5
    104877    142370    174422    189875    180238
    150906    216229    285535    321795    296797
    202948    315761    467139    561935    491844
    244013    415190    751703   1254725    841203
    255261    440976    857815   2389122   1020346
   44  5 179 202  21.5  -1.5
    194337    296870    408360    459218    379735
    244867    415358    708903    947790    616993
    267922    470964   1009433   3036495    788923
    241204    400630    672172    850998    583842
    190131    285488    388701    432027    363015
   45  9 226 205 -25.5  -4.5
    532466    647478    522708    329522    186643
    999534   1612246    973349    475434    237297
   1309820   4804092   1255910    529907    259478
    802024   1124384    791797    428192    224173
    423816    493973    417905    277335    166373
   46  7 222 240 -21.5 -39.5
    866228   1887301   1069786    557034    327278
    828714   1547998   1010738    543223    319291
    553189    693984    609815    421299    268978
    350671    397688    370745    287584    203052
    219407    241216    229410    189739    141770
   47  5 228 236 -27.5 -35.5
    827866   1392731    730286    391011    228911
    895019   1738428    767271    398082    233743
    536897    648035    498553    323376    202024
    322569    349867    308026    229988    154845
    192717    208478    190445    153497    109928
   48  8 244 206 -43.5  -5.5
    552319    508912    348784    215345    132612
   1225291    956600    498529    273572    155996
   2345869   1269158    552549    293487    161777
    844674    719799    436255    253938    147087
    421067    395069    294975    190347    121787
   49  8 229 243 -28.5 -42.5
   1114694   2390654    865726    424453    229176
    936929   1417750    770420    400152    219915
    517356    600953    469232    300134    184448
    291504    317992    274142    201875    137275
    171251    179543    160775    130942     99195
   50  4 236 178 -35.5  22.5
    333105    337250    287808    213590    143765
    551497    566402    450107    304427    196674
   1022142   1086468    656369    391431    238947
   1610058   1964301    765486    431549    253647
    908545    951021    617865    381138    231352
   51 10 171 241  29.5 -40.5
    249456    441096    836754   1932772   1099880
    243158    430282    790489   1473180   1008661
    206966    336088    510320    658120    579856
    157587    230861    313855    364335    338483
    111395    152538    189691    209241    201122
   52  3 231 195 -30.5   5.5
    449198    479878    399244    277394    178929
    780369    920357    642834    391511    229817
   1282202   2421186    891117    459929    259316
   1005676   1291601    767926    433594    247228
    568753    627162    499282    329158    202468
   53  6 165 161  35.5  39.5
     27449     39042     51736     60292     59836
     39506     62802     97510    129057    124833
     52734     99613    204778    348206    325985
     63146    137113    374492   1164779    978731
     64422    145112    403061   1397820   1141967
   54  7 187 221  13.5 -20.5
    340435    545551    829028    853637    569015
    388682    688176   1572153   1724121    725451
    365051    612012   1060943   1102818    648333
    293524    433576    573902    583477    446613
    210765    286572    342138    344349    290324
   55  3 162 162  38.5  38.5
    104151    144751    190831    224139    224623
    139475    216559    311050    388589    394958
    183512    305544    491944    701618    704718
    211777    378427    682612   1354463   1447191
    213503    381742    693459   1444042   1515014
   56  2 236 163 -35.5  37.5
    242644    248225    215520    165250    117029
    417894    426797    350131    247797    165973
    733126    762246    550582    346630    211751
   1424778   1652456    775600    427981    246132
   1460332   1639999    784442    429572    246984
   57 10 219 164 -18.5  36.5
    198800    224047    215298    179878    133989
    327372    389642    364457    280682    195088
    526369    713278    637047    428593    264358
    772025   1672713   1145865    562194    313859
    775042   1535385   1127973    564213    312244
   58 10 167 198  33.5   2.5
    166765    260819    379274    474086    454347
    209356    351990    590373    903462    818269
    228406    407682    775002   2133872   1408737
    214562    375651    656295   1069304    942075
    177208    285389    421182    545772    512827
   59  6 174 242  26.5 -41.5
     85365    203890    633714   2422479    733011
     82553    197334    532520   1253482    625189
     63804    123792    240600    335596    261561
     46504     72404    105319    126184    111747
     32979     43352     54956     60508     54564
   60  3 208 209  -7.5  -8.5
    437814    621249    664538    508110    327711
    602181   1126125   1416541    758151    417476
    642587   1323709   1941213    830064    436241
    488101    749783    826983    592747    365260
    323393    422161    444173    370432    258907
   61  7 200 180   0.5  20.5
    244217    316479    348645    320531    248614
    359492    510779    600712    518449    366968
    471192    813808   1227490    841696    490576
    513277   1004516   2997417   1040486    527078
    443128    695482    919656    712965    451245
   62  8 221 167 -20.5  33.5
    191061    211870    203195    164131    120586
    324776    386334    356471    263176    173624
    556857    761694    644289    401175    234537
    829487   2167216   1131288    517914    276295
    760364   1486992    977540    491791    267276
   63  1 183 173  17.5  27.5
    155319    208099    254405    261642    227300
    220928    323104    426571    446677    367433
    284740    468548    768674    866039    573003
    318795    567123   1299125   2230560    744331
    299467    499816    865280   1029531    626820
   64  7 214 219 -13.5 -18.5
    550033    805136    791305    531842    335854
    717812   1647997   1514881    693309    389699
    654424   1174110   1125989    631644    369459
    464105    611769    601680    451147    297474
    302044    361255    355540    294881    214139
   65  7 169 214  31.5 -13.5
    227811    363362    552517    744510    668869
    261019    439868    790027   1664699   1151511
    262360    435120    782298   1536295   1121655
    227767    357431    539449    709848    639543
    177679    255565    345826    404878    383985
   66  2 194 157   6.5  43.5
    152705    195973    219109    211596    181699
    238628    324366    379540    359472    281380
    343773    522444    671930    611284    433182
    452622    800003   1415022   1114746    607808
    478493    915726   2450026   1418474    657889
   67  1 168 227  32.5 -26.5
    213584    358427    610211    991277    848676
    229210    398779    753120   2221646   1291676
    211627    352362    584786    887968    792175
    170277    264274    380334    466210    441542
    122818    179151    237470    271700    261359
   68  9 155 220  45.5 -19.5
    134811    250237    474933    850119   1060380
    151988    293225    622030   1554330   3648251
    144879    277661    550033   1152576   1665743
    122607    210545    371302    580440    666222
     95855    144527    220112    296932    323947
   69  3 169 154  31.5  46.5
    103315    135245    171998    192198    183381
    141914    213451    287659    334436    319151
    195265    314180    474009    592119    545897
    240007    420994    735695   1200622    980361
    257515    459254    877191   2456205   1368911
   70  9 191 186   9.5  14.5
    190442    288481    362083    351250    264182
    292144    508321    753131    708243    452077
    390319    815487   1875791   1534132    675569
    397125    855986   2237876   1738365    703486
    310528    561903    858443    799823    497688
   71  2 184 234  16.5 -33.5
    366301    642965   1218166   1499416    778293
    381261    683113   1478141   2044597    850755
    323469    528582    805689    873263    610522
    241301    355594    452955    474115    391631
    166627    223289    268238    274631    241558
   72 10 155 248  45.5 -47.5
    174479    308888    560102   1195857   2826025
    167739    286580    499087    867463   1130022
    142347    228757    354191    501356    551808
    110669    163023    231993    288876    311024
     85577    111750    144882    173268    181487
   73  6 209 232  -8.5 -31.5
    272739    764619    991811    377103    141203
    321374   1126137   1968321    462803    155624
    212011    437865    509084    274326    123270
    111588    165772    178452    127777     77718
     59881     74742     76441     62819     48194
   74  4 203 153  -2.5  47.5
    161623    194498    205076    191311    152799
    251493    317449    341943    306872    239771
    373599    521530    582682    493301    346167
    508631    867971   1175301    779428    458358
    576041   1154896   3481058    972363    509730
   75 10 233 187 -32.5  13.5
    357135    369164    313318    225467    150852
    612523    669414    505188    319663    195183
   1121477   1477332    740513    397285    228322
   1190967   1664302    753554    405810    231394
    656656    724199    525502    329395    202592
   76  8 247 236 -46.5 -35.5
   1595275    980209    480939    264466    149758
   2041936   1068966    496448    269571    148841
    736897    610633    382838    226348    136352
    374631    345482    256166    169915    108822
    208497    196157    158962    117992     84443
   77 10 201 177  -0.5  23.5
    211236    271950    299241    272202    208628
    320591    457967    535838    454253    317296
    445675    774179   1071537    750242    431995
    510146   1030116   4168881    990657    492511
    432617    734390    999027    717708    422628
   78  5 246 239 -45.5 -38.5
   1593990    944808    462118    268188    156999
   1426951    904692    461724    268439    158480
    588610    518799    353609    225166    139402
    327578    306071    239786    166585    109538
    195407    186468    154058    114165     84398
   79  5 181 189  19.5  11.5
    172861    246398    315017    336399    286557
    230348    366452    537650    621491    471685
    273742    477410    971281   1518511    702805
    272586    472208    923678   1412052    677399
    228525    355403    529057    589607    450787
   80  4 225 208 -24.5  -7.5
    551276    663573    559988    391310    251820
    884293   1437588    898761    510492    307089
   1017224   2486659   1041258    537671    316454
    686282    870995    692455    446293    279673
    420708    476955    425107    318000    218246
   81  9 242 198 -41.5   2.5
    511729    479855    338954    206134    124755
   1135432    997084    548526    284918    153468
   3175322   1897535    705771    337718    169242
   1381737   1175118    605263    303052    160375
    596697    557905    380411    222070    130296
   82  3 246 193 -45.5   7.5
    460736    422677    313064    208356    129238
    869176    728143    467925    279425    164392
   2268246   1217950    587686    326235    180708
   1420424   1012091    553661    314655    176948
    660664    587834    405067    252224    154096
   83  2 169 152  31.5  48.5
    106827    140813    177918    198010    191370
    148868    220508    293798    339763    322436
    206168    322892    476803    596110    553228
    255779    432065    738114   1188987    981024
    275514    480208    925261   2910150   1480959
   84  6 189 164  11.5  36.5
     41145     55595     66330     67609     54198
     64713    105179    143040    141138     98342
    100209    217148    393232    381210    200932
    137067    372776   1281081   1172414    343362
    138005    369897   1154826   1071755    339313
   85  7 155 214  45.5 -13.5
    175234    279517    440440    645296    741847
    196686    328087    557360   1087889   1744083
    197130    326733    551040   1046071   1599839
    174963    279341    432644    625325    706899
    136016    210918    296904    380825    403933
   86  2 174 239  26.5 -38.5
    300365    523754    995265   2098090   1108527
    299371    522443    981743   1912629   1072532
    254293    415279    629659    779675    652585
    189599    284671    380706    427576    390249
    132148    185149    230536    248249    232316
   87  4 161 202  39.5  -1.5
    179606    282232    416745    541647    553470
    215808    357603    594751    995115   1058081
    230245    392690    694160   1620984   1988615
    215911    354280    580480    931270    973399
    183114    274409    399889    516602    530337
   88  9 232 172 -31.5  28.5
    235140    249514    213880    156714    108168
    465365    499724    390464    249350    148518
    940187   1115321    703620    369756    193401
   1738293   3540895    995554    447526    220420
   1155735   1488660    809225    398095    205676
   89  8 208 229  -7.5 -28.5
    505003    925301   1130657    635057    346483
    579249   1369220   2382938    774973    383051
    467691    786549    893066    576271    330209
    304663    417812    446014    353924    238473
    189871    235748    244759    209031    161406
   90  2 203 165  -2.5  35.5
    197889    245740    261553    237398    189374
    310477    415295    453357    396529    289078
    454641    698923    840272    647259    416832
    581254   1132120   2216603    989355    514566
    570337   1086115   1803380    948251    505488
   91 10 160 189  40.5  11.5
    133907    201937    292728    375355    384507
    166901    278635    450950    665499    700875
    193963    340100    611018   1261103   1505576
    192612    340984    612777   1210958   1448788
    168075    278037    443416    644153    674351
   92  3 153 171  47.5  29.5
    101465    147949    206650    260798    279542
    132660    214079    321715    445308    492136
    162318    276698    469869    760042    962618
    175872    315180    567131   1151673   2975452
    170881    295474    520031    925957   1282810
   93 10 222 204 -21.5  -3.5
    456128    559889    498607    347415    222424
    734292   1161994    857594    484510    282553
    897857   2889641   1132109    540141    300127
    658288    929250    741999    453735    269615
    403432    475446    431104    315863    206592
   94  1 245 203 -44.5  -2.5
    506966    466734    337321    225361    141196
   1048521    829986    474190    283299    168283
   2569093   1181734    542616    305612    176445
    877587    737800    454462    272663    164170
    456836    426882    318975    212619    134532
   95  9 187 189  13.5  11.5
    182878    291868    386886    393540    300435
    275089    500768    791473    813361    526109
    355438    743501   1836605   1969188    793267
    348202    722435   1720437   1819995    779020
    269140    484290    756279    765869    508623
   96  3 225 208 -24.5  -7.5
    557478    668534    546573    375483    232127
    897670   1449704    920485    501215    286006
   1024409   2468623   1060546    535509    297906
    685085    864542    687303    431657    256464
    402984    461230    408764    299832    194211
   97  6 237 174 -36.5  26.5
     86934     89458     70457     48398     33272
    206104    208208    139061     76538     45103
    603119    609217    280214    117122     57985
   1527791   1807716    415645    138803     64187
    675089    724535    308104    120922     57030
   98  8 245 174 -44.5  26.5
    246912    236371    188736    135349     93550
    460660    422505    304924    195149    121238
    957488    784029    448835    254681    147982
   2950362   1267930    542425    287675    159568
   1091898    847429    469083    262972    152235
   99 10 199 214   1.5 -13.5
    366977    569186    724182    599373    386407
    468659    886953   1816046    980515    500554
    467933    882225   1690360    961003    497654
    367563    558951    700690    586808    384227
    247181    335203    381019    345038    258044
  100  2 237 181 -36.5  19.5
    363884    362429    300943    219117    144631
    627593    637033    476273    313778    194504
   1203176   1276681    704095    405477    233697
   1770186   1958896    785950    427580    247389
    899001    929149    610681    371982    221744
